1 0.16106354166666667 0.48075509259259264 0.15777552083333332 0.4703351851851852 0.15725130208333335 0.4685560185185185 0.15467812500000003 0.4676240740740741 0.15215260416666665 0.46787824074074075 0.14972239583333333 0.4691490740740741 0.14700625 0.4711824074074074 0.144909375 0.4739777777777778 0.14347994791666666 0.4776203703703704 0.14762578125 0.4897347222222222 0.14895989583333333 0.5039666666666667 0.15067526041666665 0.506 0.15301041666666665 0.506 0.15644114583333335 0.5059152777777778 0.16001510416666667 0.5036277777777778 0.1635890625 0.5000699074074074 0.16611458333333334 0.49710462962962965 0.16697239583333331 0.49227592592592595 0.16716302083333331 0.49024305555555553
1 0.6053223958333334 0.38505370370370373 0.6053861979166667 0.3697240740740741 0.60730234375 0.36620416666666666 0.6090270833333334 0.36472777777777776 0.6114541666666666 0.3634787037037037 0.6136895833333333 0.3638194444444445 0.61624453125 0.36540925925925927 0.6182247395833333 0.3674532407407407 0.6187994791666667 0.3691564814814815 0.618671875 0.38300972222222224 0.6211627604166666 0.39538657407407407 0.6212268229166666 0.39822546296296296 0.6206518229166667 0.40026944444444446 0.6196299479166666 0.4020861111111111 0.6169471354166667 0.40413009259259264 0.6145838541666666 0.4056064814814815 0.61202890625 0.4062875 0.60889921875 0.40594722222222224 0.6064083333333333 0.40378935185185183 0.6037255208333333 0.40061018518518515 0.6030229166666667 0.39890694444444447 0.6029591145833333 0.3956138888888889
1 0.79591875 0.480437037037037 0.7978348958333333 0.4640856481481481 0.7984736979166667 0.4618143518518519 0.7996872395833333 0.4597703703703704 0.80141171875 0.4586351851851852 0.8040307291666667 0.4579537037037037 0.8085018229166666 0.4577263888888889 0.8113760416666668 0.45886203703703704 0.8144419270833333 0.4610194444444445 0.8170606770833333 0.46453981481481477 0.81776328125 0.46726481481481486 0.8159747395833333 0.48679583333333337 0.8181466145833334 0.5024657407407408 0.8175078125 0.5058722222222222 0.8166135416666667 0.5085976851851851 0.8129729166666666 0.5109824074074074 0.8100346354166666 0.5122314814814816 0.8060106770833334 0.5126856481481482 0.8031364583333332 0.5121175925925926 0.79930390625 0.5114365740740741 0.7964934895833333 0.5105282407407408 0.7937471354166666 0.5079162037037037 0.7915114583333334 0.5043962962962963 0.78985078125 0.5009898148148147 0.78991484375 0.49622037037037037
2 0.19184583333333333 0.5055439814814814 0.19625885416666666 0.5060712962962963 0.20016953124999998 0.5035435185185185 0.2014140625 0.4994361111111111 0.1967921875 0.4795296296296297 0.19554791666666665 0.475737962962963 0.19270390624999997 0.4744740740740741 0.18968203125 0.4766856481481482 0.18790442708333333 0.48174120370370366 0.19039296875 0.4953282407407408
2 0.8504927083333332 0.5062393518518519 0.85284609375 0.5114064814814815 0.85817890625 0.5139342592592593 0.8633338541666667 0.5139342592592593 0.8667111979166666 0.5000314814814815 0.8709776041666667 0.47822962962962967 0.8700888020833334 0.4731736111111111 0.8652893229166666 0.4693819444444444 0.8603119791666667 0.4706458333333333 0.8572901041666667 0.4753856481481482 0.8526684895833333 0.4927643518518519 0.8508908854166666 0.5054032407407407
2 0.6478921875 0.4054171296296296 0.64984609375 0.4090310185185185 0.6535791666666667 0.4090310185185185 0.65748984375 0.40650324074074073 0.6594450520833333 0.37869768518518515 0.6583786458333333 0.37585370370370375 0.6562455729166667 0.3742740740740741 0.6532236979166667 0.3742740740740741 0.6509127604166667 0.3761699074074074 0.6473575520833333 0.40113194444444444
0 0.8130208333333333 0.39351851851851855 0.8125 0.4013888888888889 0.8135416666666667 0.4041666666666667 0.83125 0.43194444444444446 0.8395833333333333 0.44074074074074077 0.8442708333333333 0.4546296296296296 0.84375 0.4597222222222222 0.8455729166666667 0.46574074074074073 0.8489583333333334 0.46944444444444444 0.8549479166666667 0.47129629629629627 0.8716145833333333 0.4837962962962963 0.8799479166666667 0.4935185185185185 0.8830729166666667 0.4935185185185185 0.8864583333333333 0.49027777777777776 0.91015625 0.48564814814814816 0.9252604166666667 0.4842592592592593 0.93359375 0.4861111111111111 0.9484375 0.5 0.95703125 0.5125 0.9596354166666666 0.5222222222222223 0.96015625 0.5347222222222222 0.9671875 0.5333333333333333 0.9776041666666667 0.524074074074074 0.9997395833333333 0.48148148148148145 0.9997395833333333 0.3472222222222222 0.98203125 0.337037037037037 0.9635416666666666 0.32916666666666666 0.9338541666666667 0.3226851851851852 0.903125 0.32175925925925924 0.8802083333333334 0.32592592592592595 0.8604166666666667 0.33611111111111114 0.8497395833333333 0.34444444444444444 0.83984375 0.362962962962963 0.8393229166666667 0.37592592592592594 0.84296875 0.3888888888888889 0.8390625 0.39490740740740743 0.83125 0.39444444444444443 0.8190104166666666 0.387037037037037 0.8143229166666667 0.38935185185185184
0 0.6572916666666667 0.5523148148148148 0.6557291666666667 0.5814814814814815 0.6572916666666667 0.5861111111111111 0.6575520833333334 0.5921296296296297 0.6643229166666667 0.6138888888888889 0.67265625 0.6236111111111111 0.6786458333333333 0.6351851851851852 0.6833333333333333 0.6402777777777777 0.69609375 0.6393518518518518 0.69921875 0.6416666666666667 0.7026041666666667 0.6402777777777777 0.7080729166666667 0.6504629629629629 0.7059895833333333 0.6541666666666667 0.7065104166666667 0.6611111111111111 0.71640625 0.6990740740740741 0.7296875 0.7236111111111111 0.74375 0.7416666666666667 0.7588541666666667 0.7550925925925925 0.771875 0.7638888888888888 0.7856770833333333 0.7703703703703704 0.803125 0.7731481481481481 0.8177083333333334 0.7726851851851851 0.8309895833333333 0.7699074074074074 0.84765625 0.7606481481481482 0.86328125 0.7412037037037037 0.8705729166666667 0.7208333333333333 0.8831518229166666 0.6675967592592593 0.9021901041666667 0.6495958333333333 0.9115067708333334 0.6315953703703704 0.91677265625 0.6063939814814815 0.9285197916666666 0.599913888888889 0.9451276041666666 0.5847930555555556 0.9536341145833334 0.5660722222222222 0.9575520833333333 0.5291666666666667 0.9560645833333333 0.5228703703703704 0.95390625 0.5120370370370371 0.9528645833333333 0.5101851851851852 0.93984375 0.4949074074074074 0.9286458333333333 0.48703703703703705 0.9155575520833333 0.4854287037037037 0.8920635416666667 0.48902916666666674 0.876265625 0.4911888888888889 0.8505208333333333 0.4726851851851852 0.83515625 0.4638888888888889 0.82578125 0.46064814814814814 0.8135416666666667 0.4597222222222222 0.79296875 0.4537037037037037 0.77890625 0.4532407407407407 0.7645833333333333 0.4550925925925926 0.74765625 0.4601851851851852 0.7208333333333333 0.4791666666666667 0.7130208333333333 0.48703703703703705 0.7046875 0.5009259259259259 0.7015625 0.5083333333333333 0.69765625 0.5236111111111111 0.6854166666666667 0.5314814814814814 0.6747395833333333 0.5324074074074074 0.66328125 0.5365740740740741
0 0.5075520833333333 0.44166666666666665 0.5083333333333333 0.4773148148148148 0.5114583333333333 0.4861111111111111 0.51640625 0.4949074074074074 0.5291666666666667 0.5106481481481482 0.5341145833333333 0.5111111111111111 0.5494791666666666 0.5069444444444444 0.5528645833333333 0.5078703703703704 0.5559895833333334 0.5175925925925926 0.5580729166666667 0.549074074074074 0.5744791666666667 0.5847222222222223 0.5815104166666667 0.5851851851851851 0.5838541666666667 0.5787037037037037 0.5955729166666667 0.5722222222222222 0.6046875 0.5634259259259259 0.61328125 0.5643518518518519 0.61640625 0.5675925925925925 0.6190104166666667 0.5768518518518518 0.6231770833333333 0.6074074074074074 0.6268229166666667 0.6106481481481482 0.63359375 0.6046296296296296 0.6458333333333334 0.5995370370370371 0.6536458333333334 0.5893518518518519 0.6541666666666667 0.5814814814814815 0.6533854166666667 0.5782407407407407 0.6557291666666667 0.55 0.65859375 0.5402777777777777 0.6666666666666666 0.5310185185185186 0.67345390625 0.5308944444444444 0.6746692708333334 0.49921296296296297 0.6786458333333333 0.4875 0.6856770833333333 0.47962962962962963 0.7041666666666667 0.4777777777777778 0.7104166666666667 0.4703703703703704 0.7213541666666666 0.44907407407407407 0.7239583333333334 0.4356481481481482 0.72421875 0.4134259259259259 0.7236979166666667 0.4074074074074074 0.7208333333333333 0.399537037037037 0.7171875 0.39305555555555555 0.71328125 0.38981481481481484 0.6916666666666667 0.3902777777777778 0.67734375 0.3962962962962963 0.6598958333333333 0.38333333333333336 0.6580729166666667 0.3763888888888889 0.6552083333333333 0.37453703703703706 0.6199846354166667 0.3696074074074074 0.6015625 0.37222222222222223 0.5817708333333333 0.37777777777777777 0.5666666666666667 0.38842592592592595 0.5518229166666667 0.40555555555555556 0.5471354166666667 0.4148148148148148 0.5255208333333333 0.425462962962963 0.515625 0.4263888888888889 0.5104166666666666 0.43194444444444446
0 0.36171875 0.6263888888888889 0.35989583333333336 0.6407407407407407 0.36015625 0.6472222222222223 0.36614583333333334 0.6685185185185185 0.36953125 0.675 0.37213541666666666 0.6787037037037037 0.38671875 0.6898148148148148 0.40130208333333334 0.6893518518518519 0.4049479166666667 0.6861111111111111 0.41119791666666666 0.6916666666666667 0.41770833333333335 0.7064814814814815 0.42942708333333335 0.7240740740740741 0.4317708333333333 0.7416666666666667 0.4401041666666667 0.7722222222222223 0.44453125 0.7828703703703703 0.45364583333333336 0.7972222222222223 0.4671875 0.8092592592592592 0.47734375 0.8148148148148148 0.5015625 0.8162037037037037 0.5153645833333333 0.8125 0.5268229166666667 0.8041666666666667 0.5330729166666667 0.7986111111111112 0.5473958333333333 0.7787037037037037 0.5546875 0.7648148148148148 0.5627604166666667 0.7393518518518518 0.5658854166666667 0.7050925925925926 0.56484375 0.6851851851851852 0.5692708333333333 0.663425925925926 0.57109375 0.6601851851851852 0.5778645833333333 0.6555555555555556 0.5856770833333333 0.6583333333333333 0.5885416666666666 0.6578703703703703 0.5916666666666667 0.6537037037037037 0.5986979166666667 0.6574074074074074 0.6041666666666666 0.6481481481481481 0.6135416666666667 0.6370370370370371 0.61953125 0.6157407407407407 0.621875 0.6013888888888889 0.61875 0.5777777777777777 0.6161458333333333 0.5680555555555555 0.6135416666666667 0.5652777777777778 0.60703125 0.5638888888888889 0.6020833333333333 0.5662037037037037 0.5966145833333333 0.5726851851851852 0.5869791666666667 0.5777777777777777 0.58203125 0.586574074074074 0.5752604166666667 0.587037037037037 0.5700520833333333 0.5796296296296296 0.565625 0.5657407407407408 0.5606770833333333 0.5564814814814815 0.5502604166666667 0.55 0.5377604166666666 0.537962962962963 0.5158854166666667 0.5263888888888889 0.49609375 0.5254629629629629 0.4822916666666667 0.5282407407407408 0.46510416666666665 0.5347222222222222 0.44609375 0.5467592592592593 0.4388020833333333 0.5537037037037037 0.43072916666666666 0.5638888888888889 0.41458333333333336 0.5986111111111111 0.4088541666666667 0.6148148148148148 0.40260416666666665 0.6180555555555556 0.38984375 0.6175925925925926 0.3846354166666667 0.6092592592592593 0.3731770833333333 0.6069444444444444 0.36953125 0.6083333333333333 0.36614583333333334 0.6125
0 0.28020833333333334 0.5189814814814815 0.2799479166666667 0.524074074074074 0.2825520833333333 0.5430555555555555 0.28984375 0.5546296296296296 0.29661458333333335 0.5615740740740741 0.30234375 0.5657407407407408 0.3143229166666667 0.5643518518518519 0.32109375 0.5615740740740741 0.33307291666666666 0.5722222222222222 0.3359375 0.5826388888888889 0.33671875 0.5939814814814814 0.3359375 0.6032407407407407 0.3372395833333333 0.6143518518518518 0.3455729166666667 0.6259259259259259 0.35130208333333335 0.6375 0.35911458333333335 0.6421296296296296 0.3606770833333333 0.6375 0.3625 0.6194444444444445 0.3653645833333333 0.6129629629629629 0.37083333333333335 0.6069444444444444 0.37734375 0.6060185185185185 0.38203125 0.6078703703703704 0.38645833333333335 0.6106481481481482 0.390625 0.6171296296296296 0.40520833333333334 0.6162037037037037 0.40729166666666666 0.6138888888888889 0.41328125 0.5981481481481481 0.42526041666666664 0.575462962962963 0.43020833333333336 0.562962962962963 0.44539947916666667 0.5460148148148148 0.44782994791666664 0.5287342592592593 0.4692986979166667 0.522974074074074 0.48072916666666665 0.4962962962962963 0.48385416666666664 0.4810185185185185 0.48411458333333335 0.47314814814814815 0.48151041666666666 0.45601851851851855 0.47734375 0.4527777777777778 0.4734375 0.4550925925925926 0.46979166666666666 0.4601851851851852 0.4669270833333333 0.4726851851851852 0.4630208333333333 0.4722222222222222 0.45416666666666666 0.4759259259259259 0.44947916666666665 0.4708333333333333 0.44140625 0.4527777777777778 0.43072916666666666 0.4449074074074074 0.41640625 0.43842592592592594 0.39505208333333336 0.43796296296296294 0.3723958333333333 0.44583333333333336 0.3463541666666667 0.462037037037037 0.3375 0.47175925925925927 0.32395833333333335 0.5 0.31354166666666666 0.5115740740740741 0.30052083333333335 0.5041666666666667 0.28984375 0.5032407407407408 0.28463541666666664 0.5078703703703704
0 0.09088541666666666 0.6916666666666667 0.08854166666666667 0.7037037037037037 0.09114583333333333 0.7157407407407408 0.09781015625 0.7302583333333333 0.107615625 0.7401694444444444 0.11434479166666667 0.7470046296296297 0.12083333333333333 0.7481481481481481 0.1203125 0.7560185185185185 0.12161458333333333 0.7689814814814815 0.12447916666666667 0.7791666666666667 0.12890625 0.788425925925926 0.13802083333333334 0.7972222222222223 0.1515625 0.8027777777777778 0.15911458333333334 0.8087962962962963 0.16328125 0.8199074074074074 0.18020833333333333 0.8523148148148149 0.18880208333333334 0.8625 0.19583333333333333 0.8671296296296296 0.20546875 0.8699074074074075 0.22109375 0.8699074074074075 0.25234375 0.8541666666666666 0.2630208333333333 0.8435185185185186 0.27838541666666666 0.825 0.29375 0.7962962962962963 0.30104166666666665 0.7768518518518519 0.3059895833333333 0.7546296296296297 0.3078125 0.7199074074074074 0.3138020833333333 0.7143518518518519 0.3223958333333333 0.6958333333333333 0.33177083333333335 0.6657407407407407 0.33645833333333336 0.6481481481481481 0.3372395833333333 0.6402777777777777 0.3341145833333333 0.6282407407407408 0.328125 0.6226851851851852 0.3229166666666667 0.6300925925925925 0.31223958333333335 0.6370370370370371 0.309375 0.6398148148148148 0.30703125 0.6453703703703704 0.30078125 0.6444444444444445 0.29973958333333334 0.6407407407407407 0.30078125 0.6356481481481482 0.2986979166666667 0.6152777777777778 0.29661458333333335 0.6083333333333333 0.29140625 0.5990740740740741 0.28359375 0.5912037037037037 0.27578125 0.586574074074074 0.2596354166666667 0.5810185185185185 0.2513020833333333 0.5810185185185185 0.21666666666666667 0.5944444444444444 0.1859375 0.6148148148148148 0.15963541666666667 0.6453703703703704 0.15078125 0.6611111111111111 0.13854166666666667 0.6782407407407407 0.131071875 0.6680583333333334 0.12030494791666667 0.6642990740740741 0.10833333333333334 0.6675925925925926 0.1 0.674537037037037
0 0.06785416666666667 0.5509615740740741 0.06939218750000001 0.5653152777777777 0.075 0.5763888888888888 0.0765625 0.5847222222222223 0.08151041666666667 0.5916666666666667 0.13411458333333334 0.6472222222222223 0.14088541666666668 0.6648148148148149 0.14765625 0.6615740740740741 0.15677083333333333 0.6476851851851851 0.18020833333333333 0.6185185185185185 0.18541666666666667 0.6138888888888889 0.23046875 0.5856481481481481 0.24505208333333334 0.5810185185185185 0.2484375 0.5671296296296297 0.2552083333333333 0.5532407407407407 0.26458333333333334 0.5254629629629629 0.2677083333333333 0.5148148148148148 0.2682291666666667 0.5083333333333333 0.26171875 0.48703703703703705 0.25859375 0.4842592592592593 0.24453125 0.4842592592592593 0.24027786458333333 0.4861111111111111 0.23580729166666667 0.48356481481481484 0.2328125 0.475 0.22942708333333334 0.4703703703703704 0.22109375 0.4652777777777778 0.20963541666666666 0.462037037037037 0.19609375 0.462037037037037 0.17291666666666666 0.4699074074074074 0.16197916666666667 0.47638888888888886 0.14918151041666666 0.48466064814814813 0.14166666666666666 0.4912037037037037 0.13255208333333332 0.4981481481481482 0.11145833333333334 0.5203703703703704 0.0953125 0.5199074074074074 0.08932291666666667 0.5231481481481481 0.08333333333333333 0.5291666666666667 0.07477578125 0.541050925925926
0 0.0036458333333333334 0.611574074074074 0 0.6129629629629629 0 0.887962962962963 0.0018229166666666667 0.887962962962963 0.00703125 0.8800925925925925 0.03619791666666667 0.8518518518518519 0.05755208333333333 0.825 0.07213541666666666 0.7962962962962963 0.08203125 0.7722222222222223 0.08307291666666666 0.7578703703703704 0.07916666666666666 0.7273148148148149 0.07708333333333334 0.7236111111111111 0.07766927083333333 0.716087962962963 0.08567708333333333 0.6995370370370371 0.0875 0.6837962962962963 0.08567708333333333 0.6763888888888889 0.078125 0.6638888888888889 0.07630208333333334 0.6574074074074074 0.07083333333333333 0.6513888888888889 0.06510416666666667 0.6504629629629629 0.052083333333333336 0.6259259259259259 0.050520833333333334 0.6208333333333333 0.04479166666666667 0.6138888888888889 0.032552083333333336 0.6092592592592593 0.014583333333333334 0.6092592592592593
0 0.010677083333333334 0.5041666666666667 0 0.5064814814814815 0 0.6101851851851852 0.014583333333333334 0.6074074074074074 0.03359375 0.6069444444444444 0.04921875 0.6171296296296296 0.05260416666666667 0.6231481481481481 0.05390625 0.6310185185185185 0.05755208333333333 0.6370370370370371 0.06067708333333333 0.6398148148148148 0.06328125 0.6370370370370371 0.06640625 0.6162037037037037 0.06432291666666666 0.6018518518518519 0.06328125 0.600925925925926 0.06051744791666667 0.5895763888888889 0.06716979166666667 0.5750226851851852 0.06537890625000001 0.5481893518518518 0.05703125 0.5361111111111111 0.04869791666666667 0.5300925925925926 0.03984375 0.5097222222222222 0.028385416666666666 0.5046296296296297