1 0.15156067708333334 0.36122916666666666 0.147278125 0.34473287037037037 0.14680208333333333 0.3392337962962963 0.14918151041666666 0.33246620370370367 0.15298828125 0.32696712962962965 0.15798489583333333 0.3244291666666667 0.16321927083333332 0.3244291666666667 0.16797786458333333 0.32781342592592594 0.17297447916666667 0.3502314814814815 0.18011223958333333 0.36038287037037037 0.18225364583333334 0.37138055555555555 0.1793984375 0.3785712962962963 0.17368802083333332 0.3861851851851852 0.16702604166666665 0.38999212962962965 0.16060208333333334 0.3904148148148148 0.15441588541666668 0.38660833333333333 0.150846875 0.38026342592592594
1 0.37997265625 0.637437962962963 0.37307265624999997 0.6213648148148148 0.37021744791666666 0.5981004629629629 0.3690278645833333 0.5930245370370371 0.36474505208333335 0.5896407407407408 0.35974869791666664 0.5875259259259259 0.3542763020833333 0.5892180555555555 0.3492796875 0.5938708333333333 0.34690052083333334 0.5981004629629629 0.34499713541666666 0.6031763888888889 0.3473763020833333 0.6298245370370371 0.3454729166666667 0.6513967592592593 0.34690052083333334 0.6581643518518518 0.34880390624999996 0.6645092592592592 0.3528486979166667 0.6674699074074074 0.36141406249999997 0.6691620370370371 0.37069322916666664 0.6657782407407407 0.3780690104166667 0.6560495370370371
1 0.5636536458333333 0.3163925925925926 0.5657950520833332 0.29989629629629627 0.5648434895833333 0.2931287037037037 0.5617502604166666 0.28805277777777777 0.5586572916666667 0.28466898148148145 0.5531848958333333 0.2838226851851852 0.5484263020833333 0.2850916666666667 0.54557109375 0.2897444444444444 0.5439057291666667 0.3045490740740741 0.5431919270833333 0.31004768518518516 0.5372434895833333 0.3240064814814815 0.5367677083333333 0.3311972222222222 0.5400986979166666 0.3392337962962963 0.54461953125 0.34515555555555555 0.5500916666666666 0.34853935185185186 0.5565158854166667 0.34853935185185186 0.5615122395833333 0.34473287037037037 0.5648434895833333 0.33754212962962965
1 0.8238203125 0.5568884259259259 0.8269 0.5377259259259259 0.8260200520833333 0.5322509259259259 0.8238203125 0.5259935185185185 0.8194205729166666 0.5220828703703704 0.8152411458333333 0.5189541666666667 0.8104015625 0.518562962962963 0.8064419270833334 0.5205185185185185 0.8029223958333334 0.5252115740740742 0.7998427083333334 0.5428097222222222 0.79126328125 0.5619722222222222 0.7908234375000001 0.5682296296296296 0.7910434895833334 0.5748777777777778 0.7936830729166666 0.5819171296296296 0.7983026041666667 0.5881740740740741 0.8053419270833333 0.5928671296296296 0.8117213541666667 0.5944314814814815 0.81810078125 0.5920847222222222 0.8227203125 0.5870009259259259 0.8251401041666667 0.5791796296296297
1 0.8970731770833333 0.2569351851851852 0.9027927083333334 0.2401189814814815 0.9047723958333334 0.2373814814814815 0.9078520833333333 0.23620833333333333 0.911371875 0.2373814814814815 0.9166513020833332 0.24051018518518516 0.9208309895833333 0.24637592592592594 0.92215078125 0.2526333333333333 0.9155513020833334 0.2717958333333333 0.9126916666666667 0.29447824074074075 0.90983203125 0.29799768518518516 0.9047723958333334 0.29956203703703704 0.8986130208333333 0.29799768518518516 0.8913536458333333 0.2913495370370371 0.8878341145833333 0.28509259259259256 0.8862942708333333 0.2737513888888889
2 0.23046927083333332 0.3900361111111111 0.23792838541666667 0.39326064814814815 0.24379192708333333 0.3856805555555556 0.24325885416666668 0.36767777777777777 0.2411265625 0.3525175925925926 0.24059375 0.34398981481481483 0.23473020833333333 0.3373574074074074 0.22833359375 0.3402 0.226734375 0.3515699074074074 0.2262015625 0.38283796296296296
2 0.43337317708333334 0.6558833333333334 0.4426174479166667 0.658563888888889 0.4484809895833333 0.6519310185185185 0.44954713541666663 0.6130833333333333 0.44741484375 0.6045555555555555 0.44101822916666666 0.601712962962963 0.43462187500000005 0.606450462962963 0.42875833333333335 0.6462462962962964
2 0.60695546875 0.3535476851851852 0.6142578125 0.3525175925925926 0.6179890625 0.3468324074074074 0.6222533854166666 0.3146171296296296 0.6222533854166666 0.30703703703703705 0.6169229166666667 0.30324675925925926 0.611059375 0.30514166666666664 0.6014645833333333 0.34304212962962966
2 0.8626377604166666 0.5808208333333333 0.8701190104166667 0.5865527777777777 0.876515625 0.587500462962963 0.887709375 0.5477050925925926 0.8861104166666667 0.5382296296296296 0.8813130208333334 0.5334921296296297 0.8743833333333334 0.5344398148148148 0.86052421875 0.56855
2 0.9476697916666666 0.29933564814814817 0.9562328125 0.30162037037037037 0.9663606770833333 0.2675101851851852 0.96689375 0.2608773148148148 0.9647614583333334 0.25519212962962967 0.9572989583333332 0.25235 0.94397265625 0.2836175925925926
0 0.7341145833333333 0.35509259259259257 0.734375 0.36712962962962964 0.7442708333333333 0.40046296296296297 0.7481770833333333 0.4064814814814815 0.7502604166666667 0.41388888888888886 0.7578125 0.4212962962962963 0.7591145833333334 0.4273148148148148 0.7643229166666666 0.43703703703703706 0.7619791666666667 0.44583333333333336 0.7640625 0.45 0.7671875 0.45092592592592595 0.7682291666666666 0.4532407407407407 0.7721354166666666 0.4527777777777778 0.7791666666666667 0.4564814814814815 0.7932291666666667 0.45740740740740743 0.8151041666666666 0.4666666666666667 0.8309895833333333 0.4759259259259259 0.8520833333333333 0.49166666666666664 0.8734375 0.5125 0.8796875 0.5143518518518518 0.8856770833333333 0.5300925925925926 0.8940104166666667 0.5370370370370371 0.9080729166666667 0.537962962962963 0.9322916666666666 0.5310185185185186 0.9333333333333333 0.5291666666666667 0.93203125 0.524537037037037 0.9356770833333333 0.5212962962962963 0.9377604166666667 0.513425925925926 0.9395833333333333 0.5115740740740741 0.9520833333333333 0.48148148148148145 0.9578125 0.47314814814814815 0.975 0.4583333333333333 0.9830729166666666 0.4449074074074074 0.9997395833333333 0.39814814814814814 0.9997395833333333 0.3453703703703704 0.9638020833333333 0.25787037037037036 0.959375 0.2587962962962963 0.95859375 0.2569444444444444 0.9416666666666667 0.24861111111111112 0.93203125 0.23981481481481481 0.9182291666666667 0.2337962962962963 0.9091145833333333 0.22685185185185186 0.8963541666666667 0.2212962962962963 0.8794270833333333 0.21712962962962962 0.85625 0.21666666666666667 0.8346354166666666 0.22083333333333333 0.8184895833333333 0.22870370370370371 0.8083333333333333 0.23657407407407408 0.7963541666666667 0.2513888888888889 0.7919270833333333 0.26064814814814813 0.7856770833333333 0.2796296296296296 0.7828125 0.30092592592592593 0.7815104166666667 0.30416666666666664 0.7583333333333333 0.30925925925925923 0.7473958333333334 0.3148148148148148 0.7440104166666667 0.32083333333333336
0 0.6130208333333333 0.6296296296296297 0.6114583333333333 0.6509259259259259 0.61171875 0.6726851851851852 0.6192708333333333 0.7134259259259259 0.6322916666666667 0.7356481481481482 0.634375 0.737037037037037 0.6356770833333333 0.7412037037037037 0.64296875 0.7481481481481481 0.6440104166666667 0.7513888888888889 0.6479166666666667 0.7509259259259259 0.65390625 0.7560185185185185 0.6591145833333333 0.7513888888888889 0.6763020833333333 0.7615740740740741 0.6783854166666666 0.7652777777777777 0.6809895833333334 0.7898148148148149 0.6864583333333333 0.7958333333333333 0.6888020833333334 0.8060185185185185 0.69296875 0.8138888888888889 0.6932291666666667 0.8212962962962963 0.6955729166666667 0.8314814814814815 0.7200520833333334 0.8652777777777778 0.734375 0.8773148148148148 0.7377604166666667 0.8768518518518519 0.740625 0.8791666666666667 0.7434895833333334 0.8777777777777778 0.74921875 0.8870370370370371 0.7552083333333334 0.8916666666666667 0.7791666666666667 0.9018518518518519 0.7908854166666667 0.9018518518518519 0.8192708333333333 0.8898148148148148 0.8380208333333333 0.875 0.8466145833333333 0.8629629629629629 0.865625 0.8310185185185185 0.86640625 0.8273148148148148 0.89375 0.8 0.90390625 0.7828703703703703 0.9111979166666667 0.7638888888888888 0.9130208333333333 0.7620370370370371 0.9171875 0.7486111111111111 0.9184895833333333 0.7388888888888889 0.9247395833333333 0.7199074074074074 0.9283854166666666 0.6995370370370371 0.9513020833333333 0.6648148148148149 0.95234375 0.6662037037037037 0.9544270833333334 0.6648148148148149 0.96953125 0.6324074074074074 0.9755208333333333 0.6152777777777778 0.97890625 0.5972222222222222 0.9770833333333333 0.5856481481481481 0.9677083333333333 0.5606481481481481 0.9567708333333333 0.5453703703703704 0.9455729166666667 0.538425925925926 0.9361979166666666 0.5365740740740741 0.9091145833333333 0.5425925925925926 0.8856770833333333 0.5421296296296296 0.8815104166666666 0.5305555555555556 0.8822916666666667 0.5291666666666667 0.8721354166666667 0.5152777777777777 0.8625 0.5069444444444444 0.8596354166666667 0.5013888888888889 0.85390625 0.49907407407407406 0.8481770833333333 0.49398148148148147 0.8450520833333334 0.4888888888888889 0.8283854166666667 0.4773148148148148 0.8184895833333333 0.47175925925925927 0.7901041666666667 0.46111111111111114 0.7619791666666667 0.45787037037037037 0.7341145833333333 0.46574074074074073 0.715625 0.47638888888888886 0.7075520833333333 0.4837962962962963 0.6989583333333333 0.49398148148148147 0.6893229166666667 0.5087962962962963 0.6822916666666666 0.5236111111111111 0.6807291666666667 0.5347222222222222 0.6786458333333333 0.5361111111111111 0.6778645833333333 0.5393518518518519 0.6799479166666667 0.5444444444444444 0.6778645833333333 0.5504629629629629 0.67421875 0.5537037037037037 0.671875 0.5634259259259259 0.671875 0.5736111111111111 0.6705729166666666 0.5777777777777777 0.6716145833333333 0.5800925925925926 0.6697049479166667 0.5893518518518519 0.6580729166666667 0.5967592592592592 0.65390625 0.5953703703703703 0.64765625 0.5981481481481481 0.6255208333333333 0.6018518518518519 0.6161458333333333 0.6134259259259259 0.6135416666666667 0.6226851851851852
0 0.38776041666666666 0.37777777777777777 0.38697916666666665 0.3912037037037037 0.3880208333333333 0.43287037037037035 0.38984375 0.4425925925925926 0.39348958333333334 0.45231481481481484 0.4002604166666667 0.4648148148148148 0.41015625 0.4777777777777778 0.42161458333333335 0.4875 0.45208333333333334 0.48194444444444445 0.45755208333333336 0.4828703703703704 0.46041666666666664 0.4930555555555556 0.4596354166666667 0.5125 0.46145833333333336 0.5217592592592593 0.46197916666666666 0.5388888888888889 0.4661458333333333 0.5574074074074075 0.46588541666666666 0.5601851851851852 0.4828125 0.5953703703703703 0.4895833333333333 0.6027777777777777 0.5322916666666667 0.5949074074074074 0.5416666666666666 0.5953703703703703 0.5481770833333334 0.5986111111111111 0.5513020833333333 0.6023148148148149 0.5557291666666667 0.611574074074074 0.5578125 0.6226851851851852 0.5598958333333334 0.6273148148148148 0.56484375 0.6291666666666667 0.5744791666666667 0.6259259259259259 0.58828125 0.6175925925925926 0.6018229166666667 0.6037037037037037 0.6122395833333333 0.5875 0.6174479166666667 0.575 0.6190104166666667 0.5657407407407408 0.62421875 0.5509259259259259 0.6268229166666667 0.5393518518518519 0.62734375 0.5291666666666667 0.62890625 0.5254629629629629 0.6296875 0.513425925925926 0.659375 0.4564814814814815 0.6752604166666667 0.45601851851851855 0.6809895833333334 0.4527777777777778 0.6893229166666667 0.4425925925925926 0.7010416666666667 0.42407407407407405 0.7080729166666667 0.40185185185185185 0.709375 0.36574074074074076 0.7083333333333334 0.35509259259259257 0.7033854166666667 0.3384259259259259 0.7 0.33101851851851855 0.6934895833333333 0.324537037037037 0.6703125 0.32314814814814813 0.6436632812499999 0.32546296296296295 0.6403645833333333 0.32314814814814813 0.6385416666666667 0.31712962962962965 0.6338541666666667 0.30925925925925923 0.6231770833333333 0.2953703703703704 0.60390625 0.2777777777777778 0.5744791666666667 0.2611111111111111 0.5544270833333333 0.2569444444444444 0.5385416666666667 0.2564814814814815 0.5111979166666667 0.26296296296296295 0.4940104166666667 0.2712962962962963 0.48046875 0.2814814814814815 0.4671875 0.2967592592592593 0.45989583333333334 0.30833333333333335 0.45234375 0.32314814814814813 0.4453125 0.34305555555555556 0.44088541666666664 0.3458333333333333 0.41432291666666665 0.3486111111111111 0.39817708333333335 0.35324074074074074 0.39166666666666666 0.3625
0 0.15859375 0.7231481481481481 0.15859375 0.7523148148148148 0.16458333333333333 0.7893518518518519 0.17447916666666666 0.8138888888888889 0.18229166666666666 0.8240740740740741 0.19921875 0.8356481481481481 0.21145833333333333 0.8407407407407408 0.22369791666666666 0.8375 0.24192708333333332 0.8268518518518518 0.26223958333333336 0.8694444444444445 0.28567708333333336 0.9009259259259259 0.28984375 0.9143518518518519 0.2989583333333333 0.9361111111111111 0.3177083333333333 0.9629629629629629 0.3380208333333333 0.9800925925925926 0.3489583333333333 0.9851851851851852 0.36614583333333334 0.9888888888888889 0.3802083333333333 0.9879629629629629 0.40598958333333335 0.9787037037037037 0.42682291666666666 0.9629629629629629 0.4432291666666667 0.9421296296296297 0.45703125 0.9180555555555555 0.46484375 0.8986111111111111 0.47265625 0.8731481481481481 0.47630208333333335 0.8523148148148149 0.4816580729166667 0.8217236111111111 0.4822916666666667 0.8171296296296297 0.490625 0.7898148148148149 0.496875 0.7625 0.5091145833333334 0.7578703703703704 0.5166666666666667 0.7583333333333333 0.521875 0.7550925925925925 0.5260416666666666 0.7564814814814815 0.5364583333333334 0.7486111111111111 0.5502604166666667 0.7310185185185185 0.55703125 0.7134259259259259 0.5604166666666667 0.6958333333333333 0.5596354166666667 0.6916666666666667 0.5609375 0.6833333333333333 0.56171875 0.65 0.5591145833333333 0.6300925925925925 0.5533854166666666 0.6083333333333333 0.5505208333333333 0.6023148148148149 0.5466145833333333 0.5986111111111111 0.5419270833333333 0.5967592592592592 0.5317708333333333 0.5967592592592592 0.48828125 0.6060185185185185 0.48411458333333335 0.6032407407407407 0.47552083333333334 0.5833333333333334 0.46067708333333335 0.5601851851851852 0.45026041666666666 0.5476851851851852 0.4359375 0.5356481481481481 0.41692708333333334 0.524537037037037 0.40546875 0.5203703703703704 0.38567708333333334 0.5166666666666667 0.3572916666666667 0.5185185185185185 0.3463541666666667 0.5212962962962963 0.3182291666666667 0.5347222222222222 0.29609375 0.5532407407407407 0.28177083333333336 0.5689814814814815 0.2669270833333333 0.5888888888888889 0.25338541666666664 0.6143518518518518 0.24322916666666666 0.6402777777777777 0.23723958333333334 0.6620370370370371 0.23515625 0.6638888888888889 0.20260416666666667 0.6763888888888889 0.17864583333333334 0.6814814814814815 0.16380208333333332 0.6888888888888889 0.1640625 0.7 0.15989583333333332 0.712037037037037
0 0.0078125 0.4041666666666667 0 0.41435185185185186 0 0.4925925925925926 0.006510416666666667 0.5083333333333333 0.01171875 0.5162037037037037 0.022395833333333334 0.5259259259259259 0.03431510416666667 0.5390439814814815 0.05087994791666666 0.5416041666666667 0.06600416666666667 0.5364833333333334 0.0800484375 0.5601671296296297 0.10546875 0.5875 0.11223958333333334 0.6050925925925926 0.11953125 0.6300925925925925 0.12447916666666667 0.6407407407407407 0.13697916666666668 0.6578703703703703 0.15182291666666667 0.6722222222222223 0.1578125 0.6759259259259259 0.17109375 0.6787037037037037 0.1859375 0.6754629629629629 0.18880208333333334 0.6731481481481482 0.19244791666666666 0.6736111111111112 0.20911458333333333 0.6662037037037037 0.22083333333333333 0.6652777777777777 0.2356140625 0.6645046296296296 0.2402953125 0.6478615740740741 0.25109869791666667 0.6177768518518518 0.2723447916666667 0.5787305555555555 0.2885494791666667 0.5620875 0.2910703125 0.5409643518518519 0.2885494791666667 0.4999976851851851 0.3234799479166667 0.49039583333333336 0.33515625 0.47175925925925927 0.34296875 0.4532407407407407 0.34791666666666665 0.4287037037037037 0.34453125 0.3763888888888889 0.33984375 0.3625 0.33515625 0.3560185185185185 0.3263020833333333 0.35555555555555557 0.32526041666666666 0.3587962962962963 0.32083333333333336 0.3574074074074074 0.3184895833333333 0.362962962962963 0.2833333333333333 0.3597222222222222 0.28046875 0.34814814814814815 0.27057291666666666 0.3300925925925926 0.26614583333333336 0.32314814814814813 0.2513020833333333 0.30925925925925923 0.23984375 0.30185185185185187 0.22838541666666667 0.2972222222222222 0.20104166666666667 0.2916666666666667 0.17109375 0.29444444444444445 0.14817708333333332 0.30324074074074076 0.13125 0.31342592592592594 0.11328125 0.3282407407407407 0.09166666666666666 0.35324074074074074 0.07682291666666667 0.375 0.07291666666666667 0.38333333333333336 0.07005208333333333 0.3939814814814815 0.05703125 0.3925925925925926 0.05260416666666667 0.3958333333333333 0.050520833333333334 0.3939814814814815 0.044270833333333336 0.39537037037037037 0.03203125 0.3912037037037037 0.02421875 0.3972222222222222 0.016145833333333335 0.3990740740740741