1 0.31735703125000003 0.39821620370370375 0.3209651041666667 0.398312962962963 0.3250213541666667 0.39637175925925927 0.32814166666666666 0.39248935185185185 0.328765625 0.38930000000000003 0.324709375 0.37585 0.322759375 0.3644796296296296 0.32221328125 0.36226111111111114 0.3200291666666667 0.36087453703703704 0.31761093749999997 0.3599041666666667 0.3148807291666667 0.36059722222222224 0.31269635416666663 0.36267731481481486 0.3107463541666667 0.3650342592592593 0.31012213541666667 0.36766898148148147 0.3119942708333333 0.38042592592592595 0.31168229166666667 0.3915185185185185 0.312384375 0.39637175925925927 0.31566067708333334 0.3980356481481481
1 0.38335130208333335 0.5071481481481481 0.38398489583333334 0.5153467592592592 0.38429713541666666 0.5204768518518519 0.38390703125 0.5239435185185185 0.3832049479166667 0.5272712962962963 0.38289296875 0.5318472222222222 0.3831268229166667 0.5369773148148148 0.38492109375 0.5403055555555555 0.38694921875 0.5416921296296296 0.39069348958333333 0.5429398148148148 0.39592005208333336 0.5434944444444445 0.4001322916666667 0.5419694444444444 0.40317447916666665 0.5372546296296297 0.40348671875 0.5325402777777778 0.4037205729166667 0.5296287037037037 0.39997630208333335 0.5192291666666667 0.39888411458333334 0.5056402777777778 0.3985721354166667 0.5018967592592593 0.3977921875 0.4991231481481481 0.39623203125 0.49718194444444447 0.3936578125 0.49648888888888887 0.39069348958333333 0.4960726851851852 0.388509375 0.4967662037037037 0.38648125 0.49870740740740743 0.3845309895833333 0.5000939814814814
1 0.5376528645833333 0.4078277777777778 0.5412984375 0.4076976851851852 0.5441848958333334 0.40506296296296296 0.5462908854166667 0.4017351851851852 0.5464468750000001 0.3985458333333334 0.54597890625 0.39327685185185185 0.5445747395833334 0.3884240740740741 0.5451208333333334 0.37802453703703703 0.5451989583333333 0.37358703703703705 0.5445747395833334 0.3715074074074074 0.5431708333333333 0.3698435185185185 0.5416106770833333 0.3688726851851852 0.5394263020833333 0.3680407407407407 0.5373981770833333 0.3679023148148148 0.5355260416666667 0.3685953703703704 0.5339658854166667 0.37039814814814814 0.5331078125000001 0.37206203703703705 0.5327958333333334 0.3760833333333333 0.5324838541666667 0.38565046296296296 0.5307677083333333 0.3921675925925926 0.5299096354166667 0.39563425925925927 0.52959765625 0.3984074074074074 0.5299096354166667 0.40131944444444445 0.5313138020833333 0.40326064814814816 0.5338098958333333 0.4056175925925926 0.5356041666666667 0.40700416666666667
1 0.6714260416666666 0.5532337962962962 0.6751026041666666 0.5582314814814815 0.67921171875 0.560537962962963 0.6836453124999999 0.5614990740740741 0.6882950520833333 0.5609222222222223 0.6919716145833333 0.5578467592592593 0.69337734375 0.5541949074074074 0.69337734375 0.5507351851851852 0.6918632812500001 0.538625462962963 0.6931609375 0.5274773148148149 0.6937015624999999 0.5220953703703705 0.6932690104166667 0.5186356481481481 0.6916471354166667 0.5149833333333333 0.6894843749999999 0.5124847222222223 0.6864567708333333 0.5107546296296296 0.68396953125 0.5101782407407407 0.68126640625 0.5107546296296296 0.6788872395833334 0.5124847222222223 0.6773734375 0.5151759259259259 0.6756432291666666 0.5288226851851852 0.672075 0.5390101851851852 0.6701286458333333 0.5440074074074074 0.6696960937499999 0.5486208333333333
1 0.7743286458333334 0.41158379629629627 0.7775635416666666 0.4125768518518519 0.78145625 0.4121925925925926 0.7853489583333333 0.4098861111111111 0.7866466145833333 0.40661851851851855 0.7866466145833333 0.3927791666666667 0.7885929687500001 0.38105416666666664 0.7890255208333333 0.3779787037037037 0.7883768229166667 0.37548009259259263 0.7863221354166666 0.3727888888888889 0.78383515625 0.3710592592592593 0.78069921875 0.3695212962962963 0.7781041666666667 0.36932916666666665 0.7758333333333333 0.3704824074074074 0.7743195312500001 0.3722125 0.7732380208333333 0.37759444444444445 0.7720486979166666 0.3856671296296297 0.7704265625000001 0.38989583333333333 0.7681557291666666 0.3948935185185185 0.76675 0.3989300925925926 0.76675 0.403350925925926 0.7681557291666666 0.40604166666666663 0.7706429687499999 0.40930925925925926
2 0.81999296875 0.421800462962963 0.8267341145833333 0.3971689814814815 0.8252359375 0.38918055555555553 0.81999296875 0.38585231481481486 0.8132518229166668 0.3998319444444444 0.8095065104166667 0.4144777777777778 0.812128125 0.42246620370370375 0.8158731770833333 0.4237976851851852
2 0.7338557291666666 0.5735819444444444 0.7402221354166667 0.5429597222222222 0.7405968749999999 0.5363023148148148 0.7353536458333333 0.5336393518518519 0.7308596354166668 0.5343050925925925 0.7218713541666666 0.561599537037037 0.7233692708333332 0.5715851851851852 0.7293614583333333 0.5735819444444444
2 0.5805328125 0.41833148148148147 0.582928125 0.3898462962962963 0.5784341145833333 0.3851865740740741 0.5743143229166667 0.3885148148148148 0.5705692708333333 0.4144777777777778 0.5735653645833333 0.4211347222222222
2 0.4454875 0.5500449074074074 0.44479401041666666 0.5205384259259259 0.4435497395833333 0.5170625 0.43946145833333333 0.5145347222222222 0.43626171874999997 0.5176944444444445 0.4351950520833333 0.5297013888888888 0.4335953125 0.5470800925925926 0.4364395833333334 0.5511875 0.44159453125 0.5527675925925927
2 0.3617875 0.4029833333333333 0.3603588541666667 0.39256898148148145 0.3596479166666667 0.37898194444444444 0.35698151041666665 0.3767699074074074 0.35378177083333334 0.3761379629629629 0.35164869791666664 0.3799296296296296 0.35147109374999996 0.40331203703703705 0.35378177083333334 0.4077356481481481 0.3580479166666667 0.40868333333333334
0 0.27708333333333335 0.5694444444444444 0.27682291666666664 0.5787037037037037 0.278125 0.5921296296296297 0.28098958333333335 0.5986111111111111 0.2859375 0.6162037037037037 0.28984375 0.6236111111111111 0.296875 0.6324074074074074 0.3067708333333333 0.6370370370370371 0.31111119791666664 0.6351851851851852 0.31744791666666666 0.638425925925926 0.3255208333333333 0.6574074074074074 0.34283854166666666 0.6835648148148148 0.34765625 0.7032407407407407 0.35 0.7185185185185186 0.35598958333333336 0.7324074074074074 0.3625 0.7430555555555556 0.3734375 0.7550925925925925 0.38958333333333334 0.7625 0.4049479166666667 0.7625 0.42135416666666664 0.7578703703703704 0.43411458333333336 0.7486111111111111 0.4471354166666667 0.7347222222222223 0.453125 0.7226851851851852 0.45703125 0.7175925925925926 0.46380208333333334 0.7023148148148148 0.4705729166666667 0.6685185185185185 0.46979166666666666 0.6652777777777777 0.4708333333333333 0.6615740740740741 0.46979166666666666 0.6578703703703703 0.4705729166666667 0.6537037037037037 0.46927083333333336 0.6509259259259259 0.46953125 0.6486111111111111 0.48151041666666666 0.6300925925925925 0.48359375 0.6337962962962963 0.49140625 0.6333333333333333 0.5015625 0.6277777777777778 0.509375 0.6171296296296296 0.5114583333333333 0.6083333333333333 0.515625 0.6023148148148149 0.5169270833333334 0.575 0.515625 0.5481481481481482 0.51171875 0.5388888888888889 0.5065104166666666 0.5361111111111111 0.4973958333333333 0.5351851851851852 0.48203125 0.5351851851851852 0.4778645833333333 0.538425925925926 0.47630208333333335 0.537962962962963 0.4739583333333333 0.5342592592592592 0.47291666666666665 0.5287037037037037 0.46770833333333334 0.5162037037037037 0.4588541666666667 0.5023148148148148 0.4421875 0.48842592592592593 0.41692708333333334 0.48055555555555557 0.4015625 0.48055555555555557 0.39453125 0.4837962962962963 0.39010416666666664 0.48333333333333334 0.37838541666666664 0.4875 0.3658854166666667 0.49444444444444446 0.35052083333333334 0.5078703703703704 0.3375 0.5231481481481481 0.33255208333333336 0.5333333333333333 0.32708333333333334 0.5365740740740741 0.31302083333333336 0.5356481481481481 0.29713541666666665 0.5370370370370371 0.29453125 0.5375 0.2864583333333333 0.5435185185185185 0.2825520833333333 0.55 0.2791666666666667 0.5592592592592592
0 0.23046875 0.41435185185185186 0.23072916666666668 0.4356481481481482 0.23411458333333332 0.4527777777777778 0.24296875 0.4666666666666667 0.24973958333333332 0.4736111111111111 0.25885416666666666 0.4740740740740741 0.2625 0.47638888888888886 0.26927083333333335 0.48842592592592593 0.27682291666666664 0.49722222222222223 0.28020833333333334 0.5069444444444444 0.28125 0.5226851851851851 0.2830729166666667 0.524537037037037 0.28567708333333336 0.5328703703703703 0.28958333333333336 0.5375 0.33098958333333334 0.5333333333333333 0.340625 0.5175925925925926 0.36171875 0.4962962962962963 0.37734375 0.48518518518518516 0.40130208333333334 0.4773148148148148 0.4125 0.45601851851851855 0.4161458333333333 0.4449074074074074 0.41822916666666665 0.44212962962962965 0.4192708333333333 0.4356481481481482 0.41822916666666665 0.4078703703703704 0.41484375 0.4009259259259259 0.4046875 0.39814814814814814 0.3875 0.39675925925925926 0.3846354166666667 0.3875 0.3807291666666667 0.38055555555555554 0.3731770833333333 0.3726851851851852 0.359375 0.3638888888888889 0.3458333333333333 0.36064814814814816 0.32317708333333334 0.3625 0.30922578125 0.3670175925925926 0.29765625 0.3726851851851852 0.28177083333333336 0.38657407407407407 0.27395833333333336 0.3958333333333333 0.26625364583333333 0.39667546296296297 0.26067708333333334 0.3962962962962963 0.25248593750000003 0.39445092592592595 0.24539348958333335 0.39593425925925924 0.24114583333333334 0.39861111111111114 0.23515625 0.40555555555555556
0 0.43984375 0.42268518518518516 0.4401041666666667 0.4527777777777778 0.44609375 0.46805555555555556 0.45684166666666665 0.4852787037037037 0.47937083333333336 0.48602037037037044 0.48437734375 0.5327314814814815 0.5060718750000001 0.5364388888888889 0.5156677083333333 0.5416287037037036 0.51875 0.5847222222222223 0.52109375 0.5907407407407408 0.5317708333333333 0.5935185185185186 0.5466145833333333 0.5935185185185186 0.5489583333333333 0.5856481481481481 0.5502604166666667 0.5643518518518519 0.553125 0.5555555555555556 0.5572916666666666 0.55 0.58515625 0.5462962962962963 0.5864583333333333 0.5435185185185185 0.5864583333333333 0.5388888888888889 0.5885416666666666 0.5296296296296297 0.5903645833333333 0.5046296296296297 0.5932291666666667 0.49444444444444446 0.6 0.4875 0.6127604166666667 0.4912037037037037 0.6151041666666667 0.4935185185185185 0.61953125 0.4930555555555556 0.62734375 0.4842592592592593 0.6346354166666667 0.4722222222222222 0.6375 0.46574074074074073 0.6388020833333333 0.4564814814814815 0.6393229166666666 0.4300925925925926 0.6375 0.41898148148148145 0.63515625 0.41435185185185186 0.6231770833333333 0.4101851851851852 0.6002604166666666 0.40925925925925927 0.5927083333333333 0.39675925925925926 0.578125 0.3837962962962963 0.5747395833333333 0.37824074074074077 0.5609375 0.37083333333333335 0.5502604166666667 0.3680555555555556 0.5333333333333333 0.36898148148148147 0.5260416666666666 0.3675925925925926 0.5088541666666667 0.3731481481481482 0.49140625 0.38657407407407407 0.48541666666666666 0.39351851851851855 0.48125 0.4009259259259259 0.47825520833333335 0.4023148148148148 0.45260416666666664 0.4013888888888889 0.446875 0.40324074074074073 0.4434895833333333 0.4083333333333333
0 0.5502604166666667 0.5745370370370371 0.55 0.6087962962962963 0.55390625 0.6259259259259259 0.5614583333333333 0.6402777777777777 0.5677083333333334 0.6476851851851851 0.5744791666666667 0.6523148148148148 0.57890625 0.6513888888888889 0.5848958333333333 0.6550925925925926 0.60078125 0.6560185185185186 0.6010416666666667 0.6615740740740741 0.5981770833333333 0.6643518518518519 0.5973958333333333 0.6777777777777778 0.6005208333333333 0.7050925925925926 0.6026041666666667 0.7134259259259259 0.61015625 0.7324074074074074 0.6153645833333333 0.7412037037037037 0.6205729166666667 0.7537037037037037 0.63359375 0.7648148148148148 0.6395833333333333 0.7736111111111111 0.6458333333333334 0.7782407407407408 0.6473958333333333 0.7824074074074074 0.67421875 0.788425925925926 0.6864583333333333 0.788425925925926 0.69921875 0.7851851851851852 0.7104166666666667 0.7759259259259259 0.7182291666666667 0.7666666666666667 0.7252604166666666 0.7550925925925925 0.7283854166666667 0.7449074074074075 0.7302083333333333 0.7324074074074074 0.7364583333333333 0.7129629629629629 0.7497395833333333 0.6990740740740741 0.75625 0.6884259259259259 0.7625 0.674074074074074 0.7651041666666667 0.6625 0.7788541666666667 0.6550925925925926 0.7830729166666667 0.6550925925925926 0.7934895833333333 0.6486111111111111 0.80078125 0.6370370370370371 0.8026041666666667 0.6333333333333333 0.8026041666666667 0.6300925925925925 0.8049479166666667 0.6277777777777778 0.8059895833333334 0.6226851851851852 0.8104166666666667 0.6157407407407407 0.8135416666666667 0.5981481481481481 0.8127604166666667 0.5888888888888889 0.8075520833333333 0.5717592592592593 0.80390625 0.5638888888888889 0.8 0.5597222222222222 0.7794270833333333 0.5537037037037037 0.7541666666666667 0.5537037037037037 0.7526041666666666 0.5527777777777778 0.7481770833333333 0.5435185185185185 0.7442708333333333 0.5412037037037037 0.7348958333333333 0.5282407407407408 0.7119791666666667 0.5069444444444444 0.6966145833333334 0.4981481481481482 0.66875 0.49074074074074076 0.6528645833333333 0.49074074074074076 0.6372395833333333 0.49398148148148147 0.61875 0.5050925925925925 0.6046875 0.5199074074074074 0.59765625 0.5328703703703703 0.5950520833333334 0.5430555555555555 0.5953125 0.5453703703703704 0.59140625 0.5481481481481482 0.58203125 0.549074074074074 0.5776041666666667 0.5518518518518518 0.5752604166666667 0.549537037037037 0.56171875 0.55 0.55703125 0.5518518518518518 0.5526041666666667 0.5583333333333333
0 0.6635416666666667 0.425 0.6635416666666667 0.4351851851851852 0.6604166666666667 0.4425925925925926 0.6630208333333333 0.4564814814814815 0.66796875 0.4703703703703704 0.6802083333333333 0.49166666666666664 0.6890625 0.49166666666666664 0.6924479166666667 0.49537037037037035 0.6971354166666667 0.49398148148148147 0.7046875 0.4986111111111111 0.7096354166666666 0.5050925925925925 0.7197916666666667 0.5120370370370371 0.7283854166666667 0.5208333333333334 0.7419270833333333 0.5356481481481481 0.7546875 0.5527777777777778 0.77706171875 0.5518518518518518 0.7940104166666667 0.5560185185185185 0.8049479166666667 0.5634259259259259 0.8072916666666666 0.5694444444444444 0.8106770833333333 0.5680555555555555 0.8184895833333333 0.5476851851851852 0.8203125 0.5365740740740741 0.8236979166666667 0.5282407407407408 0.8270833333333333 0.5231481481481481 0.8364583333333333 0.5148148148148148 0.8450520833333334 0.4981481481481482 0.8557291666666667 0.49722222222222223 0.8697916666666666 0.4837962962962963 0.8763020833333334 0.4740740740740741 0.884375 0.44212962962962965 0.8838541666666667 0.43425925925925923 0.88046875 0.425462962962963 0.8703125 0.41435185185185186 0.8583333333333333 0.4111111111111111 0.8450520833333334 0.4125 0.8424479166666666 0.4148148148148148 0.8434895833333333 0.41805555555555557 0.8411458333333334 0.4199074074074074 0.8348958333333333 0.41388888888888886 0.8255208333333334 0.4009259259259259 0.8098958333333334 0.3888888888888889 0.7919270833333333 0.37916666666666665 0.78671875 0.375 0.7859375 0.3726851851851852 0.78125 0.37037037037037035 0.771875 0.3726851851851852 0.7658854166666667 0.3699074074074074 0.7455729166666667 0.36944444444444446 0.7299479166666667 0.3726851851851852 0.7171875 0.37916666666666665 0.7091145833333333 0.3861111111111111 0.7052083333333333 0.3902777777777778 0.6973958333333333 0.40694444444444444 0.6893229166666667 0.4125 0.68116328125 0.4125 0.671875 0.4115740740740741 0.6682291666666667 0.41435185185185186
0 0.8338541666666667 0.5925925925925926 0.8341145833333333 0.6037037037037037 0.8385416666666666 0.6189814814814815 0.8479166666666667 0.6458333333333334 0.8611979166666667 0.6722222222222223 0.8651041666666667 0.6967592592592593 0.8708333333333333 0.7185185185185186 0.8747395833333333 0.7287037037037037 0.9 0.7703703703703704 0.9119791666666667 0.7837962962962963 0.9252604166666667 0.7958333333333333 0.9604166666666667 0.8157407407407408 0.975 0.8199074074074074 0.9997395833333333 0.8203703703703704 0.9997395833333333 0.5449074074074074 0.9565104166666667 0.5222222222222223 0.9450520833333333 0.5199074074074074 0.9145833333333333 0.5231481481481481 0.8903645833333333 0.5328703703703703 0.87734375 0.549537037037037 0.8744791666666667 0.5569444444444445 0.8723958333333334 0.5675925925925925 0.87265625 0.5842592592592593 0.875 0.5930555555555556 0.8716145833333333 0.600925925925926 0.8630208333333333 0.600925925925926 0.8604166666666667 0.5976851851851852 0.8541666666666666 0.5949074074074074 0.8421875 0.5824074074074074 0.8364583333333333 0.5842592592592593
0 0.9049479166666666 0.45185185185185184 0.9046875 0.45740740740740743 0.9065104166666667 0.4671296296296296 0.9125 0.4787037037037037 0.9158854166666667 0.48194444444444445 0.9203125 0.4898148148148148 0.9247395833333333 0.500462962962963 0.9236979166666667 0.5120370370370371 0.921875 0.5148148148148148 0.9234375 0.5180555555555556 0.9291666666666667 0.5194444444444445 0.9473958333333333 0.5175925925925926 0.95859375 0.5203703703703704 0.9666666666666667 0.5236111111111111 0.99296875 0.5407407407407407 0.9997395833333333 0.5430555555555555 0.9997395833333333 0.39444444444444443 0.9953125 0.3925925925925926 0.9783854166666667 0.3925925925925926 0.94609375 0.4023148148148148 0.9393229166666667 0.4083333333333333 0.9356770833333333 0.41388888888888886 0.9322916666666666 0.4236111111111111 0.9322916666666666 0.4356481481481482 0.9346354166666667 0.4476851851851852 0.93359375 0.4513888888888889 0.9294270833333333 0.45416666666666666 0.9252604166666667 0.4537037037037037 0.915625 0.4444444444444444 0.9111979166666667 0.44212962962962965 0.9080729166666667 0.44351851851851853