1 0.0546875 0.1300925925925926 0.058333333333333334 0.16064814814814815 0.06458333333333334 0.16620370370370371 0.06796875 0.16666666666666666 0.0703125 0.1648148148148148 0.0734375 0.15324074074074073 0.06744791666666666 0.12824074074074074 0.0640625 0.12546296296296297 0.05963541666666667 0.1259259259259259
1 0.015104166666666667 0.23194444444444445 0.01484375 0.23703703703703705 0.017708333333333333 0.25462962962962965 0.018229166666666668 0.2652777777777778 0.020833333333333332 0.26944444444444443 0.029427083333333333 0.2759259259259259 0.034375 0.275 0.03854166666666667 0.25787037037037036 0.033854166666666664 0.2462962962962963 0.029947916666666668 0.22824074074074074 0.02578125 0.225 0.021875 0.22546296296296298 0.016927083333333332 0.22824074074074074
1 0.22395833333333334 0.16666666666666666 0.2234375 0.17222222222222222 0.2265625 0.20185185185185187 0.23098958333333333 0.2064814814814815 0.23776041666666667 0.2064814814814815 0.24244791666666668 0.1962962962962963 0.23776041666666667 0.16666666666666666 0.234375 0.16203703703703703 0.22734375 0.16296296296296298
1 0.22291666666666668 0.2898148148148148 0.2234375 0.30787037037037035 0.2265625 0.3347222222222222 0.23098958333333333 0.3398148148148148 0.23359375 0.3402777777777778 0.24114583333333334 0.337037037037037 0.24661458333333333 0.3277777777777778 0.24635416666666668 0.32314814814814813 0.23802083333333332 0.2861111111111111 0.23411458333333332 0.2833333333333333 0.23020833333333332 0.28379629629629627 0.22526041666666666 0.2861111111111111
1 0.44192708333333336 0.21296296296296297 0.44166666666666665 0.24814814814814815 0.44244791666666666 0.2513888888888889 0.44947916666666665 0.25787037037037036 0.45625 0.25555555555555554 0.46171875 0.2449074074074074 0.4583333333333333 0.2263888888888889 0.45677083333333335 0.20879629629629629 0.45390625 0.2064814814814815 0.44869791666666664 0.2064814814814815 0.44296875 0.20972222222222223
1 0.49713541666666666 0.3800925925925926 0.4981770833333333 0.4050925925925926 0.496875 0.42453703703703705 0.49765625 0.42962962962962964 0.5057291666666667 0.43657407407407406 0.5119791666666667 0.43796296296296294 0.5205729166666667 0.4287037037037037 0.52265625 0.42407407407407405 0.52265625 0.41435185185185186 0.5190104166666667 0.4013888888888889 0.5166666666666667 0.3773148148148148 0.5083333333333333 0.3712962962962963 0.5013020833333334 0.37453703703703706
1 0.7356770833333334 0.31527777777777777 0.7356770833333334 0.3212962962962963 0.7369791666666666 0.32546296296296295 0.74296875 0.3333333333333333 0.7518229166666667 0.3351851851851852 0.75859375 0.3296296296296296 0.76015625 0.325 0.7598958333333333 0.30462962962962964 0.7622395833333333 0.2898148148148148 0.7604166666666666 0.2800925925925926 0.7583333333333333 0.2773148148148148 0.753125 0.275 0.7479166666666667 0.27546296296296297 0.7440104166666667 0.2791666666666667 0.7393229166666667 0.30462962962962964
1 0.8934895833333333 0.5375 0.8932291666666666 0.5430555555555555 0.8958333333333334 0.55 0.9083333333333333 0.5680555555555555 0.9111979166666667 0.5694444444444444 0.92578125 0.5583333333333333 0.92890625 0.5504629629629629 0.9268229166666667 0.5296296296296297 0.9307291666666667 0.5013888888888889 0.93046875 0.49675925925925923 0.9270833333333334 0.4912037037037037 0.921875 0.48703703703703705 0.9098958333333333 0.4861111111111111 0.90703125 0.4875 0.9049479166666666 0.49212962962962964 0.8994791666666667 0.5217592592592593
2 0.9972528645833333 0.6200824074074074 0.9862065104166666 0.6214847222222222 0.9814721354166667 0.5934337962962963 0.9980419270833334 0.5415398148148148 0.9997395833333333 0.5415398148148148
2 0.80208828125 0.36129953703703704 0.8141966145833333 0.36622083333333333 0.8181416666666668 0.3311574074074074 0.8197197916666668 0.31993657407407405 0.8110403645833333 0.31572916666666667 0.80315 0.3213393518518518
2 0.5607687499999999 0.46623796296296294 0.5759078125 0.46860694444444445 0.5774859375 0.4349458333333333 0.5759078125 0.4181152777777778 0.5672283854166668 0.4139074074074074 0.5632830729166667 0.4223226851851852
2 0.49219244791666666 0.2825958333333333 0.50094921875 0.2834703703703704 0.50094921875 0.25401712962962963 0.49937135416666667 0.23999166666666663 0.49148098958333336 0.23858888888888888 0.48753567708333334 0.27225
2 0.27482708333333333 0.36187314814814814 0.28074166666666667 0.36200648148148146 0.2842934895833333 0.3572712962962963 0.28340546875 0.3430662037037037 0.28103776041666667 0.3209689814814815 0.27630208333333334 0.3204430555555556 0.27156614583333333 0.3225476851851852 0.26979036458333333 0.3309652777777778 0.27097421875 0.3556930555555556
2 0.26535078125 0.22363703703703702 0.27038229166666666 0.2262675925925926 0.27482213541666667 0.21995416666666667 0.27127031250000005 0.18996527777777777 0.26742265625 0.18786064814814815 0.26268697916666667 0.1910175925925926 0.26209479166666666 0.19890925925925926 0.26239088541666666 0.2204800925925926
2 0.056660156249999996 0.29067037037037036 0.06112395833333333 0.2909800925925926 0.06615572916666666 0.28940185185185185 0.06852369791666665 0.28414074074074075 0.06585963541666667 0.27309212962962964 0.06201197916666667 0.25467824074074075 0.05698020833333333 0.2536259259259259 0.052540625 0.25993935185185185 0.055204427083333334 0.28151018518518517
2 0.09866536458333333 0.17605138888888888 0.09516171875 0.15787175925925925 0.09249791666666667 0.1489277777777778 0.0871703125 0.1505064814814815 0.08539453125 0.1568199074074074 0.08776223958333333 0.1799689814814815 0.09220208333333332 0.18259953703703705
0 0.7020833333333333 0.5847222222222223 0.7020833333333333 0.5990740740740741 0.7041666666666667 0.6087962962962963 0.7114583333333333 0.6300925925925925 0.7252604166666666 0.6560185185185186 0.7341145833333333 0.662962962962963 0.73984375 0.6625 0.7549479166666667 0.6685185185185185 0.7651041666666667 0.6685185185185185 0.77578125 0.6800925925925926 0.7807291666666667 0.6925925925925925 0.778125 0.7055555555555556 0.7768229166666667 0.7583333333333333 0.7770833333333333 0.7814814814814814 0.778125 0.7944444444444444 0.7802083333333333 0.8032407407407407 0.79140625 0.8388888888888889 0.8075520833333333 0.8703703703703703 0.8380208333333333 0.9055555555555556 0.8661458333333333 0.925 0.8854166666666666 0.9324074074074075 0.9098958333333333 0.937037037037037 0.9356770833333333 0.9328703703703703 0.9575520833333333 0.9217592592592593 0.9783854166666667 0.9004629629629629 0.9888020833333333 0.8819444444444444 0.9971354166666667 0.8537037037037037 0.9997395833333333 0.8486111111111111 0.9997395833333333 0.5268518518518519 0.9872395833333333 0.5222222222222223 0.9736979166666667 0.5115740740740741 0.9494791666666667 0.49675925925925923 0.92109375 0.48657407407407405 0.8854166666666666 0.4787037037037037 0.84765625 0.48148148148148145 0.8296875 0.48842592592592593 0.8075520833333333 0.5009259259259259 0.7984375 0.5074074074074074 0.7908854166666667 0.5171296296296296 0.7604166666666666 0.5148148148148148 0.7317708333333334 0.5069444444444444 0.7208333333333333 0.5083333333333333 0.7151041666666667 0.5157407407407407 0.7106770833333333 0.5282407407407408 0.70703125 0.5435185185185185
0 0.6007734374999999 0.34400879629629627 0.6002526041666666 0.3861384259259259 0.6070234375 0.40697175925925927 0.6156171874999999 0.4213236111111111 0.6216067708333333 0.4282680555555555 0.6294192708333333 0.4282680555555555 0.6361901041666667 0.43243472222222223 0.6473880208333332 0.4333606481481481 0.6571783854166667 0.4419587962962963 0.6579674479166666 0.47842499999999993 0.6713809895833334 0.4798273148148148 0.6761153645833333 0.5064759259259259 0.6710859374999999 0.559286574074074 0.6695234375 0.5699347222222222 0.6742109374999999 0.5787310185185185 0.7005752604166666 0.6074592592592593 0.7068877604166667 0.5429421296296297 0.7187231770833333 0.5078782407407407 0.7850020833333333 0.5162935185185185 0.8205088541666666 0.48964537037037037 0.8617109374999999 0.47965694444444446 0.8684817708333333 0.47687916666666663 0.8874921874999999 0.47687916666666663 0.8966067708333333 0.46715694444444444 0.9038984375 0.45326805555555555 0.9070234374999999 0.4361384259259259 0.9083255208333333 0.3926199074074074 0.9038984375 0.38058287037037036 0.8968671874999999 0.3764162037037037 0.8940026041666667 0.3778050925925926 0.85128125 0.3620134259259259 0.8370786458333334 0.3339625 0.8273359374999999 0.3273421296296296 0.8098880208333333 0.3102125 0.7960859374999999 0.3028050925925926 0.7802679687499999 0.2918856481481481 0.7617109375 0.2889162037037037 0.7588463541666666 0.28197175925925927 0.7507734374999999 0.2764162037037037 0.7434817708333333 0.2824347222222222 0.6950520833333333 0.29328842592592597 0.6658578125 0.31572916666666667 0.6500770833333332 0.31152175925925923 0.64297578125 0.30591111111111113 0.6268151041666666 0.3134532407407407 0.6187421875 0.3125273148148148 0.6119713541666666 0.3171569444444444 0.6052005208333333 0.32641620370370367 0.6012942708333333 0.3375273148148148
0 0.36770833333333336 0.4351851851851852 0.36692708333333335 0.4476851851851852 0.36822916666666666 0.46435185185185185 0.3731770833333333 0.49583333333333335 0.3770833333333333 0.5023148148148148 0.3765625 0.5050925925925925 0.3841145833333333 0.5143518518518518 0.3846354166666667 0.5185185185185185 0.3893229166666667 0.5259259259259259 0.396875 0.5268518518518519 0.4283854166666667 0.6106481481481482 0.43307291666666664 0.6481481481481481 0.43255208333333334 0.6509259259259259 0.4421875 0.6884259259259259 0.45598958333333334 0.7138888888888889 0.46588541666666666 0.725 0.4705729166666667 0.7291666666666666 0.4947916666666667 0.7412037037037037 0.51796875 0.7430555555555556 0.5346354166666667 0.7402777777777778 0.5572916666666666 0.7282407407407407 0.5723958333333333 0.7143518518518519 0.5828125 0.6981481481481482 0.5950520833333334 0.6680555555555555 0.6 0.6439814814814815 0.6005208333333333 0.6157407407407407 0.6018229166666667 0.6101851851851852 0.6127604166666667 0.6050925925925926 0.61796875 0.6064814814814815 0.625 0.6125 0.63515625 0.6092592592592593 0.6510416666666666 0.5916666666666667 0.6598958333333333 0.5777777777777777 0.6700520833333333 0.5532407407407407 0.67265625 0.5421296296296296 0.67265625 0.49444444444444446 0.66796875 0.48518518518518516 0.6546875 0.47824074074074074 0.6403645833333333 0.475 0.6213541666666667 0.4666666666666667 0.61640625 0.4444444444444444 0.6096354166666667 0.4287037037037037 0.60234375 0.41712962962962963 0.5861979166666667 0.399537037037037 0.575 0.3912037037037037 0.55625 0.3814814814814815 0.5424479166666667 0.37824074074074077 0.5041666666666667 0.375 0.48072916666666665 0.38287037037037036 0.4666666666666667 0.3888888888888889 0.4427083333333333 0.40555555555555556 0.43307291666666664 0.4148148148148148 0.41652239583333334 0.40549212962962966 0.39505208333333336 0.4041666666666667 0.3880208333333333 0.4046296296296296 0.3854166666666667 0.40925925925925927 0.38359375 0.4074074074074074 0.3729166666666667 0.4185185185185185 0.36875 0.42824074074074076
0 0.34332109375000003 0.2653587962962963 0.34427083333333336 0.2875 0.3453125 0.29814814814814816 0.3487044270833334 0.3145717592592593 0.3565872395833333 0.33234305555555554 0.36543151041666666 0.34088703703703704 0.3696611979166667 0.3412287037037037 0.37908203125 0.36139259259259254 0.38408098958333337 0.36617685185185184 0.3886953125 0.4003527777777777 0.39503984375 0.4000111111111111 0.4041666666666667 0.4013888888888889 0.4361979166666667 0.4097222222222222 0.46119791666666665 0.3907407407407407 0.48333333333333334 0.37962962962962965 0.5013020833333334 0.3736111111111111 0.50859375 0.3685185185185185 0.5153645833333333 0.3731481481481482 0.5502604166666667 0.37546296296296294 0.5614583333333333 0.362962962962963 0.57421875 0.34305555555555556 0.5760416666666667 0.3351851851851852 0.5765625 0.3277777777777778 0.5747395833333333 0.30277777777777776 0.57109375 0.2953703703703704 0.5658854166666667 0.2916666666666667 0.5481770833333334 0.2861111111111111 0.5390625 0.2773148148148148 0.5380208333333333 0.27037037037037037 0.5330729166666667 0.2574074074074074 0.5153645833333333 0.2375 0.5052083333333334 0.23055555555555557 0.49192708333333335 0.22546296296296298 0.4674479166666667 0.2212962962962963 0.4627604166666667 0.22268518518518518 0.45625 0.20879629629629629 0.45338541666666665 0.2064814814814815 0.44244791666666666 0.2101851851851852 0.44166666666666665 0.22037037037037038 0.4401041666666667 0.22407407407407406 0.4114583333333333 0.23657407407407408 0.39984661458333337 0.2441694444444444 0.38388880208333337 0.2387013888888889 0.3792744791666667 0.23494212962962965 0.3769671875 0.23562592592592593 0.3735065104166667 0.2369925925925926 0.36235520833333335 0.23665092592592593 0.35274192708333335 0.2434861111111111 0.3444747395833333 0.2537388888888889
0 0.13645833333333332 0.33611111111111114 0.13510494791666666 0.346462037037037 0.13819687500000002 0.3666143518518518 0.1406703125 0.3904310185185185 0.14609375 0.4101851851851852 0.14947916666666666 0.4356481481481482 0.15260416666666668 0.44675925925925924 0.16015625 0.4615740740740741 0.171875 0.4722222222222222 0.19375 0.5606481481481481 0.20520833333333333 0.5791666666666667 0.22161458333333334 0.5930555555555556 0.2296875 0.5958333333333333 0.25546875 0.5976851851851852 0.2796875 0.5893518518518519 0.3072916666666667 0.5675925925925925 0.31614583333333335 0.5560185185185185 0.3296875 0.5291666666666667 0.33619791666666665 0.5018518518518519 0.33515625 0.4726851851851852 0.33619791666666665 0.46944444444444444 0.3619791666666667 0.43472222222222223 0.3645833333333333 0.425 0.3609375 0.3902777777777778 0.35442708333333334 0.3787037037037037 0.3380208333333333 0.3680555555555556 0.3328125 0.3337962962962963 0.32708333333333334 0.3199074074074074 0.31692708333333336 0.30972222222222223 0.29661458333333335 0.2972222222222222 0.28203125 0.29305555555555557 0.2669270833333333 0.29305555555555557 0.25494791666666666 0.29398148148148145 0.2421875 0.29814814814814816 0.22317708333333333 0.3023148148148148 0.19447057291666667 0.32081342592592593 0.18177083333333333 0.3148148148148148 0.16540625 0.3105541666666667 0.15613020833333333 0.3131189814814815 0.146875 0.3236111111111111 0.14036458333333332 0.3296296296296296
0 0.14973958333333334 0.2101851851851852 0.14947916666666666 0.22083333333333333 0.15130208333333334 0.2361111111111111 0.15625 0.262037037037037 0.15807291666666667 0.26435185185185184 0.16354166666666667 0.2824074074074074 0.16484375 0.2935185185185185 0.17052135416666667 0.3010703703703704 0.17608697916666666 0.30473425925925923 0.17979739583333335 0.3087648148148148 0.17959114583333333 0.3146273148148148 0.19505104166666667 0.3204898148148148 0.20721276041666667 0.31242916666666665 0.2210234375 0.3032689814814815 0.24678984375 0.2959407407407407 0.27441145833333336 0.2911773148148148 0.2994791666666667 0.29814814814814816 0.31015625 0.3050925925925926 0.31796875 0.30648148148148147 0.33255208333333336 0.287962962962963 0.3385416666666667 0.2722222222222222 0.3390625 0.2652777777777778 0.33619791666666665 0.25416666666666665 0.33515625 0.24027777777777778 0.33151041666666664 0.2324074074074074 0.31666666666666665 0.22546296296296298 0.31302083333333336 0.21296296296296297 0.3125 0.20694444444444443 0.3078125 0.19814814814814816 0.29322916666666665 0.18564814814814815 0.28125 0.18055555555555555 0.2520833333333333 0.18009259259259258 0.24575911458333335 0.18052222222222222 0.24088541666666666 0.1814814814814815 0.22005208333333334 0.18888888888888888 0.19244791666666666 0.20046296296296295 0.18359375 0.19814814814814816 0.17916666666666667 0.19398148148148148 0.16804791666666666 0.19701064814814814 0.158978125 0.19957546296296297 0.15546875 0.20277777777777778 0.15104166666666666 0.2037037037037037
0 0.00036171875 0.2624013888888889 0 0.475462962962963 0.011979166666666667 0.4861111111111111 0.03203125 0.4949074074074074 0.05026041666666667 0.4949074074074074 0.06145833333333333 0.4925925925925926 0.0875 0.47962962962962963 0.10234375 0.4671296296296296 0.12057291666666667 0.44212962962962965 0.12447916666666667 0.4337962962962963 0.12942708333333333 0.41203703703703703 0.1296875 0.3962962962962963 0.1265625 0.37407407407407406 0.13463541666666667 0.3560185185185185 0.13489583333333333 0.33101851851851855 0.11847473958333334 0.2580046296296296 0.11270312499999999 0.2521421296296296 0.0984375 0.24351851851851852 0.08385416666666666 0.24027777777777778 0.06632369791666666 0.24005046296296298 0.04550442708333333 0.24334814814814812 0.03251822916666667 0.24737870370370368 0.017264583333333337 0.252875
0 0.014583333333333334 0.1550925925925926 0.009375 0.16203703703703703 0 0.16805555555555557 0 0.2361111111111111 0.0078125 0.24861111111111112 0.01171875 0.2518518518518518 0.016092447916666665 0.2537648148148148 0.04474453125 0.24350555555555556 0.07009869791666666 0.2391087962962963 0.09133020833333334 0.24130694444444442 0.10204895833333333 0.24570416666666667 0.11070651041666667 0.25046712962962964 0.11833333333333333 0.25852824074074077 0.13235026041666667 0.322649537037037 0.13853411458333334 0.31678703703703703 0.14657317708333334 0.30213055555555557 0.14966510416666667 0.2896726851851852 0.148840625 0.2739171296296296 0.14713541666666666 0.24722222222222223 0.15 0.2439814814814815 0.15104166666666666 0.23796296296296296 0.14973958333333334 0.19907407407407407 0.14114583333333333 0.16435185185185186 0.13697916666666668 0.15694444444444444 0.12447916666666667 0.14722222222222223 0.11302083333333333 0.14351851851851852 0.09817708333333333 0.14305555555555555 0.08205442708333334 0.14933888888888888 0.07317708333333334 0.15 0.05587578125 0.15410231481481482 0.04505208333333333 0.15833333333333333 0.03229166666666667 0.15694444444444444 0.0265625 0.15324074074074073
0 0.07578125 0.9180555555555555 0.07369791666666667 0.9319444444444445 0.07395833333333333 0.9435185185185185 0.07447916666666667 0.9462962962962963 0.07355598958333333 0.9655444444444444 0.06041666666666667 0.9856481481481482 0.05703125 0.9944444444444445 0.05703125 0.999537037037037 0.18723958333333332 0.999537037037037 0.18776041666666668 0.9944444444444445 0.18567708333333333 0.9884259259259259 0.18177083333333333 0.986574074074074 0.17838541666666666 0.9787037037037037 0.17916666666666667 0.9773148148148149 0.17473958333333334 0.9708333333333333 0.11302083333333333 0.9175925925925926 0.08463541666666667 0.9027777777777778 0.08177083333333333 0.9041666666666667
0 0 0.8503972222222222 0 0.9173657407407407 0.0038986979166666666 0.9178476851851851 0.007422135416666667 0.9298921296296296 0 0.9425925925925925 0 0.9638888888888889 0.019791666666666666 0.9666666666666667 0.02890625 0.9629629629629629 0.040625 0.9736111111111111 0.06067708333333333 0.9796296296296296 0.06901041666666667 0.9712962962962963 0.07369791666666667 0.9638888888888889 0.07864583333333333 0.9495370370370371 0.07630208333333334 0.95 0.0734375 0.9407407407407408 0.0734375 0.9282407407407407 0.07734375 0.9120370370370371 0.08229166666666667 0.9009259259259259 0.08098958333333334 0.8972222222222223 0.07083333333333333 0.8861111111111111 0.015625 0.8402777777777778 0.00579609375 0.8330532407407407