1 0.06449765625 0.4591134259259259 0.0564109375 0.45169305555555556 0.05549791666666667 0.4491425925925926 0.05549791666666667 0.4458962962962963 0.05628046875 0.44276620370370373 0.05758489583333334 0.43951990740740743 0.06032369791666667 0.43650555555555554 0.061432552083333335 0.435462037037037 0.06293229166666667 0.4353458333333333 0.06358463541666666 0.4352300925925926 0.07049739583333332 0.44125879629629633 0.0787796875 0.4445050925925926 0.08021432291666668 0.44705555555555554 0.08099687500000001 0.4509976851851852 0.08099687500000001 0.4547074074074074 0.08067083333333333 0.4570263888888889 0.07969270833333333 0.459925 0.0772796875 0.4631708333333333 0.07532317708333333 0.4659537037037037 0.07317109375 0.46746064814814814 0.07114947916666667 0.4676925925925926 0.06997552083333333 0.46746064814814814
1 0.4745098958333333 0.43661342592592595 0.47248255208333334 0.427275 0.47119218749999997 0.4249814814814815 0.46925703124999996 0.42334305555555557 0.4671375 0.42301527777777775 0.46483359375 0.42367083333333333 0.46271406249999997 0.42596435185185183 0.4617002604166667 0.42874953703703705 0.46105520833333336 0.4320259259259259 0.4624375 0.4416921296296296 0.46142369791666665 0.44627962962962964 0.46151588541666666 0.4498837962962963 0.46216093750000004 0.45316064814814816 0.46381979166666665 0.45660092592592594 0.46612369791666663 0.45856712962962964 0.4684276041666667 0.4598777777777778 0.4727588541666667 0.4592222222222222 0.47626093750000004 0.4539796296296296 0.4775510416666667 0.4498837962962963 0.47810390625000004 0.4449689814814815 0.4775510416666667 0.44152824074074076
1 0.5833458333333332 0.6794129629629629 0.5805812499999999 0.6789217592592592 0.5786458333333333 0.6771194444444444 0.5768028645833333 0.6743342592592592 0.5755125 0.6702384259259259 0.5744989583333333 0.6672893518518519 0.5740380208333333 0.6635212962962963 0.5740380208333333 0.6587703703703703 0.5747752604166667 0.654674537037037 0.5759734375 0.651725462962963 0.5776322916666667 0.6495953703703704 0.5786458333333333 0.6468106481481481 0.5796596354166667 0.6446805555555556 0.5815947916666667 0.6430421296296296 0.5830692708333333 0.642550925925926 0.5861104166666667 0.6427148148148147 0.5879536458333334 0.6440254629629629 0.5899809895833333 0.6473018518518519 0.5910869791666666 0.6500870370370371 0.5912713541666667 0.6532 0.5934830729166667 0.6584425925925926 0.5945888020833333 0.6641768518518519 0.5942203125 0.6674532407407407 0.5938515624999999 0.6707300925925926 0.5923770833333334 0.6741703703703704 0.58924375 0.6771194444444444
2 0.6212338541666667 0.6747124999999999 0.6254229166666666 0.6770236111111112 0.6288830729166667 0.6735638888888889 0.6336411458333333 0.6643375 0.63320859375 0.6593398148148149 0.6312622395833334 0.6543425925925926 0.6273692708333333 0.6528046296296296 0.6234765625 0.6585712962962963 0.6202322916666667 0.6631842592592593 0.6197997395833333 0.670488425925926
2 0.5037940104166666 0.46046574074074076 0.5087682291666666 0.46161898148148145 0.5114484375 0.45520740740740745 0.51166484375 0.4413680555555556 0.5105833333333334 0.4371388888888889 0.5086369791666666 0.43444814814814814 0.5053929687500001 0.4348324074074074 0.5038791666666667 0.44059907407407406 0.50163125 0.45431481481481484
2 0.09755234375 0.45306851851851854 0.10536406250000001 0.463725 0.10795911458333333 0.4656472222222222 0.11185208333333334 0.463725 0.11293333333333333 0.4571898148148148 0.10731041666666667 0.44911666666666666 0.10255234375 0.4437347222222222 0.09887578125 0.44335046296296293 0.09606432291666667 0.44681018518518517
0 0.7924479166666667 0.6606481481481481 0.79296875 0.6824074074074075 0.8002604166666667 0.7125 0.8075520833333333 0.7236111111111111 0.8130208333333333 0.725925925925926 0.83046875 0.7592592592592593 0.8307291666666666 0.7657407407407407 0.83671875 0.7722222222222223 0.8375 0.7791666666666667 0.8453125 0.7958333333333333 0.85 0.7958333333333333 0.8606770833333334 0.8069444444444445 0.8861979166666667 0.8212962962962963 0.89765625 0.8236111111111111 0.9315104166666667 0.8393518518518519 0.9455729166666667 0.8416666666666667 0.9614583333333333 0.8388888888888889 0.9770833333333333 0.8291666666666667 0.9848958333333333 0.8217592592592593 0.9997395833333333 0.7981481481481482 0.9997395833333333 0.6606481481481481 0.9979166666666667 0.6601851851851852 0.9953125 0.6513888888888889 0.98828125 0.6425925925925926 0.9822916666666667 0.6291666666666667 0.9651041666666667 0.6046296296296296 0.9364583333333333 0.5745370370370371 0.9221354166666667 0.5671296296296297 0.89765625 0.5615740740740741 0.88515625 0.5625 0.8734375 0.5666666666666667 0.8575520833333333 0.5782407407407407 0.8450520833333334 0.5962962962962963 0.83828125 0.6125 0.83046875 0.6430555555555556 0.8243489583333333 0.649537037037037 0.80703125 0.6430555555555556 0.8 0.6439814814814815 0.79453125 0.6481481481481481
0 0.6502604166666667 0.45694444444444443 0.6505208333333333 0.47638888888888886 0.6541666666666667 0.49444444444444446 0.6575520833333334 0.5023148148148148 0.66484375 0.5101851851851852 0.6716145833333333 0.513425925925926 0.678125 0.5106481481481482 0.6851072916666666 0.5202444444444445 0.6969604166666666 0.5527731481481482 0.7015354166666667 0.5623842592592593 0.7135966145833332 0.5768 0.7333520833333333 0.5867805555555555 0.7526041666666666 0.587037037037037 0.7848958333333333 0.5722222222222222 0.8033854166666666 0.5583333333333333 0.8114583333333333 0.5472222222222223 0.8192708333333333 0.5310185185185186 0.8268229166666666 0.5087962962962963 0.82734375 0.49953703703703706 0.8322916666666667 0.487962962962963 0.83828125 0.4875 0.8533854166666667 0.4773148148148148 0.8630208333333333 0.46296296296296297 0.8653645833333333 0.4513888888888889 0.8598958333333333 0.425462962962963 0.8533854166666667 0.41712962962962963 0.8450520833333334 0.4162037037037037 0.82890625 0.425 0.8015625 0.39490740740740743 0.78828125 0.3768518518518518 0.7799479166666666 0.36944444444444446 0.765625 0.35833333333333334 0.7481770833333333 0.35509259259259257 0.72109375 0.362962962962963 0.7096354166666666 0.3726851851851852 0.7005208333333334 0.3851851851851852 0.6955729166666667 0.4 0.68984375 0.40879629629629627 0.68515625 0.42453703703703705 0.6830729166666667 0.4395833333333333 0.6763020833333333 0.44907407407407407 0.6716145833333333 0.449537037037037 0.6578125 0.4444444444444444 0.6544270833333333 0.44722222222222224
0 0.47604166666666664 0.6675925925925926 0.47630208333333335 0.6888888888888889 0.47734375 0.6958333333333333 0.47994791666666664 0.700925925925926 0.484375 0.7050925925925926 0.5140625 0.7180555555555556 0.525 0.7560185185185185 0.53203125 0.7717592592592593 0.5401041666666667 0.7837962962962963 0.5622395833333333 0.8055555555555556 0.5817708333333333 0.8125 0.5994791666666667 0.8111111111111111 0.61875 0.7986111111111112 0.6309895833333333 0.7837962962962963 0.6403645833333333 0.7689814814814815 0.6450520833333333 0.7569444444444444 0.6471354166666666 0.7476851851851852 0.65 0.7435185185185185 0.6518229166666667 0.7310185185185185 0.6552083333333333 0.7212962962962963 0.66171875 0.7157407407407408 0.66640625 0.7212962962962963 0.6716145833333333 0.7212962962962963 0.6856770833333333 0.7162037037037037 0.68984375 0.7101851851851851 0.69453125 0.6935185185185185 0.6947916666666667 0.6805555555555556 0.6932291666666667 0.6601851851851852 0.6885416666666667 0.6472222222222223 0.6830729166666667 0.6439814814814815 0.65850703125 0.6421296296296296 0.6528645833333333 0.6365740740740741 0.6427083333333333 0.6060185185185185 0.6278645833333333 0.5773148148148148 0.6145833333333334 0.5634259259259259 0.60234375 0.5555555555555556 0.58515625 0.55 0.5638020833333334 0.5532407407407407 0.55 0.5615740740740741 0.5375 0.5736111111111111 0.5244791666666667 0.5962962962962963 0.5145833333333333 0.6263888888888889 0.5135416666666667 0.6328703703703704 0.5083333333333333 0.6370370370370371 0.4942708333333333 0.637962962962963 0.4875 0.6361111111111111 0.48125 0.6402777777777777 0.47734375 0.6472222222222223
0 0.37916666666666665 0.45925925925925926 0.37890625 0.4726851851851852 0.3841145833333333 0.49537037037037035 0.390625 0.5023148148148148 0.39765625 0.5064814814814815 0.4041666666666667 0.5087962962962963 0.4080729166666667 0.5064814814814815 0.41302083333333334 0.5097222222222222 0.4205729166666667 0.5333333333333333 0.4354166666666667 0.5587962962962963 0.4421875 0.5671296296296297 0.46770833333333334 0.586574074074074 0.4791666666666667 0.5884259259259259 0.4981770833333333 0.5861111111111111 0.5065104166666666 0.5763888888888888 0.51796875 0.5606481481481481 0.5205729166666667 0.5430555555555555 0.5265625 0.5305555555555556 0.5356770833333333 0.5037037037037037 0.5502604166666667 0.5064814814814815 0.5580729166666667 0.5027777777777778 0.56484375 0.4935185185185185 0.5674479166666667 0.4875 0.56953125 0.4773148148148148 0.5682291666666667 0.449537037037037 0.5645833333333333 0.43472222222222223 0.55390625 0.43148148148148147 0.5408854166666667 0.4324074074074074 0.5338541666666666 0.42916666666666664 0.5263020833333333 0.4046296296296296 0.5169270833333334 0.38564814814814813 0.5005208333333333 0.36898148148148147 0.48098958333333336 0.3611111111111111 0.471875 0.36157407407407405 0.46041666666666664 0.36527777777777776 0.4440104166666667 0.37592592592592594 0.42734375 0.39814814814814814 0.41640625 0.4217592592592593 0.4153645833333333 0.42962962962962964 0.40911458333333334 0.4351851851851852 0.39166666666666666 0.4361111111111111 0.38697916666666665 0.43842592592592594 0.3809895833333333 0.44583333333333336
0 0.2570752604166667 0.6523796296296297 0.25625 0.6736111111111112 0.2557291666666667 0.6824074074074075 0.25807291666666665 0.6888888888888889 0.26684895833333333 0.6982152777777778 0.28202942708333334 0.7022814814814815 0.2872395833333333 0.6995370370370371 0.29270833333333335 0.7361111111111112 0.29921875 0.7546296296296297 0.3065104166666667 0.7699074074074074 0.32473958333333336 0.787962962962963 0.3385416666666667 0.7949074074074074 0.359375 0.7912037037037037 0.38974869791666666 0.7721444444444445 0.4063848958333333 0.7499657407407407 0.41844609375 0.7137407407407408 0.42780390625000003 0.7104138888888889 0.4400729166666667 0.704499537037037 0.446875 0.6967592592592593 0.44973958333333336 0.6888888888888889 0.4515625 0.6726851851851852 0.4513020833333333 0.6569444444444444 0.45026041666666666 0.6467592592592593 0.44869791666666664 0.6430555555555556 0.4466145833333333 0.6393518518518518 0.4401041666666667 0.6351851851851852 0.4283854166666667 0.6370370370370371 0.42291666666666666 0.6402777777777777 0.41875 0.6370370370370371 0.41796875 0.6291666666666667 0.4125 0.6027777777777777 0.40338541666666666 0.5824074074074074 0.39453125 0.5689814814814815 0.3846354166666667 0.5597222222222222 0.3768229166666667 0.5555555555555556 0.3625 0.5527777777777778 0.3580729166666667 0.5527777777777778 0.3424479166666667 0.5592592592592592 0.33203125 0.5662037037037037 0.3177083333333333 0.5796296296296296 0.309375 0.5930555555555556 0.29322916666666665 0.6356481481481482 0.2825520833333333 0.6388888888888888 0.2796875 0.6361111111111111 0.26901041666666664 0.6356481481481482 0.265625 0.6333333333333333 0.26197916666666665 0.6393518518518518
0 0.18385416666666668 0.4828703703703704 0.18385416666666668 0.49444444444444446 0.18854166666666666 0.5092592592592593 0.19348958333333333 0.5152777777777777 0.20651041666666667 0.5222222222222223 0.21549479166666666 0.5226851851851851 0.21927083333333333 0.5259259259259259 0.2234375 0.5462962962962963 0.23098958333333333 0.5606481481481481 0.23984375 0.5717592592592593 0.2513020833333333 0.5791666666666667 0.27057291666666666 0.5828703703703704 0.2833333333333333 0.5898148148148148 0.29791666666666666 0.5916666666666667 0.3067674479166667 0.5865814814814815 0.31446171874999995 0.5814064814814814 0.325 0.5712962962962963 0.3321377604166667 0.5570097222222222 0.34045572916666667 0.5333523148148148 0.34378307291666665 0.5052597222222223 0.35542838541666666 0.49860601851851855 0.3606770833333333 0.47962962962962963 0.3625 0.4685185185185185 0.36276041666666664 0.4537037037037037 0.35911458333333335 0.4449074074074074 0.35520833333333335 0.44212962962962965 0.34817708333333336 0.44212962962962965 0.3377604166666667 0.4476851851851852 0.334375 0.4439814814814815 0.33046875 0.4263888888888889 0.32708333333333334 0.4199074074074074 0.32473958333333336 0.4111111111111111 0.31588541666666664 0.3976851851851852 0.30052083333333335 0.38657407407407407 0.2872395833333333 0.3837962962962963 0.27109375 0.38935185185185184 0.24479166666666666 0.40879629629629627 0.23463541666666668 0.42453703703703705 0.23177083333333334 0.4393518518518518 0.22447916666666667 0.46111111111111114 0.21510416666666668 0.46620370370370373 0.20442708333333334 0.4638888888888889 0.19348958333333333 0.4648148148148148 0.18671875 0.4708333333333333
0 0.05911458333333333 0.6680555555555555 0.058333333333333334 0.6787037037037037 0.06067708333333333 0.6958333333333333 0.06927083333333334 0.6981481481481482 0.07552083333333333 0.6981481481481482 0.07786458333333333 0.6962962962962963 0.08255208333333333 0.6981481481481482 0.08802083333333334 0.7194444444444444 0.08854166666666667 0.7314814814814815 0.09140625 0.75 0.10234375 0.7759259259259259 0.1125 0.7865740740740741 0.12994791666666666 0.7925925925925926 0.140625 0.7916666666666666 0.159375 0.7810185185185186 0.18203125 0.7796296296296297 0.18958333333333333 0.7759259259259259 0.20182291666666666 0.7657407407407407 0.21015625 0.7555555555555555 0.21875 0.7407407407407407 0.225 0.725925925925926 0.22630208333333332 0.7185185185185186 0.23229166666666667 0.7023148148148148 0.23489583333333333 0.6981481481481482 0.23799765625 0.6681967592592593 0.23515625 0.6509259259259259 0.21907395833333335 0.617925462962963 0.20805234375 0.6090537037037037 0.20338541666666668 0.5949074074074074 0.196875 0.5805555555555556 0.1859375 0.5689814814814815 0.17239583333333333 0.5638888888888889 0.16458333333333333 0.5634259259259259 0.15338541666666666 0.5662037037037037 0.12715911458333334 0.5820699074074074 0.11156276041666667 0.6038787037037037 0.10137317708333334 0.6293842592592592 0.09596640625000001 0.6426912037037037 0.08125 0.6402777777777777 0.07395833333333333 0.6398148148148148 0.06666666666666667 0.6449074074074074 0.06354166666666666 0.6504629629629629
0 0.0067708333333333336 0.4699074074074074 0.004166666666666667 0.4837962962962963 0.00546875 0.49074074074074076 0.012174479166666667 0.4991300925925926 0.02111640625 0.5080018518518519 0.029642447916666665 0.515025 0.03411458333333333 0.5365740740740741 0.036458333333333336 0.5449074074074074 0.03958333333333333 0.5504629629629629 0.05182291666666667 0.5643518518518519 0.07109375 0.575 0.08333333333333333 0.575 0.09262161458333333 0.5717592592592593 0.10833333333333334 0.5819444444444445 0.11588541666666667 0.5842592592592593 0.12447916666666667 0.5837962962962963 0.13333333333333333 0.5796296296296296 0.15520833333333334 0.5625 0.16614583333333333 0.5444444444444444 0.17083333333333334 0.5296296296296297 0.17578125 0.5055555555555555 0.17473958333333334 0.4527777777777778 0.16484375 0.44074074074074077 0.15572916666666667 0.43796296296296294 0.15208333333333332 0.43472222222222223 0.14479166666666668 0.40879629629629627 0.14088541666666668 0.40046296296296297 0.125 0.38333333333333336 0.11223958333333334 0.37824074074074077 0.096875 0.37962962962962965 0.08046875 0.3888888888888889 0.06276041666666667 0.40694444444444444 0.050520833333333334 0.42685185185185187 0.04149583333333333 0.44553194444444444 0.023958333333333335 0.44722222222222224 0.012239583333333333 0.45046296296296295
0 0.0015625 0.5611111111111111 0 0.5611111111111111 0 0.7685185185185185 0.01953125 0.7597222222222222 0.03802083333333333 0.7430555555555556 0.048066927083333336 0.7226523148148148 0.055969010416666666 0.7052791666666667 0.05807291666666667 0.6939814814814815 0.0578125 0.6759259259259259 0.061197916666666664 0.6597222222222222 0.06428723958333334 0.6472449074074074 0.058333333333333334 0.6263888888888889 0.05260416666666667 0.6152777777777778 0.04765625 0.6097222222222223 0.028125 0.5976851851851852 0.024739583333333332 0.5939814814814814 0.019270833333333334 0.5791666666666667 0.015885416666666666 0.5740740740740741