0 0.15625 0.5145833333333333 0.1515625 0.5270833333333333 0.1328125 0.5395833333333333 0.125 0.5541666666666667 0.0921875 0.55625 0.046875 0.5708333333333333 0.0140625 0.6083333333333333 0 0.6354166666666666 0 0.7208333333333333 0.0203125 0.7666666666666667 0.0125 0.83125 0.0171875 0.8416666666666667 0.040625 0.8583333333333333 0.084375 0.8583333333333333 0.0984375 0.8666666666666667 0.140625 0.8645833333333334 0.175 0.8354166666666667 0.1921875 0.8083333333333333 0.1953125 0.775 0.2203125 0.7125 0.221875 0.6729166666666667 0.2125 0.63125 0.1890625 0.5895833333333333 0.1953125 0.56875 0.19375 0.53125 0.1859375 0.5208333333333334 0.159375 0.5145833333333333
0 0.3890625 0.4354166666666667 0.38125 0.4354166666666667 0.365625 0.47708333333333336 0.3171875 0.48541666666666666 0.290625 0.5041666666666667 0.275 0.5229166666666667 0.2640625 0.55 0.259375 0.6041666666666666 0.2734375 0.65 0.2765625 0.6958333333333333 0.290625 0.73125 0.31875 0.7625 0.3859375 0.7666666666666667 0.4015625 0.7604166666666666 0.4296875 0.73125 0.44375 0.69375 0.4734375 0.65625 0.4796875 0.5854166666666667 0.471875 0.5583333333333333 0.4484375 0.5208333333333334 0.421875 0.49583333333333335 0.4203125 0.4479166666666667 0.396875 0.4354166666666667
0 0.2921875 0.26458333333333334 0.28125 0.26666666666666666 0.2765625 0.2833333333333333 0.2625 0.28958333333333336 0.234375 0.28958333333333336 0.190625 0.30416666666666664 0.1671875 0.32916666666666666 0.1578125 0.35 0.1546875 0.38958333333333334 0.16875 0.4375 0.171875 0.49375 0.2015625 0.5270833333333333 0.2375 0.5395833333333333 0.2640625 0.5354166666666667 0.2828125 0.5083333333333333 0.315625 0.48333333333333334 0.31875 0.45625 0.334375 0.42291666666666666 0.3453125 0.3729166666666667 0.33125 0.3333333333333333 0.3109375 0.3104166666666667 0.3140625 0.2791666666666667 0.3 0.26458333333333334
0 0.4765625 0.21666666666666667 0.465625 0.22083333333333333 0.45625 0.24375 0.425 0.24375 0.390625 0.25625 0.375 0.27291666666666664 0.3671875 0.29583333333333334 0.365625 0.3333333333333333 0.3734375 0.35208333333333336 0.371875 0.41041666666666665 0.38125 0.42916666666666664 0.4171875 0.4354166666666667 0.425 0.4625 0.43125 0.4666666666666667 0.4640625 0.4666666666666667 0.4875 0.4583333333333333 0.503125 0.4395833333333333 0.5125 0.4041666666666667 0.5234375 0.3958333333333333 0.5390625 0.36041666666666666 0.540625 0.3229166666666667 0.5359375 0.30833333333333335 0.5203125 0.2833333333333333 0.496875 0.2604166666666667 0.4953125 0.22708333333333333 0.478125 0.21875
0 0.3578125 0.1 0.3484375 0.11666666666666667 0.3078125 0.12083333333333333 0.2796875 0.1375 0.265625 0.16666666666666666 0.265625 0.18958333333333333 0.275 0.2125 0.2723609375 0.25681875 0.277434375 0.26865208333333335 0.2953125 0.2604166666666667 0.3125 0.26875 0.3171875 0.275 0.3171875 0.3020833333333333 0.3234375 0.30833333333333335 0.3625 0.3020833333333333 0.371875 0.27291666666666664 0.3984375 0.24583333333333332 0.4015625 0.22708333333333333 0.4140625 0.2125 0.4203125 0.19375 0.421875 0.175 0.4125 0.15208333333333332 0.3953125 0.13333333333333333 0.39285156250000003 0.12890208333333333 0.39285156250000003 0.10579791666666667 0.38016875 0.09847291666666667 0.366640625 0.09509166666666666
0 0.5125 0.08125 0.5015625 0.09375 0.4609375 0.1 0.4421875 0.11458333333333333 0.4359375 0.1375 0.4359375 0.15416666666666667 0.4421875 0.16875 0.4390625 0.22291666666666668 0.4453125 0.2375 0.4546875 0.24166666666666667 0.4625 0.22291666666666668 0.4828125 0.21458333333333332 0.4984375 0.22708333333333333 0.4984375 0.25416666666666665 0.503125 0.26458333333333334 0.528125 0.2708333333333333 0.546875 0.25625 0.5546875 0.21458333333333332 0.5703125 0.20208333333333334 0.575 0.18958333333333333 0.578125 0.16041666666666668 0.56875 0.1375 0.5359375 0.10833333333333334 0.5296875 0.0875 0.51875 0.08125
0 0.435546875 0 0.378125 0 0.3609375 0.016666666666666666 0.3484375 0.03958333333333333 0.3546875 0.07083333333333333 0.3515625 0.10833333333333334 0.3609375 0.09791666666666667 0.3828125 0.09791666666666667 0.3953125 0.11458333333333333 0.3953125 0.13125 0.4234375 0.17083333333333334 0.4328125 0.16041666666666668 0.4328125 0.1375 0.4421875 0.11041666666666666 0.4703125 0.09375 0.4765625 0.06875 0.475 0.05 0.44375 0.014583333333333334 0.44375 0
0 0.5484375 0 0.5015625 0 0.4890625 0.010416666666666666 0.4875 0.09166666666666666 0.5078125 0.09583333333333334 0.5140625 0.07708333333333334 0.5203125 0.07708333333333334 0.534375 0.09375 0.5359375 0.10625 0.5734375 0.13541666666666666 0.6 0.075 0.603125 0.04791666666666667 0.590625 0.025 0.55625 0
0 0.19375 0.04583333333333333 0.1703125 0.052083333333333336 0.1625 0.07083333333333333 0.1703125 0.12708333333333333 0.190625 0.13958333333333334 0.209375 0.1375 0.225 0.125 0.234375 0.07708333333333334 0.2265625 0.05625 0.2015625 0.04583333333333333
0 0.11875 0.022916666666666665 0.103125 0.03125 0.0984375 0.041666666666666664 0.103125 0.09583333333333334 0.1171875 0.10833333333333334 0.140625 0.10833333333333334 0.1609375 0.08958333333333333 0.165625 0.041666666666666664 0.1640625 0.035416666666666666 0.121875 0.022916666666666665
0 0.0625 0.0125 0.046875 0.016666666666666666 0.034375 0.04375 0.040625 0.08125 0.0515625 0.09375 0.075 0.09166666666666666 0.0765625 0.03125 0.071875 0.0125
0 0.009375 0 0 0 0 0.075 0.0078125 0.07708333333333334 0.0265625 0.07291666666666667 0.0359375 0.0625 0.0328125 0.041666666666666664 0.040625 0.0125 0.01875 0
1 0.0984375 0.6041666666666666 0.0921875 0.6145833333333334 0.0953125 0.6520833333333333 0.1015625 0.6625 0.1109375 0.6625 0.115625 0.65625 0.115625 0.6375 0.1125 0.6145833333333334 0.1046875 0.6041666666666666
1 0.371875 0.51875 0.3625 0.55 0.371875 0.56875 0.3875 0.5604166666666667 0.3875 0.525 0.3828125 0.51875
1 0.2484375 0.30625 0.24375 0.3125 0.24375 0.35 0.25625 0.3541666666666667 0.2609375 0.3458333333333333 0.2609375 0.3125 0.25 0.30625
1 0.4578125 0.25833333333333336 0.45 0.28541666666666665 0.45625 0.3 0.4703125 0.29375 0.471875 0.26666666666666666 0.4671875 0.25833333333333336
2 0.07291875 0.7184041666666666 0.0810125 0.71486875 0.078890625 0.7035541666666667 0.0735859375 0.6917708333333333 0.0675734375 0.6941270833333333 0.066865625 0.7021416666666667
2 0.3566390625 0.62825 0.3652359375 0.6303708333333333 0.3701875 0.6223583333333333 0.36947968750000004 0.5997312499999999 0.36240625 0.5954875000000001 0.356040625 0.5983166666666667
2 0.2293625 0.39844583333333333 0.23544218749999998 0.3956166666666666 0.234734375 0.3786479166666667 0.23367343749999997 0.3706333333333333 0.2294296875 0.3682770833333333 0.22483124999999998 0.3706333333333333 0.224478125 0.39043125 0.2255390625 0.39656041666666664
2 0.4423734375 0.33009374999999996 0.444603125 0.31324166666666664 0.44955468749999994 0.31135625 0.45450468749999995 0.31606875 0.45344375000000003 0.33068333333333333 0.45202968749999994 0.33822500000000005 0.44849218750000003 0.34199583333333333 0.4438953125 0.34011041666666664
2 0.33100625 0.18631875 0.337796875 0.18360833333333335 0.338503125 0.16946666666666665 0.3370890625 0.16286666666666666 0.331784375 0.16239583333333335 0.328246875 0.16758125 0.3286015625 0.17889375
2 0.504371875 0.16098125 0.512153125 0.16098125 0.5153359375 0.14683958333333333 0.5160421875 0.13835416666666667 0.5114453125 0.135525 0.5072015624999999 0.135525 0.504371875 0.14448125 0.5015421875 0.15438125
1 0.3442640625 0.15391041666666666 0.356540625 0.15108125 0.35689375 0.14401041666666667 0.3558328125 0.13788333333333333 0.3561875 0.1275125 0.3540640625 0.12468333333333333 0.348759375 0.1242125 0.3431015625 0.12562708333333333 0.3413328125 0.13363958333333334 0.3413328125 0.14165416666666666 0.33815 0.1482541666666667 0.3409796875 0.152025
1 0.5113140625 0.13033958333333334 0.520640625 0.1308125 0.524884375 0.12892708333333333 0.522409375 0.1143125 0.5238234375 0.10535625 0.5220546875000001 0.10252708333333334 0.5153359375 0.10064166666666667 0.5107375000000001 0.10205625 0.5093234375 0.11054166666666668 0.504725 0.1176125 0.5036640625000001 0.12515416666666665 0.5075546875 0.1275125
1 0.41453749999999995 0.031989583333333335 0.420721875 0.031516666666666665 0.4247421875 0.03025625 0.42426875 0.018279166666666666 0.4247421875 0.009770833333333334 0.42403281249999997 0.0050416666666666665 0.41599375 0.004727083333333334 0.41315625 0.013237500000000001 0.4117375 0.02206041666666667 0.4112640625 0.03025625
1 0.5460406250000001 0.018593750000000003 0.55124375 0.019856250000000002 0.55668125 0.01765 0.559046875 0.0104 0.5583375 0.001575 0.5583375 0 0.546278125 0 0.5450953125 0.009454166666666668 0.54273125 0.0163875
2 0.540996875 0.04380833333333333 0.547696875 0.041285416666666665 0.549115625 0.03466875 0.55100625 0.026158333333333332 0.549115625 0.02300625 0.5450953125 0.02300625 0.5422578125 0.02332291666666667 0.5403671875 0.030885416666666665 0.538475 0.03781875
2 0.4080375 0.033564583333333335 0.412446875 0.03435208333333333 0.412446875 0.04160208333333334 0.410790625 0.052316666666666664 0.41031874999999995 0.05798958333333334 0.4062984375 0.05862083333333334 0.40157031249999997 0.05546875 0.4013328125 0.047275 0.4022796875 0.03466875 0.40393437499999996 0.03372291666666667