1 0.22694869791666666 0.5965351851851852 0.2322747395833333 0.5958189814814815 0.23449505208333335 0.5928583333333334 0.236715625 0.586937962962963 0.23715989583333333 0.5839773148148149 0.2366046875 0.5798328703703705 0.23249661458333334 0.5733203703703704 0.23038723958333335 0.5668074074074074 0.22916588541666666 0.5630578703703704 0.22761145833333335 0.5612814814814815 0.22561302083333334 0.5604921296296297 0.22294843749999999 0.5618736111111111 0.22017265625 0.5644393518518519 0.21861822916666668 0.5670046296296296 0.21784114583333333 0.5707546296296296 0.21961744791666668 0.5786490740740741 0.22006171875 0.5827935185185186 0.22050572916666666 0.5875300925925926 0.22250416666666667 0.5930560185185185 0.22516875 0.5958189814814815
1 0.3470184895833333 0.46993703703703704 0.3500518229166667 0.4699143518518518 0.35282760416666664 0.46813796296296295 0.35482604166666665 0.4657699074074074 0.3559361979166667 0.46280925925925925 0.3562692708333334 0.4586648148148148 0.35571432291666666 0.45570462962962965 0.3539377604166667 0.4521523148148148 0.35216145833333334 0.4432712962962963 0.3511622395833333 0.44050833333333334 0.3491635416666667 0.43892916666666665 0.34672109375000004 0.43912685185185185 0.3445005208333333 0.4403106481481482 0.34294609375 0.4436657407407407 0.34227994791666666 0.4464287037037037 0.34372317708333333 0.45491527777777774 0.34305703125 0.4643884259259259 0.34427838541666667 0.4675458333333333
1 0.42335989583333333 0.607175462962963 0.4268856770833333 0.6062981481481482 0.4288841145833333 0.6035351851851851 0.43054947916666664 0.6003773148148148 0.4308825520833333 0.5948513888888889 0.42988333333333334 0.5905092592592592 0.42844010416666667 0.5861675925925927 0.4274408854166667 0.5772865740740741 0.42677473958333334 0.5743263888888889 0.4247760416666667 0.5721555555555555 0.42244453125 0.5713657407407408 0.42033515625 0.5723527777777777 0.41811458333333335 0.5745236111111112 0.41678229166666664 0.5770893518518518 0.41611614583333334 0.581036574074074 0.41678229166666664 0.5875490740740741 0.415671875 0.5907069444444444 0.41556093749999995 0.5952458333333334 0.41656015625 0.6001800925925925 0.41855859375000004 0.6041268518518519 0.42089010416666667 0.6064953703703704
1 0.52193203125 0.4788402777777778 0.52454453125 0.47824351851851854 0.5270981770833333 0.47646712962962967 0.5287635416666666 0.4725199074074074 0.5286526041666667 0.46955972222222225 0.5272091145833333 0.4636388888888889 0.5276533854166667 0.45495555555555556 0.5269872395833334 0.4512055555555556 0.5247666666666667 0.4488375 0.5222130208333333 0.44765324074074075 0.5199924479166667 0.44844259259259256 0.5181049479166666 0.45140277777777776 0.5176609375 0.4610736111111111 0.5157734374999999 0.46719166666666667 0.5157734374999999 0.4707439814814815 0.5173278645833334 0.4742962962962963 0.5193263020833333 0.4776513888888889
1 0.6202598958333333 0.6056555555555555 0.6233609375 0.6088018518518519 0.6273578125 0.6091967592592593 0.6306885416666667 0.6068282407407407 0.6327981770833334 0.6036708333333334 0.6314658854166667 0.5936055555555556 0.6322429687500001 0.5857111111111111 0.63235390625 0.5815666666666667 0.6316877604166666 0.5780143518518518 0.6298002604166667 0.5742648148148148 0.6272468750000001 0.5728828703703703 0.6250263020833333 0.5728828703703703 0.62247265625 0.5746592592592592 0.6208072916666667 0.5778171296296296 0.62047421875 0.5827509259259259 0.6195859375 0.5857111111111111 0.6181424479166666 0.5868953703703703 0.6161440104166667 0.5898555555555556 0.6158109374999999 0.5936055555555556 0.6163661458333334 0.5979472222222222 0.6182536458333333 0.6032759259259259
1 0.6893947916666666 0.4805773148148148 0.69215078125 0.4823106481481481 0.69603671875 0.48132361111111116 0.6984794270833333 0.4791527777777778 0.6993674479166666 0.47599490740740735 0.699034375 0.46889027777777775 0.7002557291666667 0.46119351851851853 0.700921875 0.4570486111111111 0.69981171875 0.4544833333333333 0.6973690104166667 0.4517203703703704 0.6952596354166667 0.4507333333333333 0.69203984375 0.45112824074074076 0.6908184895833334 0.45329907407407405 0.689153125 0.4617851851851852 0.6863773437499999 0.46652175925925926 0.6852671874999999 0.47007453703703705 0.6852671874999999 0.47520555555555555
1 0.82009140625 0.6136898148148148 0.823015625 0.616625462962963 0.8262354166666667 0.6180069444444445 0.82978828125 0.6182046296296296 0.8321197916666667 0.615836111111111 0.83345234375 0.6063629629629629 0.83744921875 0.5961004629629629 0.8380044270833333 0.5933375 0.8377822916666666 0.5913638888888889 0.8360057291666667 0.5874166666666666 0.8340072916666668 0.5846537037037037 0.8322309895833333 0.5824828703703704 0.82956640625 0.5814962962962963 0.8272346354166668 0.5818907407407408 0.8252361979166667 0.5850486111111111 0.8229046875 0.5913638888888889 0.8204619791666666 0.5941268518518519 0.8183526041666667 0.5986662037037037 0.81801953125 0.6032055555555556 0.8185744791666667 0.6081393518518519
1 0.8617432291666667 0.4827490740740741 0.865521875 0.4851986111111111 0.8696296875 0.4851986111111111 0.8719614583333333 0.4840143518518519 0.8727385416666666 0.47829120370370365 0.8729606770833332 0.4741462962962963 0.8760692708333334 0.4660550925925926 0.8768466145833334 0.4630944444444444 0.8766244791666666 0.4605287037037037 0.8750700520833333 0.4577657407407407 0.8731825520833334 0.45559490740740743 0.8705179687500001 0.45401620370370366 0.8680755208333333 0.45421342592592595 0.8664098958333334 0.4553976851851852 0.8649666666666668 0.4575685185185185 0.8631901041666666 0.46329166666666666 0.8620799479166668 0.46684444444444445 0.8600815104166667 0.47000185185185184 0.8581940104166667 0.47454120370370373 0.8583049479166667 0.4780935185185185
2 0.25987057291666665 0.5980875 0.2632510416666667 0.5998208333333334 0.2671822916666667 0.5973902777777778 0.26769505208333333 0.5937444444444445 0.26547317708333334 0.5785537037037036 0.26376380208333333 0.5746037037037037 0.26085833333333336 0.5743 0.25795260416666665 0.5776421296296297 0.2581234375 0.5849337962962964 0.25880729166666666 0.596175
2 0.3749502604166667 0.4747342592592592 0.37896484375 0.47738101851851855 0.38238333333333335 0.47312777777777776 0.38187057291666665 0.4558097222222222 0.3805033854166667 0.4536828703703704 0.3774265625 0.4524675925925926 0.3750338541666667 0.4555060185185185
2 0.45167005208333333 0.6074476851851852 0.4545122395833333 0.6107583333333334 0.4594690104166667 0.6113662037037036 0.46049453125 0.603162962962963 0.461178125 0.589187037037037 0.4599817708333333 0.5855412037037037 0.45690520833333337 0.5849337962962964 0.4545122395833333 0.5873643518518519 0.4522903645833333 0.6010361111111111
2 0.5466296875 0.48309120370370373 0.54873125 0.4856541666666666 0.5528333333333334 0.4871731481481482 0.5535169270833333 0.4747166666666666 0.5550552083333333 0.4668171296296296 0.5542007812499999 0.4628675925925926 0.5512950520833333 0.46195601851851853 0.5490729166666667 0.4628675925925926 0.5468510416666666 0.47714722222222217
2 0.6517432291666666 0.6064449074074074 0.6552151041666666 0.6099166666666667 0.6581208333333334 0.6102208333333333 0.6613684895833334 0.5992828703703704 0.6627356770833334 0.5916875 0.6617101562500001 0.5883453703703704 0.65863359375 0.5856111111111112 0.65641171875 0.5880416666666667 0.6528223958333333 0.5971564814814815 0.6514549479166667 0.6020175925925926
2 0.71492421875 0.48409444444444444 0.7186270833333332 0.48838842592592596 0.7229 0.4798814814814815 0.7258057291666666 0.4689439814814815 0.7259768229166668 0.4656018518518519 0.7234127604166667 0.4622597222222222 0.7205072916666667 0.46347499999999997 0.7155505208333334 0.47623564814814817 0.7140122395833333 0.4804888888888889
2 0.8488078125 0.6221564814814815 0.8527265624999999 0.6249949074074074 0.8575125 0.6237796296296296 0.8662294270833333 0.6043351851851853 0.8650330729166666 0.5982583333333333 0.86195625 0.5958277777777778 0.8580252604166667 0.5958277777777778 0.8537520833333333 0.6037273148148148 0.8494791666666667 0.6122342592592592 0.8479408854166667 0.6167916666666666
2 0.8867916666666668 0.4907800925925926 0.8911838541666667 0.4928324074074074 0.8985335937500001 0.4791606481481482 0.9002427083333333 0.47247685185185184 0.8988755208333333 0.46913472222222224 0.8961406249999999 0.4676152777777778 0.8899875 0.47551481481481483 0.8865690104166667 0.4825027777777777 0.8853726562500001 0.4864523148148149
0 0.14505208333333333 0.6078703703703704 0.14583333333333334 0.6185185185185185 0.15052083333333333 0.6333333333333333 0.15755208333333334 0.6435185185185185 0.171875 0.6541666666666667 0.17395833333333333 0.6625 0.18515625 0.6856481481481481 0.19270833333333334 0.6953703703703704 0.20625 0.7055555555555556 0.21067708333333332 0.7189814814814814 0.21875 0.7314814814814815 0.23463541666666668 0.7393518518518518 0.2520833333333333 0.7356481481481482 0.265625 0.7291666666666666 0.27682291666666664 0.7180555555555556 0.2828125 0.7097222222222223 0.28984375 0.6972222222222222 0.3017046875 0.6574069444444445 0.31231484375 0.6455546296296296 0.3189841145833333 0.6320856481481482 0.32109375 0.6194444444444445 0.3223958333333333 0.6 0.32135416666666666 0.5898148148148148 0.32005208333333335 0.5875 0.31223958333333335 0.5828703703703704 0.2994791666666667 0.5828703703703704 0.29375 0.575462962962963 0.28984375 0.5578703703703703 0.28359375 0.5462962962962963 0.278125 0.5398148148148149 0.2598958333333333 0.5310185185185186 0.25104166666666666 0.5310185185185186 0.23125 0.5361111111111111 0.21979166666666666 0.5425925925925926 0.20208333333333334 0.5587962962962963 0.19244791666666666 0.5708333333333333 0.19036458333333334 0.5763888888888888 0.18515625 0.5800925925925926 0.15807291666666667 0.5814814814814815 0.15364583333333334 0.5856481481481481 0.14973958333333334 0.5930555555555556
0 0.278125 0.4773148148148148 0.2794270833333333 0.49907407407407406 0.28125 0.5046296296296297 0.29311484374999996 0.5205652777777778 0.30069348958333336 0.5205652777777778 0.3079690104166667 0.5291851851851852 0.31676041666666666 0.5507347222222222 0.3265625 0.5824074074074074 0.3394963541666666 0.5976060185185185 0.34713541666666664 0.5898148148148148 0.36666666666666664 0.5875 0.3734375 0.5842592592592593 0.3796875 0.5712962962962963 0.38619791666666664 0.562037037037037 0.4 0.5467592592592593 0.40130208333333334 0.5430555555555555 0.4015625 0.5347222222222222 0.41328125 0.525 0.42135416666666664 0.5148148148148148 0.42578125 0.5050925925925925 0.4270833333333333 0.49166666666666664 0.42604166666666665 0.4740740740740741 0.4234375 0.4685185185185185 0.4197916666666667 0.46620370370370373 0.40859375 0.4666666666666667 0.4044270833333333 0.4648148148148148 0.4002604166666667 0.4587962962962963 0.39817708333333335 0.45 0.38697916666666665 0.4337962962962963 0.37395833333333334 0.4263888888888889 0.3640625 0.42407407407407405 0.3494791666666667 0.425 0.32916666666666666 0.4356481481481482 0.31875 0.44583333333333336 0.31015625 0.45925925925925926 0.302209375 0.4580703703703704 0.2885677083333333 0.4569925925925926 0.28463541666666664 0.4615740740740741 0.2794270833333333 0.4699074074074074
0 0.33828125 0.612037037037037 0.3380208333333333 0.6287037037037037 0.3414502604166667 0.6481305555555555 0.3493330729166667 0.6551351851851852 0.35721588541666666 0.6637879629629629 0.3690104166666667 0.6666666666666666 0.37552083333333336 0.6842592592592592 0.3875 0.7032407407407407 0.39036458333333335 0.7203703703703703 0.3971354166666667 0.7347222222222223 0.4109375 0.7476851851851852 0.42135416666666664 0.750462962962963 0.4322916666666667 0.75 0.44296875 0.7467592592592592 0.45234375 0.7402777777777778 0.46145833333333336 0.7300925925925926 0.46979166666666666 0.7101851851851851 0.47369791666666666 0.6921296296296297 0.47682291666666665 0.6675925925925926 0.49145546875 0.6666722222222222 0.4977153645833334 0.664612037037037 0.5015625 0.6578703703703703 0.5052083333333334 0.6509259259259259 0.51015625 0.6305555555555555 0.5098958333333333 0.6055555555555555 0.50703125 0.5986111111111111 0.5013020833333334 0.5953703703703703 0.48359375 0.5939814814814814 0.47942708333333334 0.5884259259259259 0.4703125 0.5662037037037037 0.46067708333333335 0.5527777777777778 0.44921875 0.5449074074074074 0.43307291666666664 0.5398148148148149 0.41432291666666665 0.5416666666666666 0.40078125 0.5486111111111112 0.38359375 0.5675925925925925 0.37734375 0.5777777777777777 0.37447916666666664 0.587037037037037 0.3450520833333333 0.5925925925925926 0.34088541666666666 0.5990740740740741
0 0.446875 0.4837962962962963 0.4466145833333333 0.5050925925925925 0.45286458333333335 0.5189814814814815 0.45989583333333334 0.5273148148148148 0.46328125 0.5287037037037037 0.47265625 0.5268518518518519 0.4791666666666667 0.5375 0.48098958333333336 0.549537037037037 0.48148255208333335 0.5689620370370371 0.4916291666666667 0.5932847222222222 0.5098958333333333 0.6 0.5119791666666667 0.6092592592592593 0.5322153645833334 0.6075430555555555 0.5369791666666667 0.5972222222222222 0.5450520833333333 0.5907407407407408 0.5562841145833333 0.5928652777777778 0.5562841145833333 0.5760912037037037 0.5593515625 0.5475749999999999 0.56477890625 0.5421231481481482 0.56796875 0.5356481481481481 0.5756333333333333 0.5387685185185185 0.5810606770833334 0.5383490740740741 0.5928591145833334 0.526187962962963 0.59609375 0.5125 0.5958333333333333 0.4888888888888889 0.5919270833333333 0.47824074074074074 0.5859375 0.4759259259259259 0.5723958333333333 0.475462962962963 0.5658854166666667 0.47175925925925927 0.5638020833333334 0.4638888888888889 0.5515625 0.4462962962962963 0.540625 0.43842592592592594 0.5260416666666666 0.4324074074074074 0.5119791666666667 0.4324074074074074 0.49505208333333334 0.4388888888888889 0.48125 0.4537037037037037 0.47760416666666666 0.4597222222222222 0.47630208333333335 0.4652777777777778 0.4627604166666667 0.4648148148148148 0.4515625 0.46805555555555556 0.44947916666666665 0.4708333333333333
0 0.5356770833333333 0.6069444444444444 0.53515625 0.6319444444444444 0.5385416666666667 0.6476851851851851 0.5429445312500001 0.6578657407407408 0.5554510416666666 0.6670916666666666 0.5641817708333333 0.6666722222222222 0.5674479166666667 0.6694444444444444 0.5666666666666667 0.6787037037037037 0.5692708333333333 0.6990740740740741 0.5755208333333334 0.7162037037037037 0.58359375 0.7319444444444444 0.6 0.7462962962962963 0.6098958333333333 0.750462962962963 0.6229166666666667 0.7527777777777778 0.6302083333333334 0.7509259259259259 0.63984375 0.7449074074074075 0.6450520833333333 0.7384259259259259 0.65234375 0.7263888888888889 0.6591145833333333 0.7083333333333334 0.6697916666666667 0.6921296296296297 0.6772098958333334 0.6687689814814815 0.6906601562500001 0.6641560185185185 0.7 0.6541666666666667 0.7059895833333333 0.6402777777777777 0.709375 0.6231481481481481 0.70859375 0.6092592592592593 0.7072916666666667 0.6046296296296296 0.7036458333333333 0.6 0.6947916666666667 0.5962962962962963 0.6713541666666667 0.5935185185185186 0.6643229166666667 0.5782407407407407 0.6497395833333334 0.5597222222222222 0.6359375 0.549074074074074 0.6166666666666667 0.5421296296296296 0.5966145833333333 0.5444444444444444 0.5841145833333333 0.5518518518518518 0.5763020833333333 0.5597222222222222 0.57109375 0.5680555555555555 0.5674479166666667 0.5773148148148148 0.5653645833333333 0.5879629629629629 0.5591145833333333 0.5921296296296297 0.54296875 0.5939814814814814 0.5377604166666666 0.5981481481481481 0.5361979166666667 0.6013888888888889
0 0.61171875 0.49074074074074076 0.6114583333333333 0.4976851851851852 0.61328125 0.5120370370370371 0.6168747395833333 0.5260828703703704 0.62560546875 0.537825 0.6355161458333334 0.537825 0.6366958333333332 0.5499861111111112 0.64991015625 0.5596314814814816 0.6666666666666666 0.5796296296296296 0.6716145833333333 0.5907407407407408 0.70625 0.5986111111111111 0.7111979166666667 0.5953703703703703 0.71484375 0.5805555555555556 0.7190484375 0.568437962962963 0.7310828125000001 0.5575347222222222 0.7386338541666666 0.5369861111111112 0.7455729166666667 0.5365740740740741 0.7520833333333333 0.5324074074074074 0.7591145833333334 0.5226851851851851 0.7625 0.5157407407407407 0.7645833333333333 0.5027777777777778 0.7645833333333333 0.4949074074074074 0.7622395833333333 0.4842592592592593 0.7578125 0.47685185185185186 0.7502604166666667 0.4736111111111111 0.73359375 0.47314814814814815 0.7223958333333333 0.462037037037037 0.7177083333333333 0.4546296296296296 0.7080729166666667 0.44583333333333336 0.69453125 0.43842592592592594 0.6796875 0.43472222222222223 0.6614583333333334 0.43657407407407406 0.6518229166666667 0.44212962962962965 0.64296875 0.4527777777777778 0.63828125 0.46435185185185185 0.63203125 0.47314814814814815 0.61640625 0.4773148148148148
0 0.7268229166666667 0.6217592592592592 0.7270833333333333 0.6333333333333333 0.7333333333333333 0.6555555555555556 0.7377604166666667 0.6671296296296296 0.74765625 0.6759259259259259 0.7471354166666667 0.6824074074074075 0.75078125 0.7027777777777777 0.7658854166666667 0.7337962962962963 0.77578125 0.7421296296296296 0.7861979166666667 0.7541666666666667 0.7997395833333333 0.7601851851851852 0.8096354166666667 0.7620370370370371 0.8244791666666667 0.7597222222222222 0.8359375 0.749537037037037 0.846875 0.7319444444444444 0.8604166666666667 0.7245370370370371 0.8671875 0.7180555555555556 0.8815104166666666 0.6935185185185185 0.8854393229166667 0.6755837962962963 0.8977096354166666 0.6646800925925926 0.9069122395833333 0.6491638888888889 0.9054966145833333 0.6336476851851852 0.9018229166666667 0.6199074074074075 0.8953125 0.6087962962962963 0.8875 0.6046296296296296 0.8705729166666667 0.6050925925925926 0.8674479166666667 0.6032407407407407 0.8598958333333333 0.5935185185185186 0.85625 0.5861111111111111 0.83046875 0.5638888888888889 0.8145833333333333 0.5550925925925926 0.7973958333333333 0.5504629629629629 0.7786458333333334 0.5518518518518518 0.7671875 0.5597222222222222 0.76328125 0.5643518518518519 0.7565104166666666 0.5777777777777777 0.7526041666666666 0.600462962962963 0.7489583333333333 0.6027777777777777 0.7341145833333333 0.6041666666666666 0.73125 0.6083333333333333
0 0.77734375 0.49166666666666664 0.7770833333333333 0.500462962962963 0.7791666666666667 0.5120370370370371 0.7828125 0.5208333333333334 0.7884567708333333 0.5363569444444444 0.8004911458333334 0.5405509259259259 0.8007270833333333 0.5501958333333333 0.8181888020833333 0.5560671296296297 0.8375380208333334 0.5678087962962963 0.8594828125 0.5908736111111111 0.8670338541666667 0.6021962962962962 0.87718046875 0.6047125 0.882371875 0.5929703703703704 0.88897890625 0.5757768518518519 0.90172109375 0.569486111111111 0.90703125 0.5615740740740741 0.9122395833333333 0.549074074074074 0.9182291666666667 0.5398148148148149 0.9252604166666667 0.5328703703703703 0.9341145833333333 0.5185185185185185 0.9380208333333333 0.5060185185185185 0.93671875 0.4949074074074074 0.9278645833333333 0.48333333333333334 0.9151041666666667 0.48009259259259257 0.9005411458333333 0.4797439814814815 0.8866192708333334 0.4621310185185185 0.8653645833333333 0.44583333333333336 0.840625 0.4388888888888889 0.82578125 0.4393518518518518 0.8140625 0.4439814814814815 0.8046875 0.4564814814814815 0.80078125 0.47129629629629627 0.7854166666666667 0.47685185185185186 0.7817708333333333 0.48055555555555557
0 0.915625 0.6328703703703704 0.91484375 0.6472222222222223 0.9226229166666666 0.6657287037037036 0.9245106770833333 0.6825027777777777 0.93046875 0.700925925925926 0.9424479166666667 0.7236111111111111 0.95859375 0.7430555555555556 0.97734375 0.7574074074074074 0.9997395833333333 0.7659550925925925 0.9997395833333333 0.5560185185185185 0.9776041666666667 0.5509259259259259 0.96953125 0.5513888888888889 0.9583333333333334 0.5546296296296296 0.9518229166666666 0.5597222222222222 0.9471354166666667 0.5666666666666667 0.9388020833333334 0.5851851851851851 0.9356770833333333 0.6 0.9247395833333333 0.6078703703703704 0.9174479166666667 0.6199074074074075
0 0.93828125 0.49027777777777776 0.93828125 0.4981481481481482 0.9458333333333333 0.5189814814814815 0.9466145833333334 0.5296296296296297 0.9450520833333333 0.5324074074074074 0.9440104166666666 0.5439814814814815 0.9447916666666667 0.549537037037037 0.9484375 0.5583333333333333 0.9697916666666667 0.5509259259259259 0.9817708333333334 0.5509259259259259 0.9997395833333333 0.5546296296296296 0.9997395833333333 0.43842592592592594 0.9830729166666666 0.44027777777777777 0.9713541666666666 0.44583333333333336 0.965625 0.45601851851851855 0.9635416666666666 0.4675925925925926 0.9572916666666667 0.47175925925925927 0.9473958333333333 0.4740740740740741