1 0.037584114583333335 0.3579037037037037 0.04099505208333333 0.3579569444444444 0.044625000000000005 0.3543513888888889 0.04633307291666667 0.3484685185185185 0.04718697916666667 0.34201666666666664 0.047400520833333334 0.3361337962962963 0.045905989583333334 0.3321486111111111 0.04419791666666666 0.3302509259259259 0.04099505208333333 0.32873287037037036 0.03501666666666667 0.3285430555555556 0.025301822916666668 0.3234194444444444 0.02273958333333333 0.32322962962962964 0.019750520833333333 0.3256967592592593 0.018042447916666666 0.33006157407407405 0.01718828125 0.3351851851851852 0.017508593750000002 0.33973935185185183 0.019003125 0.3431550925925926 0.02273958333333333 0.3461916666666667 0.029145052083333334 0.3494175925925926 0.030639583333333335 0.35036620370370375
1 0.47824557291666664 0.36448425925925926 0.48243697916666667 0.3633064814814815 0.48512786458333335 0.35900185185185185 0.48754973958333336 0.3542185185185185 0.48781874999999997 0.34895740740740744 0.4870114583333333 0.34369583333333337 0.4852625 0.33915185185185187 0.48432057291666664 0.3314986111111111 0.48243697916666667 0.3271939814814815 0.47920807291666667 0.3252805555555556 0.47570989583333334 0.3250416666666667 0.47261536458333336 0.32791157407407406 0.47127005208333334 0.3319768518518519 0.4707317708333333 0.3386736111111111 0.4693864583333333 0.34297824074074074 0.46857916666666666 0.34895740740740744 0.4693864583333333 0.3546972222222222 0.47140442708333335 0.3597194444444445 0.4739609375 0.36354583333333335
1 0.5975479166666666 0.6049962962962963 0.6007947916666667 0.6042949074074074 0.6052348958333333 0.6011861111111111 0.60684921875 0.5961638888888888 0.6076565104166666 0.5906629629629631 0.6079255208333334 0.5846842592592593 0.60671484375 0.5777486111111111 0.6052348958333333 0.5734439814814815 0.60308203125 0.5691388888888889 0.5994494791666667 0.5660300925925926 0.595009375 0.5662689814814815 0.5915114583333333 0.5686606481481482 0.5900312499999999 0.5739222222222222 0.5885513020833333 0.579662037037037 0.5878786458333334 0.5861189814814816 0.5882822916666667 0.5913805555555556 0.5894932291666667 0.5980768518518519 0.5919151041666667 0.6019037037037037 0.5939330729166666 0.6042949074074074
2 0.08069062499999999 0.3375097222222222 0.06890520833333333 0.3317777777777778 0.06539869791666666 0.33463472222222224 0.06466822916666666 0.3393097222222222 0.06612916666666667 0.34502314814814816 0.07767161458333334 0.3535935185185185 0.08015520833333332 0.35411296296296296 0.08307734375 0.3509962962962963 0.08453854166666666 0.3465814814814815 0.0832234375 0.3421662037037037
2 0.517378125 0.33991527777777775 0.5144559895833333 0.35004398148148147 0.5144559895833333 0.3544587962962963 0.5159169270833334 0.3580949074074074 0.5207385416666667 0.35965324074074073 0.5238065104166666 0.3536796296296296 0.5246833333333334 0.34277222222222226 0.5220533854166667 0.3383569444444444 0.5191312499999999 0.33705833333333335
2 0.6374809895833333 0.5809717592592593 0.6463213541666666 0.5814601851851852 0.6486588541666667 0.5866541666666667 0.6485127604166667 0.5923675925925925 0.6441296875 0.5980814814814814 0.6393083333333334 0.5996398148148148 0.6363861979166666 0.598600925925926 0.6341945312499999 0.5934064814814815 0.634340625 0.585875
0 0.6716145833333333 0.35648148148148145 0.6716145833333333 0.3763888888888889 0.675 0.39814814814814814 0.67890625 0.4041666666666667 0.6822916666666666 0.4064814814814815 0.6970052083333333 0.4115740740740741 0.7013020833333333 0.4185185185185185 0.7028645833333333 0.42824074074074076 0.7010416666666667 0.4361111111111111 0.703125 0.4513888888888889 0.709375 0.4638888888888889 0.7126736979166667 0.46435185185185185 0.715625 0.46805555555555556 0.7197916666666667 0.48055555555555557 0.7307291666666667 0.4842592592592593 0.7341145833333333 0.4837962962962963 0.7372395833333333 0.48055555555555557 0.740625 0.48148148148148145 0.7466145833333333 0.487962962962963 0.75625 0.48564814814814816 0.7661458333333333 0.4861111111111111 0.78046875 0.4898148148148148 0.7911458333333333 0.4898148148148148 0.8 0.487962962962963 0.8177083333333334 0.4787037037037037 0.8317708333333333 0.4638888888888889 0.84140625 0.449537037037037 0.8471354166666667 0.4356481481481482 0.8520833333333333 0.4185185185185185 0.8572916666666667 0.3939814814814815 0.8591145833333333 0.3921296296296296 0.8697916666666666 0.3902777777777778 0.8833333333333333 0.3824074074074074 0.89296875 0.37407407407407406 0.89609375 0.36898148148148147 0.8979166666666667 0.3625 0.8981770833333333 0.34444444444444444 0.8950520833333333 0.32592592592592595 0.8921875 0.32083333333333336 0.8872395833333333 0.31712962962962965 0.8760416666666667 0.31666666666666665 0.8661458333333333 0.32175925925925924 0.8541666666666666 0.32314814814814813 0.8471354166666667 0.30324074074074076 0.8270833333333333 0.26990740740740743 0.8013020833333333 0.24583333333333332 0.7859375 0.24166666666666667 0.7619791666666667 0.24444444444444444 0.7479166666666667 0.25046296296296294 0.7408854166666666 0.25601851851851853 0.7302083333333333 0.2689814814814815 0.7203125 0.2851851851851852 0.715625 0.2967592592592593 0.709375 0.3212962962962963 0.7059895833333333 0.34444444444444444 0.7018229166666666 0.3486111111111111 0.6997395833333333 0.34675925925925927 0.68203125 0.34305555555555556 0.6760416666666667 0.3472222222222222
0 0.8065104166666667 0.5814814814814815 0.8067708333333333 0.6083333333333333 0.8057291666666667 0.6162037037037037 0.8075520833333333 0.625 0.81171875 0.6282407407407408 0.8135416666666667 0.6333333333333333 0.8197916666666667 0.6337962962962963 0.8263020833333333 0.6453703703703704 0.82578125 0.6472222222222223 0.8294270833333334 0.6606481481481481 0.8315104166666667 0.6625 0.8486979166666667 0.6944444444444444 0.8658854166666666 0.7106481481481481 0.8768229166666667 0.7171296296296297 0.88359375 0.7268518518518519 0.8979166666666667 0.7412037037037037 0.9114583333333334 0.749537037037037 0.928125 0.7546296296296297 0.9494791666666667 0.7532407407407408 0.9669270833333333 0.7439814814814815 0.9752604166666666 0.7375 0.9880208333333333 0.7236111111111111 0.996875 0.7069444444444445 0.9997395833333333 0.7041666666666667 0.9997395833333333 0.5666666666666667 0.9979166666666667 0.5643518518518519 0.9908854166666666 0.5435185185185185 0.9783854166666667 0.5203703703703704 0.9604166666666667 0.4981481481481482 0.9528645833333333 0.49212962962962964 0.9317708333333333 0.48148148148148145 0.9158854166666667 0.4787037037037037 0.9015625 0.48055555555555557 0.8869791666666667 0.487962962962963 0.8721354166666667 0.5013888888888889 0.86171875 0.5180555555555556 0.8151041666666666 0.5643518518518519 0.8098958333333334 0.5712962962962963
0 0.48802083333333335 0.575462962962963 0.48776041666666664 0.5967592592592592 0.4890625 0.6055555555555555 0.4953125 0.6148148148148148 0.5075520833333333 0.6175925925925926 0.5213541666666667 0.6166666666666667 0.5252604166666667 0.6233796296296297 0.5278645833333333 0.6393518518518518 0.53828125 0.6712962962962963 0.5518229166666667 0.6958333333333333 0.5638020833333334 0.7092592592592593 0.5747395833333333 0.7171296296296297 0.5924479166666666 0.7226851851851852 0.60390625 0.7226851851851852 0.62109375 0.7171296296296297 0.6401041666666667 0.700925925925926 0.6536458333333334 0.6787037037037037 0.6583333333333333 0.6685185185185185 0.66640625 0.6435185185185185 0.66796875 0.6333333333333333 0.6731770833333334 0.6300925925925925 0.6963541666666667 0.6291666666666667 0.70390625 0.6236111111111111 0.7067708333333333 0.6189814814814815 0.7078125 0.6138888888888889 0.7067708333333333 0.5773148148148148 0.703125 0.5675925925925925 0.6942708333333333 0.5638888888888889 0.6697916666666667 0.562962962962963 0.6591145833333333 0.5273148148148148 0.65234375 0.5101851851851852 0.6440104166666667 0.49444444444444446 0.63125 0.4787037037037037 0.6200520833333333 0.4699074074074074 0.6106770833333334 0.4648148148148148 0.5986979166666667 0.462037037037037 0.5786458333333333 0.46435185185185185 0.5700520833333333 0.4689814814814815 0.5557291666666667 0.4810185185185185 0.53828125 0.5078703703703704 0.5328125 0.5222222222222223 0.52734375 0.5449074074074074 0.5197916666666667 0.5532407407407407 0.50078125 0.5523148148148148 0.4947916666666667 0.5541666666666667 0.49244791666666665 0.5564814814814815 0.4895833333333333 0.5634259259259259
0 0.3807291666666667 0.34814814814814815 0.3802083333333333 0.36342592592592593 0.3815104166666667 0.3763888888888889 0.38723958333333336 0.3902777777777778 0.39505208333333336 0.3972222222222222 0.40286458333333336 0.39814814814814814 0.40572916666666664 0.3976851851851852 0.4080729166666667 0.3921296296296296 0.41171875 0.3907407407407407 0.41744791666666664 0.4041666666666667 0.41953125 0.4166666666666667 0.4236979166666667 0.4287037037037037 0.4390625 0.45787037037037037 0.4484375 0.4689814814814815 0.4591145833333333 0.4777777777777778 0.47369791666666666 0.4842592592592593 0.49583333333333335 0.48194444444444445 0.51484375 0.46944444444444444 0.5291666666666667 0.449537037037037 0.53671875 0.4356481481481482 0.5419270833333333 0.4222222222222222 0.5434895833333333 0.4111111111111111 0.5466145833333333 0.40185185185185185 0.5559895833333334 0.39861111111111114 0.5611979166666666 0.40046296296296297 0.5752604166666667 0.3976851851851852 0.5815104166666667 0.3902777777777778 0.58515625 0.3736111111111111 0.584375 0.35138888888888886 0.5833333333333334 0.3416666666666667 0.58125 0.3347222222222222 0.5744791666666667 0.3296296296296296 0.5636283854166667 0.33055555555555555 0.5471354166666667 0.3212962962962963 0.54375 0.30694444444444446 0.5369791666666667 0.28703703703703703 0.5203125 0.25925925925925924 0.5049479166666667 0.24722222222222223 0.48802083333333335 0.24074074074074073 0.47994791666666664 0.24074074074074073 0.4674479166666667 0.2439814814814815 0.4510416666666667 0.25462962962962965 0.4388020833333333 0.26851851851851855 0.42864583333333334 0.2865740740740741 0.4239583333333333 0.2967592592592593 0.41822916666666665 0.3194444444444444 0.4119791666666667 0.3287037037037037 0.4015625 0.33101851851851855 0.3921875 0.33055555555555555 0.38385416666666666 0.3333333333333333
0 0.17109375 0.3625 0.16979166666666667 0.36944444444444446 0.17005208333333333 0.3902777777777778 0.175 0.4013888888888889 0.17864583333333334 0.4050925925925926 0.19010416666666666 0.4111111111111111 0.19661458333333334 0.4111111111111111 0.19947916666666668 0.4083333333333333 0.20208333333333334 0.4083333333333333 0.20651041666666667 0.4134259259259259 0.21302083333333333 0.43703703703703706 0.22708333333333333 0.46296296296296297 0.23932291666666666 0.475 0.25885416666666666 0.4828703703703704 0.30026041666666664 0.47685185185185186 0.3184895833333333 0.4625 0.3302083333333333 0.44675925925925924 0.33125 0.4412037037037037 0.3372395833333333 0.4356481481481482 0.33619791666666665 0.4310185185185185 0.34661458333333334 0.3972222222222222 0.353125 0.3912037037037037 0.3572916666666667 0.38333333333333336 0.3606770833333333 0.36666666666666664 0.3606770833333333 0.35555555555555557 0.359375 0.34120370370370373 0.35494791666666664 0.33101851851851855 0.34817708333333336 0.32916666666666666 0.3385416666666667 0.33287037037037037 0.33098958333333334 0.33240740740740743 0.328125 0.3263888888888889 0.32578125 0.31342592592592594 0.3177083333333333 0.29212962962962963 0.3106770833333333 0.2791666666666667 0.29661458333333335 0.26435185185185184 0.2721354166666667 0.2574074074074074 0.26588541666666665 0.26157407407407407 0.25546875 0.2638888888888889 0.24895833333333334 0.2675925925925926 0.22630208333333332 0.28564814814814815 0.21796875 0.3037037037037037 0.2046875 0.350462962962963 0.19973958333333333 0.3527777777777778 0.19635416666666666 0.3509259259259259 0.17838541666666666 0.35 0.17552083333333332 0.35185185185185186
0 0.259375 0.5662037037037037 0.25885416666666666 0.5814814814814815 0.2596354166666667 0.5879629629629629 0.26067708333333334 0.5921296296296297 0.265625 0.5986111111111111 0.27239583333333334 0.6018518518518519 0.2794270833333333 0.6018518518518519 0.2859375 0.5981481481481481 0.29010416666666666 0.6013888888888889 0.29192708333333334 0.5990740740740741 0.2955729166666667 0.6060185185185185 0.2994791666666667 0.6319444444444444 0.3145833333333333 0.6717592592592593 0.3265625 0.6865740740740741 0.3385416666666667 0.6972222222222222 0.35598958333333336 0.700925925925926 0.37395833333333334 0.6976851851851852 0.39140625 0.6861111111111111 0.41302083333333334 0.6578703703703703 0.41848958333333336 0.6444444444444445 0.4390625 0.612037037037037 0.44244791666666666 0.6097222222222223 0.44947916666666665 0.6101851851851852 0.45703125 0.6050925925925926 0.4609375 0.5962962962962963 0.46197916666666666 0.5861111111111111 0.46145833333333336 0.562962962962963 0.45729166666666665 0.549074074074074 0.45390625 0.5462962962962963 0.4348958333333333 0.5486111111111112 0.4270833333333333 0.5430555555555555 0.4239583333333333 0.5259259259259259 0.41901041666666666 0.5087962962962963 0.4125 0.4930555555555556 0.40651041666666665 0.4824074074074074 0.3932291666666667 0.4666666666666667 0.38125 0.4587962962962963 0.3703125 0.4550925925925926 0.35520833333333335 0.45555555555555555 0.34479166666666666 0.46064814814814814 0.33177083333333335 0.4703703703703704 0.32369791666666664 0.48009259259259257 0.3104166666666667 0.5023148148148148 0.3015625 0.5268518518518519 0.29765625 0.5416666666666666 0.2890625 0.55 0.28567708333333336 0.5467592592592593 0.28411458333333334 0.5425925925925926 0.27630208333333334 0.5398148148148149 0.2716145833333333 0.5398148148148149 0.265625 0.5430555555555555 0.26197916666666665 0.5476851851851852
0 0.05286458333333333 0.5662037037037037 0.05260416666666667 0.5856481481481481 0.0546875 0.5953703703703703 0.06484375 0.6013888888888889 0.08229166666666667 0.600925925925926 0.08723958333333333 0.6194444444444445 0.08984375 0.625 0.09427083333333333 0.6476851851851851 0.10104166666666667 0.6638888888888889 0.10911458333333333 0.6782407407407407 0.11614583333333334 0.6861111111111111 0.1265625 0.6939814814814815 0.13645833333333332 0.6976851851851852 0.14973958333333334 0.6976851851851852 0.16197916666666667 0.6930555555555555 0.17526041666666667 0.6824074074074075 0.18359375 0.6726851851851852 0.19947916666666668 0.6652777777777777 0.20911458333333333 0.6574074074074074 0.22109375 0.6421296296296296 0.23776041666666667 0.6162037037037037 0.24192708333333332 0.6060185185185185 0.24114583333333334 0.6023148148148149 0.24348958333333334 0.5953703703703703 0.24322916666666666 0.5861111111111111 0.24583333333333332 0.5773148148148148 0.2453125 0.5606481481481481 0.23776041666666667 0.5393518518518519 0.2359375 0.5412037037037037 0.23203125 0.5402777777777777 0.23046875 0.5365740740740741 0.2296875 0.5291666666666667 0.22109375 0.5152777777777777 0.21223958333333334 0.5046296296296297 0.20546875 0.5013888888888889 0.19908854166666667 0.4946759259259259 0.18958333333333333 0.4787037037037037 0.18072916666666666 0.4689814814814815 0.16458333333333333 0.46111111111111114 0.153125 0.4601851851851852 0.13697916666666668 0.4648148148148148 0.12421875 0.475462962962963 0.10807291666666667 0.4935185185185185 0.10078125 0.5083333333333333 0.09401041666666667 0.5407407407407407 0.08958333333333333 0.5430555555555555 0.07005208333333333 0.5421296296296296 0.05963541666666667 0.5462962962962963 0.05572916666666667 0.55
0 0.004427083333333333 0.31342592592592594 0.0018229166666666667 0.32592592592592595 0 0.3263888888888889 0 0.4166666666666667 0.0018229166666666667 0.41712962962962963 0.0046875 0.42824074074074076 0.01484375 0.44675925925925924 0.02734375 0.45925925925925926 0.042708333333333334 0.4671296296296296 0.05911458333333333 0.47129629629629627 0.06380208333333333 0.47129629629629627 0.08098958333333334 0.46435185185185185 0.10078125 0.4675925925925926 0.11640625 0.46574074074074073 0.14010416666666667 0.449537037037037 0.14010416666666667 0.44583333333333336 0.14895833333333333 0.42962962962962964 0.15442708333333333 0.41435185185185186 0.15598958333333332 0.4013888888888889 0.15442708333333333 0.3875 0.15520833333333334 0.35509259259259257 0.15703125 0.3458333333333333 0.15572916666666667 0.34120370370370373 0.14895833333333333 0.3277777777777778 0.14270833333333333 0.32314814814814813 0.12994791666666666 0.30694444444444446 0.12291666666666666 0.3023148148148148 0.1140625 0.28379629629629627 0.10234375 0.2657407407407407 0.08515625 0.2513888888888889 0.07760416666666667 0.24722222222222223 0.06640625 0.2449074074074074 0.05677083333333333 0.2462962962962963 0.04088541666666667 0.25462962962962965 0.0296875 0.26481481481481484 0.021354166666666667 0.27546296296296297 0.013541666666666667 0.29074074074074074
0 0.0026041666666666665 0.4828703703703704 0 0.4828703703703704 0 0.6564814814814814 0.014583333333333334 0.6527777777777778 0.028645833333333332 0.6425925925925926 0.0453125 0.6157407407407407 0.046614583333333334 0.6092592592592593 0.05 0.6018518518518519 0.05416666666666667 0.5986111111111111 0.0515625 0.5962962962962963 0.05260416666666667 0.5893518518518519 0.05260416666666667 0.5597222222222222 0.0546875 0.5402777777777777 0.053125 0.5277777777777778 0.04296875 0.5083333333333333 0.029947916666666668 0.4935185185185185 0.019010416666666665 0.48703703703703705