1 0.00039479166666666666 0.23657407407407408 0.0014804687499999998 0.2388550925925926 0.00552734375 0.23727592592592592 0.008587239583333333 0.23499490740740742 0.01075859375 0.23253888888888888 0.010659895833333332 0.22938055555555556 0.00611953125 0.22394166666666668 0.004145572916666667 0.21780092592592593 0.0030598958333333333 0.2144675925925926 0.0013817708333333334 0.2128884259259259 0 0.21359027777777778
1 0.08947682291666667 0.295575 0.09288255208333333 0.2941902777777778 0.09574505208333334 0.2917342592592592 0.09732421875000001 0.2896287037037037 0.09801510416666666 0.28576898148148144 0.09712682291666666 0.2824351851851852 0.09396822916666667 0.27734722222222224 0.091796875 0.2719083333333333 0.09080989583333333 0.26927685185185185 0.08952656249999999 0.2680486111111111 0.08755260416666667 0.26769768518518516 0.0847890625 0.26787314814814817 0.08261744791666666 0.26839953703703706 0.08093958333333333 0.2705046296296296 0.08084088541666666 0.2729611111111111 0.08350572916666667 0.2826106481481481 0.08439401041666666 0.2910324074074074 0.08547994791666666 0.29436574074074073 0.08755260416666667 0.2950675925925926
1 0.052339843750000004 0.4160351851851852 0.055415104166666666 0.4156601851851852 0.058178645833333334 0.4139055555555555 0.06054765625 0.4105722222222222 0.0626203125 0.40776481481481486 0.06390338541666667 0.4044314814814815 0.06360729166666666 0.402150462962963 0.058079947916666666 0.3947819444444445 0.056204687499999996 0.3912726851851852 0.053539583333333335 0.3861847222222222 0.05196041666666666 0.38337777777777776 0.049690364583333334 0.382149537037037 0.04742005208333333 0.3832023148148148 0.045051302083333335 0.3846055555555556 0.04297838541666667 0.3872375 0.04199140625 0.39144814814814816 0.04238619791666667 0.39513287037037037 0.04406432291666666 0.39916805555555557 0.04653177083333333 0.4028523148148148 0.047123958333333334 0.40794027777777775 0.04880182291666667 0.4130287037037037 0.050282552083333334 0.41530925925925927
1 0.19600130208333333 0.3588939814814815 0.19831276041666665 0.36036250000000003 0.20157005208333334 0.3594851851851852 0.20443229166666665 0.35737962962962966 0.20640651041666666 0.35545000000000004 0.20788697916666665 0.3535199074074074 0.20838046875000002 0.35071296296296295 0.20699869791666667 0.34720370370370374 0.20502447916666666 0.34404583333333333 0.20384010416666667 0.340712037037037 0.20235963541666668 0.3347467592592593 0.20127395833333334 0.3315888888888889 0.20018802083333334 0.3296587962962963 0.19781927083333334 0.32895694444444445 0.19564791666666667 0.3286060185185185 0.19347630208333333 0.3294833333333333 0.19160104166666667 0.3315888888888889 0.19002161458333333 0.33439583333333334 0.19120625 0.33913333333333334 0.1933776041666667 0.34597546296296294 0.19396979166666667 0.3484319444444445 0.19466067708333332 0.35422175925925925
1 0.5028906249999999 0.5430097222222222 0.5071924479166666 0.543399537037037 0.5102111979166667 0.5428194444444444 0.5124138020833333 0.5399189814814814 0.5136375 0.5362935185185185 0.5137192708333334 0.5338282407407408 0.5120875 0.524837037037037 0.5124138020833333 0.5157009259259259 0.5123322916666667 0.5117856481481482 0.5115164062499999 0.5088851851851852 0.5096401041666667 0.5067097222222222 0.50751875 0.5054046296296296 0.5045002604166666 0.5052597222222223 0.5026239583333333 0.5065648148148149 0.5010736979166667 0.509175 0.50042109375 0.5133805555555556 0.5003395833333334 0.5207768518518519 0.49993151041666667 0.5226620370370371 0.4983815104166667 0.5271574074074075 0.49772890625 0.5297675925925925 0.497565625 0.5332481481481481 0.49821822916666664 0.5358587962962963 0.49944218749999997 0.5389041666666666
1 0.5610510416666667 0.7936819444444445 0.5633622395833334 0.7955425925925926 0.5659729166666666 0.7965578703703704 0.56939921875 0.7959777777777778 0.5720916666666667 0.7939472222222221 0.5742127604166666 0.7911921296296296 0.5760890624999999 0.7871314814814815 0.5765786458333333 0.7837962962962963 0.57625234375 0.7795907407407408 0.5754364583333333 0.7753851851851853 0.5744575520833333 0.7724847222222222 0.5752731770833334 0.764073611111111 0.5753549479166666 0.7605930555555556 0.5745390625 0.7565328703703704 0.5736416666666667 0.7530523148148148 0.57168359375 0.749862037037037 0.5690729166666666 0.7479763888888888 0.5665437499999999 0.7475416666666667 0.5648307291666667 0.747686574074074 0.5627911458333333 0.7488467592592593 0.56132265625 0.7516018518518519 0.5601804687499999 0.7547925925925927 0.5596093750000001 0.762188425925926 0.5586302083333333 0.7653787037037038 0.5578960937499999 0.7675541666666666 0.5568354166666667 0.7708893518518519 0.5559380208333333 0.7746601851851852 0.5559380208333333 0.7794453703703704 0.5561828125 0.7833611111111111 0.5569986979166667 0.7869865740740741 0.558875 0.790612037037037
2 0.6130481770833334 0.8288740740740741 0.6180546875 0.8105685185185185 0.6172010416666667 0.8044976851851852 0.6154934895833333 0.7989328703703703 0.6106552083333334 0.7989328703703703 0.60809375 0.8050037037037037 0.6032557291666667 0.8166388888888889 0.6055325520833333 0.826250925925926
2 0.54322734375 0.5661495370370371 0.54491328125 0.5475083333333333 0.5440596354166666 0.5419435185185185 0.539790625 0.5409319444444445 0.5355216145833332 0.5459907407407407 0.5332447916666667 0.560661574074074 0.5338140625 0.5662259259259259 0.5389367187499999 0.5687555555555556
2 0.22126796875 0.3760277777777778 0.22588984375 0.3766847222222222 0.22718385416666667 0.37175555555555556 0.22662916666666666 0.365512037037037 0.22367135416666667 0.35433888888888887 0.22126796875 0.3523675925925926 0.21757083333333332 0.35401064814814814 0.21720104166666668 0.3582824074074074
2 0.0781796875 0.4335347222222222 0.08280156250000001 0.431562962962963 0.08317135416666667 0.42564814814814816 0.07596145833333333 0.4092175925925926 0.07189427083333334 0.4092175925925926 0.06912109375 0.4134893518518518 0.07448229166666667 0.4309060185185185 0.07596145833333333 0.4351777777777778
2 0.10840416666666666 0.31099351851851853 0.11201067708333333 0.31063379629629634 0.11441406250000001 0.30603287037037036 0.11256536458333333 0.29946064814814816 0.10905286458333333 0.2889453703703703 0.10554036458333332 0.28828796296296294 0.10313697916666667 0.2925597222222222
2 0.020685677083333336 0.2531263888888889 0.02438307291666667 0.2534550925925926 0.026601562500000002 0.24984027777777776 0.02345859375 0.24228194444444442 0.02013098958333333 0.2330810185185185 0.0179125 0.23176666666666665 0.014954687500000001 0.23406666666666667 0.014584895833333333 0.2376814814814815
0 0.6763020833333333 0.6773148148148148 0.6765625 0.7032407407407407 0.6794270833333333 0.712037037037037 0.68203125 0.7273148148148149 0.69140625 0.7379629629629629 0.7005208333333334 0.7421296296296296 0.7106770833333333 0.7513888888888889 0.709375 0.7606481481481482 0.7088541666666667 0.7828703703703703 0.715625 0.8115740740740741 0.7161458333333334 0.8180555555555555 0.7213541666666666 0.8328703703703704 0.7361979166666667 0.8606481481481482 0.7442708333333333 0.8694444444444445 0.7481770833333333 0.8768518518518519 0.7669270833333334 0.8925925925925926 0.7927083333333333 0.899537037037037 0.8078125 0.8953703703703704 0.8169486979166667 0.8890111111111111 0.8256330729166667 0.8735773148148148 0.84461015625 0.8695763888888889 0.86294375 0.8541425925925926 0.8713065104166666 0.8352791666666667 0.8861020833333334 0.8421384259259259 0.8947864583333334 0.8421384259259259 0.9049479166666666 0.8384259259259259 0.9127604166666666 0.8347222222222223 0.91875 0.8268518518518518 0.9223958333333333 0.8143518518518519 0.9231770833333334 0.8078703703703703 0.9223958333333333 0.7930555555555555 0.91484375 0.7712962962962963 0.9119791666666667 0.7685185185185185 0.9010416666666666 0.7648148148148148 0.8973958333333333 0.7671296296296296 0.8731770833333333 0.7620370370370371 0.8705729166666667 0.7481481481481481 0.8653645833333333 0.7310185185185185 0.8395833333333333 0.687037037037037 0.8229166666666666 0.6671296296296296 0.809375 0.6550925925925926 0.7934895833333333 0.6444444444444445 0.7658854166666667 0.6356481481481482 0.7481770833333333 0.6356481481481482 0.740625 0.6398148148148148 0.72734375 0.6537037037037037 0.7231770833333333 0.6671296296296296 0.7166666666666667 0.6782407407407407 0.71640625 0.6824074074074075 0.7065104166666667 0.6768518518518518 0.7020833333333333 0.6773148148148148 0.69609375 0.6736111111111112 0.6947916666666667 0.6675925925925926 0.6916666666666667 0.6625 0.6861979166666666 0.6592592592592592 0.6830729166666667 0.6606481481481481 0.6776041666666667 0.6680555555555555
0 0.8065104166666667 0.9717592592592592 0.8041666666666667 0.9944444444444445 0.80546875 0.999537037037037 0.9997395833333333 0.999537037037037 0.9997395833333333 0.9907407407407407 0.98203125 0.975 0.9463541666666667 0.9518518518518518 0.9247395833333333 0.9425925925925925 0.915625 0.9407407407407408 0.896875 0.9421296296296297 0.8833333333333333 0.9486111111111111 0.87109375 0.9625 0.8643229166666667 0.975 0.86015625 0.986574074074074 0.8520833333333333 0.9925925925925926 0.8471354166666667 0.9893518518518518 0.8434895833333333 0.9824074074074074 0.8338541666666667 0.9740740740740741 0.8317708333333333 0.9703703703703703 0.8315104166666667 0.9666666666666667 0.82109375 0.9546296296296296 0.8171875 0.9537037037037037 0.81328125 0.9555555555555556 0.8098958333333334 0.9601851851851851
0 0.45651041666666664 0.7481481481481481 0.4583333333333333 0.7726851851851851 0.4671875 0.7898148148148149 0.47682291666666665 0.8004629629629629 0.48072916666666665 0.8023148148148148 0.484375 0.8109953703703704 0.48463541666666665 0.8287037037037037 0.4895833333333333 0.8675925925925926 0.49453125 0.8865740740740741 0.5028645833333333 0.9074074074074074 0.509375 0.9287037037037037 0.5223958333333333 0.9574074074074074 0.53828125 0.975462962962963 0.5526041666666667 0.9819444444444444 0.5643229166666667 0.9833333333333333 0.5752604166666667 0.9810185185185185 0.5885416666666666 0.9740740740740741 0.5955729166666667 0.9671296296296297 0.6044270833333333 0.9523148148148148 0.6138020833333333 0.9425925925925925 0.6208333333333333 0.9296296296296296 0.6270833333333333 0.9217592592592593 0.6455729166666667 0.937037037037037 0.6505208333333333 0.9393518518518519 0.6614583333333334 0.9398148148148148 0.671875 0.9356481481481481 0.6794270833333333 0.924537037037037 0.6825520833333333 0.9143518518518519 0.68671875 0.8773148148148148 0.6856770833333333 0.8629629629629629 0.6802083333333333 0.8532407407407407 0.6731770833333334 0.8453703703703703 0.6453125 0.8222222222222222 0.6447916666666667 0.8097222222222222 0.6401041666666667 0.7768518518518519 0.6294270833333333 0.7453703703703703 0.6138020833333333 0.7171296296296297 0.5950520833333334 0.6962962962962963 0.5763020833333333 0.6851851851851852 0.5609375 0.6819444444444445 0.5466145833333333 0.6824074074074075 0.5377604166666666 0.6851851851851852 0.5213541666666667 0.6962962962962963 0.50859375 0.7069444444444445 0.5065104166666666 0.7134259259259259 0.503125 0.7175925925925926 0.5010416666666667 0.7175925925925926 0.49635416666666665 0.712037037037037 0.47942708333333334 0.6986111111111111 0.47291666666666665 0.6981481481481482 0.46927083333333336 0.700925925925926 0.4635416666666667 0.7101851851851851 0.45859375 0.7314814814814815
0 0.42239583333333336 0.5148148148148148 0.42213541666666665 0.5296296296296297 0.4244791666666667 0.5462962962962963 0.42890625 0.5564814814814815 0.4340713541666667 0.567737962962963 0.44253333333333333 0.5708939814814815 0.4484375 0.6050925925925926 0.453125 0.6171296296296296 0.46145833333333336 0.6453703703703704 0.46197916666666666 0.6574074074074074 0.46458333333333335 0.6685185185185185 0.4705729166666667 0.6814814814814815 0.48385416666666664 0.6967592592592593 0.49244791666666665 0.7013888888888888 0.5049479166666667 0.7046296296296296 0.5158854166666667 0.700925925925926 0.5263020833333333 0.6912037037037037 0.54453125 0.6791666666666667 0.5481770833333334 0.6694444444444444 0.5520833333333334 0.649074074074074 0.5541666666666667 0.6449074074074074 0.5575520833333333 0.6444444444444445 0.5658854166666667 0.649537037037037 0.5677083333333334 0.6523148148148148 0.578125 0.6504629629629629 0.5885416666666666 0.6416666666666667 0.5924479166666666 0.6342592592592593 0.5958333333333333 0.6217592592592592 0.5973958333333333 0.5953703703703703 0.5955729166666667 0.5856481481481481 0.5885416666666666 0.5782407407407407 0.5690104166666666 0.5666666666666667 0.5674479166666667 0.5615740740740741 0.5661458333333333 0.5393518518518519 0.5606770833333333 0.5222222222222223 0.5473958333333333 0.49907407407407406 0.5330729166666667 0.48657407407407405 0.5151041666666667 0.47962962962962963 0.49375 0.47962962962962963 0.48489583333333336 0.4824074074074074 0.47578125 0.487962962962963 0.4669270833333333 0.49537037037037035 0.46041666666666664 0.5037037037037037 0.45338541666666665 0.49722222222222223 0.44609375 0.49537037037037035 0.44036458333333334 0.49074074074074076 0.43385416666666665 0.49074074074074076 0.4322916666666667 0.4912037037037037 0.4244791666666667 0.5046296296296297
0 0.2674479166666667 0.5986111111111111 0.26848958333333334 0.6125 0.2760416666666667 0.6240740740740741 0.284375 0.6300925925925925 0.28541666666666665 0.6337962962962963 0.2864583333333333 0.6421296296296296 0.28203125 0.6638888888888889 0.28125 0.6773148148148148 0.2828125 0.7027777777777777 0.28958333333333336 0.7236111111111111 0.2989583333333333 0.7375 0.30963541666666666 0.7486111111111111 0.32109375 0.7722222222222223 0.32890625 0.7824074074074074 0.3346354166666667 0.7870370370370371 0.34739583333333335 0.7916666666666666 0.35989583333333336 0.7916666666666666 0.3768229166666667 0.7833333333333333 0.39088541666666665 0.7689814814814815 0.4015625 0.7513888888888889 0.4036458333333333 0.7421296296296296 0.40598958333333335 0.7407407407407407 0.41119791666666666 0.7435185185185185 0.41744791666666664 0.7439814814814815 0.42213541666666665 0.7412037037037037 0.4356770833333333 0.7092592592592593 0.4393229166666667 0.6958333333333333 0.43984375 0.6856481481481481 0.43515625 0.6861111111111111 0.43020833333333336 0.6805555555555556 0.41848958333333336 0.674074074074074 0.41640625 0.6625 0.41796875 0.6513888888888889 0.41770833333333335 0.624537037037037 0.41484375 0.6064814814814815 0.40963541666666664 0.5925925925925926 0.4015625 0.5791666666666667 0.39427083333333335 0.5699074074074074 0.3890625 0.5666666666666667 0.3802083333333333 0.5625 0.365625 0.5606481481481481 0.3494791666666667 0.5606481481481481 0.3419270833333333 0.5625 0.33515625 0.5662037037037037 0.32578125 0.575925925925926 0.31953125 0.5800925925925926 0.3106770833333333 0.5912037037037037 0.3072916666666667 0.5921296296296297 0.2994002604166666 0.584725462962963 0.29480364583333335 0.5743287037037037 0.28984375 0.5722222222222222 0.2839390625 0.5695013888888889 0.2760416666666667 0.5814814814814815
0 0.26614583333333336 0.4351851851851852 0.26536458333333335 0.4425925925925926 0.26640625 0.4462962962962963 0.27395833333333336 0.4634259259259259 0.2794270833333333 0.47314814814814815 0.28229166666666666 0.475462962962963 0.2833333333333333 0.48148148148148145 0.28203125 0.48657407407407405 0.28203125 0.49444444444444446 0.28567708333333336 0.5125 0.29322916666666665 0.5259259259259259 0.3015625 0.5351851851851852 0.30755208333333334 0.5606481481481481 0.3177083333333333 0.5787037037037037 0.32421875 0.5763888888888888 0.33098958333333334 0.5689814814814815 0.34140625 0.5615740740740741 0.34869791666666666 0.5587962962962963 0.3763020833333333 0.5606481481481481 0.37994791666666666 0.5592592592592592 0.3875 0.5435185185185185 0.3890625 0.5347222222222222 0.3953125 0.5254629629629629 0.4041666666666667 0.5185185185185185 0.4119791666666667 0.5027777777777778 0.41458333333333336 0.49444444444444446 0.41432291666666665 0.4875 0.4119791666666667 0.4828703703703704 0.39401041666666664 0.48148148148148145 0.3924479166666667 0.475 0.39401041666666664 0.4527777777777778 0.39114583333333336 0.44027777777777777 0.3880208333333333 0.43194444444444446 0.38125 0.4212962962962963 0.37447916666666664 0.41388888888888886 0.36953125 0.4115740740740741 0.346875 0.40879629629629627 0.328125 0.412962962962963 0.3143229166666667 0.41944444444444445 0.30052083333333335 0.43425925925925923 0.29140625 0.4300925925925926 0.28854166666666664 0.425 0.2838541666666667 0.42083333333333334 0.27630208333333334 0.42083333333333334 0.26848958333333334 0.4287037037037037
0 0.12463020833333333 0.4851208333333334 0.12066041666666667 0.49923055555555557 0.12504791666666668 0.5099986111111111 0.13403203125 0.5296782407407408 0.12567473958333333 0.5612398148148148 0.125 0.5805555555555556 0.1265625 0.5939814814814814 0.13046875 0.6018518518518519 0.13645833333333332 0.6092592592592593 0.14479166666666668 0.6171296296296296 0.15182291666666667 0.6208333333333333 0.15598958333333332 0.6263888888888889 0.16458333333333333 0.6449074074074074 0.17708333333333334 0.6587962962962963 0.18567708333333333 0.6625 0.20208333333333334 0.6620370370370371 0.21692708333333333 0.6569444444444444 0.22526041666666666 0.6518518518518519 0.23489583333333333 0.6416666666666667 0.24322916666666666 0.6296296296296297 0.2520833333333333 0.6097222222222223 0.26223958333333336 0.5777777777777777 0.26067708333333334 0.5643518518518519 0.2578125 0.5592592592592592 0.2518229166666667 0.5376157407407407 0.25338541666666664 0.5157407407407407 0.2518229166666667 0.4986111111111111 0.246875 0.48333333333333334 0.23723958333333334 0.4726851851851852 0.21458333333333332 0.46574074074074073 0.19791666666666666 0.46574074074074073 0.1875 0.46944444444444444 0.15807291666666667 0.4912037037037037 0.15338541666666666 0.48935185185185187 0.15104166666666666 0.4842592592592593 0.14427083333333332 0.4773148148148148 0.14166666666666666 0.47685185185185186 0.13385416666666666 0.4791666666666667
0 0.146875 0.34675925925925927 0.14739583333333334 0.3592592592592593 0.15338541666666666 0.37546296296296294 0.15078125 0.39814814814814814 0.15390625 0.41435185185185186 0.15989583333333332 0.4287037037037037 0.16484375 0.4356481481481482 0.17239583333333333 0.44166666666666665 0.17838541666666666 0.45555555555555555 0.18619791666666666 0.4666666666666667 0.19088541666666667 0.4671296296296296 0.19921875 0.46435185185185185 0.2140625 0.4648148148148148 0.23463541666666668 0.4703703703703704 0.24817708333333333 0.4787037037037037 0.25052083333333336 0.4773148148148148 0.253125 0.4689814814814815 0.2591145833333333 0.4615740740740741 0.26276041666666666 0.45231481481481484 0.26484375 0.4412037037037037 0.2640625 0.4273148148148148 0.2708333333333333 0.4166666666666667 0.27265625 0.4097222222222222 0.2721354166666667 0.4023148148148148 0.26223958333333336 0.37777777777777777 0.2604166666666667 0.3587962962962963 0.2557291666666667 0.3416666666666667 0.24895833333333334 0.33194444444444443 0.24140625 0.3263888888888889 0.23072916666666668 0.3226851851851852 0.2203125 0.32175925925925924 0.19609375 0.3277777777777778 0.1796875 0.33564814814814814 0.16536458333333334 0.3300925925925926 0.15911458333333334 0.33101851851851855 0.15260416666666668 0.33425925925925926
0 0.004524739583333334 0.400925462962963 0.007658854166666667 0.4165203703703704 0.012673177083333332 0.4246893518518518 0 0.45216666666666666 0 0.4726851851851852 0.0018229166666666667 0.47314814814814815 0.007552083333333333 0.49166666666666664 0.017447916666666667 0.5027777777777778 0.033854166666666664 0.5115740740740741 0.046875 0.5370370370370371 0.055989583333333336 0.5481481481481482 0.06744791666666666 0.5546296296296296 0.08515625 0.5541666666666667 0.10546875 0.5453703703703704 0.11302083333333333 0.5402777777777777 0.11979166666666667 0.5328703703703703 0.128125 0.5185185185185185 0.12864583333333332 0.5152777777777777 0.12369791666666667 0.5055555555555555 0.12317708333333334 0.4888888888888889 0.12473958333333333 0.48518518518518516 0.13333333333333333 0.475462962962963 0.13697916666666668 0.4736111111111111 0.13802083333333334 0.4652777777777778 0.13697916666666668 0.46064814814814814 0.13359375 0.4550925925925926 0.128125 0.42777777777777776 0.12942708333333333 0.4111111111111111 0.12239583333333333 0.3902777777777778 0.11770833333333333 0.3819444444444444 0.1109375 0.3763888888888889 0.10078125 0.37175925925925923 0.08828125 0.37083333333333335 0.0703125 0.37546296296296294 0.05755208333333333 0.3814814814814815 0.05026041666666667 0.3824074074074074 0.038715364583333335 0.38981481481481484 0.03463541666666667 0.38935185185185184 0.029427083333333333 0.38425925925925924 0.02421875 0.38425925925925924 0.018489583333333334 0.38472222222222224 0.011210677083333334 0.3890435185185185
0 0.05807291666666667 0.27361111111111114 0.04913359375 0.2814555555555555 0.04767109375 0.2885101851851852 0.0495515625 0.29593657407407403 0.053385416666666664 0.3050925925925926 0.04973958333333333 0.3111111111111111 0.0453125 0.3277777777777778 0.04635416666666667 0.33935185185185185 0.05130208333333333 0.35509259259259257 0.05416666666666667 0.36064814814814816 0.07083333333333333 0.3736111111111111 0.09244791666666667 0.3699074074074074 0.10260416666666666 0.37222222222222223 0.11354166666666667 0.37777777777777777 0.12239583333333333 0.3888888888888889 0.12708333333333333 0.40694444444444444 0.1296875 0.4101851851851852 0.14401041666666667 0.4050925925925926 0.14947916666666666 0.3958333333333333 0.15286458333333333 0.3773148148148148 0.15208333333333332 0.3726851851851852 0.146496875 0.35646064814814815 0.14733255208333332 0.34346481481481483 0.153809375 0.33343935185185186 0.15208333333333332 0.30694444444444446 0.1484375 0.2861111111111111 0.14505208333333333 0.2777777777777778 0.13203125 0.26851851851851855 0.11979166666666667 0.2652777777777778 0.10078125 0.2675925925925926 0.09557291666666666 0.27175925925925926 0.0806828125 0.276999537037037 0.06875 0.2722222222222222
0 0.025260416666666667 0.21712962962962962 0 0.21851851851851853 0 0.3037037037037037 0.008854166666666666 0.3060185185185185 0.020052083333333335 0.3175925925925926 0.022395833333333334 0.3277777777777778 0.025260416666666667 0.33240740740740743 0.029427083333333333 0.3453703703703704 0.04583333333333333 0.3453703703703704 0.04479166666666667 0.3300925925925926 0.04609375 0.32222222222222224 0.05234375 0.30416666666666664 0.04746223958333333 0.28479722222222226 0.05205885416666667 0.2795986111111111 0.06543046875 0.27105879629629626 0.06197916666666667 0.2537037037037037 0.06302083333333333 0.24861111111111112 0.0625 0.24259259259259258 0.057291666666666664 0.2300925925925926 0.05078125 0.22361111111111112 0.04375 0.21944444444444444
0 0.0020833333333333333 0.30277777777777776 0 0.30277777777777776 0 0.45185185185185184 0.0018229166666666667 0.4513888888888889 0.01298828125 0.4251537037037037 0.006929166666666667 0.41327129629629633 0.004213020833333333 0.39990416666666667 0.011525520833333334 0.38802222222222227 0.024270572916666667 0.3820810185185185 0.030747656249999998 0.38505185185185187 0.03534401041666667 0.3954486111111111 0.03958333333333333 0.3902777777777778 0.03411458333333333 0.3773148148148148 0.031510416666666666 0.36203703703703705 0.030989583333333334 0.35185185185185186 0.027083333333333334 0.33564814814814814 0.022135416666666668 0.325 0.020052083333333335 0.31712962962962965 0.012239583333333333 0.30833333333333335