1 0.27005208333333336 0.5564814814814815 0.26979166666666665 0.5643518518518519 0.27369791666666665 0.5842592592592593 0.27838541666666666 0.5879629629629629 0.28567708333333336 0.5861111111111111 0.2875 0.5810185185185185 0.2875 0.5740740740740741 0.28046875 0.5537037037037037 0.275 0.5518518518518518
1 0.39375 0.4212962962962963 0.3932291666666667 0.4393518518518518 0.39401041666666664 0.4449074074074074 0.39739583333333334 0.45 0.40130208333333334 0.45046296296296295 0.40390625 0.4486111111111111 0.40598958333333335 0.44351851851851853 0.40625 0.4388888888888889 0.40286458333333336 0.4203703703703704 0.40130208333333334 0.41759259259259257 0.396875 0.41712962962962963
1 0.4791666666666667 0.5925925925925926 0.47890625 0.6 0.48072916666666665 0.6060185185185185 0.4861979166666667 0.6078703703703704 0.4908854166666667 0.6060185185185185 0.49244791666666665 0.6023148148148149 0.49270833333333336 0.5935185185185186 0.4903645833333333 0.5745370370370371 0.4864583333333333 0.5712962962962963 0.4822916666666667 0.5726851851851852 0.48020833333333335 0.5787037037037037
1 0.5859515625 0.46613796296296295 0.5889153645833333 0.46243842592592593 0.58992421875 0.4595236111111111 0.5889153645833333 0.45178842592592594 0.5897348958333333 0.4409138888888889 0.5887260416666666 0.437887037037037 0.5876541666666667 0.4360935185185185 0.5857622395833334 0.43474814814814816 0.5841856770833334 0.4346361111111111 0.5818526041666666 0.4353087962962963 0.58078046875 0.43676620370370367 0.5802760416666667 0.4381111111111111 0.5799606770833333 0.44248333333333334 0.5796455729166666 0.4452861111111111 0.5784473958333333 0.4492097222222222 0.5767447916666666 0.45391805555555553 0.5763033854166667 0.45728148148148146 0.5769338541666666 0.45974768518518516 0.5782580729166666 0.4626625 0.5802760416666667 0.4647925925925926 0.5827984374999999 0.46625
1 0.7040981770833333 0.5829842592592593 0.7060817708333332 0.5853819444444445 0.7075098958333333 0.5882032407407407 0.7082242187500001 0.5904601851851852 0.7083033854166667 0.5937041666666667 0.7075893229166667 0.5966666666666667 0.7067958333333333 0.5989236111111111 0.7060026041666667 0.6025907407407407 0.7064786458333334 0.6107722222222223 0.7047330729166668 0.6140162037037038 0.7015591145833333 0.617825 0.6975127604166667 0.6176837962962962 0.6941802083333334 0.6159912037037036 0.6907684895833334 0.6110541666666667 0.6902130208333334 0.6083740740740741 0.6902130208333334 0.6038601851851851 0.6907684895833334 0.5990643518518519 0.6917205729166667 0.5963842592592593 0.6941802083333334 0.5934222222222222 0.6973539062499999 0.5843944444444444 0.69917890625 0.5817148148148148 0.7017971354166667 0.5818555555555556
1 0.7713817708333334 0.46280462962962965 0.77352421875 0.456175 0.7742382812499999 0.45222546296296295 0.7736036458333333 0.4495453703703704 0.7716992187499999 0.44672407407407405 0.76916015625 0.4447490740740741 0.76630390625 0.44446712962962964 0.7647169270833333 0.4448902777777778 0.76376484375 0.4477115740740741 0.7614638020833334 0.4540587962962963 0.7609085937500001 0.45589259259259257 0.7577346354166666 0.45927824074074075 0.7567033854166667 0.46167592592592593 0.7561479166666667 0.4642148148148148 0.7563065104166667 0.4664717592592592 0.7578140624999999 0.4697162037037037 0.7597182291666668 0.4726782407407408 0.76233671875 0.4749351851851851 0.7636854166666667 0.47564074074074075 0.7663833333333333 0.4760638888888889 0.7693981770833334 0.4742300925925926 0.7704296875 0.4726782407407408 0.7710645833333333 0.4671773148148148
1 0.9190408854166667 0.6241722222222222 0.9250710937500001 0.6150037037037036 0.9255471354166667 0.6106310185185185 0.92435703125 0.6072458333333334 0.9226908854166667 0.6041425925925926 0.9198343750000001 0.6013212962962963 0.9180888020833333 0.5999106481481482 0.913725 0.5996287037037037 0.90991640625 0.6068226851851852 0.9086468750000001 0.6080921296296297 0.9015854166666667 0.6145805555555555 0.90055390625 0.6168374999999999 0.9006330729166667 0.6199407407407407 0.9023786458333334 0.6258652777777778 0.9043622395833334 0.6300967592592592 0.90721875 0.6337643518518519 0.9105513020833332 0.635175 0.9142010416666667 0.6348925925925926 0.9160260416666667 0.6326356481481481
1 0.9551424479166666 0.4760638888888889 0.9599825520833334 0.4677412037037037 0.9610140625 0.4653435185185185 0.9606966145833333 0.4632277777777778 0.9595065104166667 0.4605476851851852 0.958078125 0.4584319444444444 0.9560153645833334 0.45645694444444446 0.9537143229166667 0.45561064814814817 0.9512546875000001 0.45561064814814817 0.9497471354166667 0.4560337962962963 0.9464145833333333 0.46195833333333336 0.9448278645833333 0.46435601851851854 0.9403846354166667 0.4660486111111111 0.93895625 0.46985740740740745 0.9386390625 0.4726782407407408 0.93879765625 0.47507638888888887 0.93951171875 0.4783203703703704 0.94093984375 0.4812828703703703 0.9431614583333333 0.48368055555555556 0.9457005208333332 0.4853736111111111 0.9477635416666667 0.4866430555555555 0.9504611979166667 0.4866430555555555 0.9527622395833333 0.4853736111111111 0.9545078124999999 0.48452685185185185
2 0.31174609375 0.5908902777777778 0.3153830729166666 0.5927092592592592 0.3184190104166667 0.5909101851851852 0.3199369791666667 0.587762037037037 0.319178125 0.5769685185185185 0.31816614583333336 0.5693231481481482 0.31563593749999996 0.5661750000000001 0.31335885416666664 0.566625 0.31082890625000004 0.5711222222222222 0.3110817708333334 0.5810162037037037
2 0.428371875 0.45530648148148145 0.43252447916666664 0.4564412037037037 0.4335364583333333 0.45059444444444446 0.43404244791666663 0.43485416666666665 0.43050052083333334 0.43215555555555557 0.42771744791666666 0.4353037037037037 0.42594635416666665 0.44834583333333333
2 0.5177200520833334 0.6111787037037036 0.5215825520833334 0.6120472222222222 0.5233533854166666 0.6120472222222222 0.52563046875 0.5936083333333333 0.5243653645833334 0.587762037037037 0.5218354166666667 0.586412962962963 0.5187994791666667 0.5900106481481482 0.5152572916666667 0.6053013888888888
2 0.60873828125 0.4736152777777778 0.6134234375 0.4757796296296296 0.616459375 0.4658851851851852 0.6187364583333334 0.45689074074074076 0.6177244791666666 0.45194398148148146 0.61519453125 0.4496953703703704 0.6121583333333334 0.45059444444444446 0.6073513020833333 0.46858379629629626
2 0.7309309895833334 0.6200856481481481 0.7383130208333333 0.6086430555555556 0.7390721354166666 0.6014472222222222 0.7370479166666667 0.5974 0.7340119791666667 0.596500462962963 0.7324940104166667 0.5982990740740741 0.7266747395833334 0.6077435185185186 0.72439765625 0.6131402777777778
2 0.7932799479166667 0.48252222222222224 0.7992872395833334 0.4660787037037037 0.8005523437500001 0.4620314814814815 0.7975164062500001 0.45843333333333336 0.7947333333333333 0.4575337962962963 0.7866369791666667 0.474174074074074 0.7879020833333333 0.47957083333333334
2 0.9369049479166667 0.635425462962963 0.9417294270833333 0.639224537037037 0.9546328125 0.6234842592592593 0.95589765625 0.6180875 0.9533677083333333 0.6140398148148148 0.9485606770833334 0.6131402777777778 0.9359104166666667 0.6275314814814815
2 0.96947109375 0.4929134259259259 0.9741140625 0.49576111111111115 0.984234375 0.47957083333333334 0.984234375 0.47462361111111107 0.9817041666666667 0.47147546296296294 0.9781622395833334 0.47012638888888886 0.9675359375 0.48541712962962963
0 0.19192708333333333 0.5939814814814814 0.19244791666666666 0.6069444444444444 0.19609375 0.6212962962962963 0.20286458333333332 0.6310185185185185 0.20989583333333334 0.6370370370370371 0.22135416666666666 0.6430555555555556 0.22682291666666668 0.6620370370370371 0.2390625 0.6861111111111111 0.25494791666666666 0.700462962962963 0.25833333333333336 0.7046296296296296 0.26458333333333334 0.7185185185185186 0.2721354166666667 0.7263888888888889 0.28854166666666664 0.7310185185185185 0.30807291666666664 0.7282407407407407 0.31640625 0.7226851851851852 0.33307291666666666 0.7041666666666667 0.3453125 0.675 0.35260416666666666 0.6481481481481481 0.35885416666666664 0.6407407407407407 0.3611979166666667 0.6347222222222222 0.37135416666666665 0.6240740740740741 0.375 0.6152777777777778 0.3768229166666667 0.6027777777777777 0.37473958333333335 0.5828703703703704 0.3729166666666667 0.5791666666666667 0.36302083333333335 0.5736111111111111 0.34661458333333334 0.5717592592592593 0.3450520833333333 0.5597222222222222 0.3416666666666667 0.5472222222222223 0.33203125 0.5291666666666667 0.3171875 0.5166666666666667 0.3033854166666667 0.5125 0.2877604166666667 0.5138888888888888 0.26536458333333335 0.524074074074074 0.25026041666666665 0.5412037037037037 0.24739583333333334 0.5472222222222223 0.22916666666666666 0.5657407407407408 0.20286458333333332 0.5671296296296297 0.19869791666666667 0.5712962962962963
0 0.32395833333333335 0.44583333333333336 0.3229166666666667 0.45416666666666666 0.32317708333333334 0.46944444444444444 0.32734375 0.4842592592592593 0.3380208333333333 0.4949074074074074 0.34739583333333335 0.49583333333333335 0.36796875 0.5402777777777777 0.3690104166666667 0.55 0.37578125 0.5648148148148148 0.38359375 0.5745370370370371 0.3932291666666667 0.5787037037037037 0.409375 0.5800925925925926 0.42630208333333336 0.575925925925926 0.4317708333333333 0.5722222222222222 0.43645833333333334 0.5615740740740741 0.44557291666666665 0.5467592592592593 0.4473958333333333 0.5268518518518519 0.45107552083333335 0.5104398148148148 0.46427265625 0.5122166666666667 0.4716708333333333 0.5043976851851852 0.4784692708333333 0.49231296296296295 0.47942708333333334 0.4773148148148148 0.4786458333333333 0.45601851851851855 0.47734375 0.4513888888888889 0.4744791666666667 0.4486111111111111 0.4569010416666667 0.44583333333333336 0.4513020833333333 0.44074074074074077 0.44973958333333336 0.43194444444444446 0.44635416666666666 0.4236111111111111 0.44036458333333334 0.41388888888888886 0.42994791666666665 0.40324074074074073 0.4158854166666667 0.39675925925925926 0.39348958333333334 0.3972222222222222 0.3802083333333333 0.40370370370370373 0.36614583333333334 0.4166666666666667 0.36015625 0.425462962962963 0.3580729166666667 0.43194444444444446 0.35208333333333336 0.43425925925925923 0.33671875 0.4310185185185185 0.33125 0.43194444444444446 0.32734375 0.4361111111111111
0 0.3954947916666667 0.5933097222222222 0.39349531249999997 0.6132134259259259 0.39609375 0.6314814814814815 0.39947916666666666 0.6439814814814815 0.4084919270833333 0.6590638888888889 0.42648776041666664 0.6629731481481481 0.44427083333333334 0.7078703703703704 0.4505208333333333 0.7277777777777777 0.46197916666666666 0.7453703703703703 0.4666666666666667 0.7486111111111111 0.47708333333333336 0.750462962962963 0.4981770833333333 0.7509259259259259 0.5158854166666667 0.7347222222222223 0.5263020833333333 0.711574074074074 0.5291666666666667 0.6967592592592593 0.5426609375000001 0.6683046296296297 0.5574575520833334 0.6675939814814814 0.5670552083333333 0.6590638888888889 0.5713541666666667 0.6504629629629629 0.5747395833333333 0.6402777777777777 0.5770833333333333 0.6236111111111111 0.5752604166666667 0.6046296296296296 0.57265625 0.5986111111111111 0.5424479166666667 0.5912037037037037 0.54140625 0.5842592592592593 0.5375 0.5731481481481482 0.5231770833333333 0.549537037037037 0.50625 0.5347222222222222 0.49114583333333334 0.5305555555555556 0.47369791666666666 0.5310185185185186 0.4583333333333333 0.537962962962963 0.4484375 0.5472222222222223 0.43802083333333336 0.562037037037037 0.42994791666666665 0.5810185185185185 0.42239583333333336 0.5828703703703704 0.4014934895833333 0.5837129629629629
0 0.50078125 0.475 0.50078125 0.48518518518518516 0.5018229166666667 0.49074074074074076 0.5080729166666667 0.5055555555555555 0.51341171875 0.5142532407407407 0.5181395833333333 0.5144935185185185 0.5269200520833334 0.5159342592592592 0.53125 0.5185185185185185 0.53046875 0.5370370370370371 0.5317708333333333 0.5513888888888889 0.53984375 0.5745370370370371 0.5432291666666667 0.5782407407407407 0.5432291666666667 0.5819444444444445 0.5453125 0.5837962962962963 0.546875 0.5884259259259259 0.5744791666666667 0.5981481481481481 0.5888020833333333 0.5976851851851852 0.5997395833333333 0.5893518518518519 0.6067708333333334 0.5763888888888888 0.6125 0.5574074074074075 0.621875 0.5356481481481481 0.6255208333333333 0.5324074074074074 0.6268229166666667 0.5277777777777778 0.6414229166666666 0.5292037037037036 0.6484375 0.5226851851851851 0.65234375 0.5185185185185185 0.6583333333333333 0.5078703703703704 0.6598958333333333 0.4912037037037037 0.6583333333333333 0.48009259259259257 0.65703125 0.47824074074074074 0.6567708333333333 0.4703703703703704 0.65390625 0.4666666666666667 0.6479166666666667 0.4638888888888889 0.6315104166666666 0.46296296296296297 0.6270833333333333 0.45740740740740743 0.6236979166666666 0.44583333333333336 0.61328125 0.43148148148148147 0.5953125 0.41712962962962963 0.5859375 0.412962962962963 0.5776041666666667 0.4115740740740741 0.5635416666666667 0.41203703703703703 0.5515625 0.41712962962962963 0.54140625 0.42685185185185187 0.5356770833333333 0.4356481481481482 0.53125 0.4462962962962963 0.5283528645833333 0.4486111111111111 0.51640625 0.44722222222222224 0.5075520833333333 0.4486111111111111 0.5041666666666667 0.4527777777777778 0.5028645833333333 0.45740740740740743
0 0.5962143229166668 0.6113541666666668 0.5965322916666668 0.6277513888888889 0.5995541666666667 0.6449962962962963 0.6033710937500001 0.652912037037037 0.6103690104166667 0.6676124999999999 0.6168895833333334 0.6710050925925927 0.6270682291666667 0.6704398148148148 0.62702578125 0.6815592592592592 0.6298903645833334 0.6917444444444444 0.62936953125 0.6954481481481481 0.63405703125 0.7121148148148148 0.63718203125 0.7158185185185185 0.6400466145833333 0.7250777777777777 0.6478591145833333 0.7352629629629629 0.6546299479166666 0.747762962962963 0.66765078125 0.7556333333333333 0.6835361979166666 0.7611888888888888 0.6929111979166667 0.7597999999999999 0.7025466145833333 0.7537814814814814 0.70983828125 0.7473 0.7186924479166666 0.7324851851851851 0.7265049479166666 0.7273925925925926 0.73718203125 0.7172074074074074 0.7483799479166666 0.695911111111111 0.7556716145833333 0.6644296296296296 0.761140625 0.6647856481481481 0.76452578125 0.6621148148148147 0.76843203125 0.6607259259259258 0.7791091145833333 0.6528555555555555 0.7811924479166666 0.6496148148148148 0.7835361979166666 0.6371148148148148 0.7835361979166666 0.6310962962962963 0.78093203125 0.6185962962962962 0.77546328125 0.6060962962962962 0.76921328125 0.6023925925925926 0.7455153645833333 0.6019296296296296 0.73561953125 0.5834111111111111 0.7327549479166666 0.5769296296296296 0.71999453125 0.5607259259259258 0.7054111979166666 0.5482259259259259 0.6929111979166667 0.5417444444444444 0.6835361979166666 0.5394296296296296 0.66452578125 0.5398925925925926 0.65046328125 0.5482259259259259 0.64343203125 0.5560962962962962 0.6353591145833334 0.5690592592592593 0.6296299479166667 0.5917444444444444 0.6267653645833333 0.5935962962962963 0.6048903645833333 0.5954481481481481 0.6009841145833333 0.6010037037037037 0.5978046875 0.604286574074074
0 0.67434375 0.48319074074074075 0.6759041666666668 0.5008736111111111 0.6786348958333334 0.5109282407407407 0.6827309895833333 0.519249537037037 0.6905333333333333 0.5275708333333334 0.6942393229166667 0.5293046296296297 0.694434375 0.5435199074074074 0.7130208333333333 0.5541666666666667 0.7238875 0.5664032407407408 0.7342255208333334 0.5802722222222222 0.7453434895833334 0.602462037037037 0.7510416666666667 0.6013888888888889 0.76640625 0.6013888888888889 0.7705729166666667 0.5995370370370371 0.7770833333333333 0.5898148148148148 0.7783854166666667 0.5847222222222223 0.7841145833333333 0.5740740740740741 0.7901041666666667 0.5708333333333333 0.8002604166666667 0.5611111111111111 0.8114669270833333 0.5362388888888889 0.82356015625 0.5303444444444445 0.8286317708333333 0.5251439814814814 0.8335080729166666 0.5175162037037038 0.8348958333333333 0.5097222222222222 0.8388020833333333 0.4962962962962963 0.8356770833333333 0.48055555555555557 0.8315104166666667 0.4726851851851852 0.8286458333333333 0.4699074074074074 0.8205729166666667 0.4689814814814815 0.81796875 0.4671296296296296 0.8145833333333333 0.4689814814814815 0.8046875 0.4689814814814815 0.8010416666666667 0.4666666666666667 0.7971354166666667 0.45740740740740743 0.79140625 0.4513888888888889 0.7828125 0.44074074074074077 0.76640625 0.42824074074074076 0.7455729166666667 0.42083333333333334 0.73046875 0.4212962962962963 0.7169270833333333 0.42777777777777776 0.7057291666666666 0.4449074074074074 0.7028645833333333 0.4587962962962963 0.7010416666666667 0.4625 0.69609375 0.46574074074074073 0.6815606770833333 0.4641212962962963 0.6774645833333334 0.47036249999999996
0 0.8036458333333333 0.6189814814814815 0.8033854166666666 0.6337962962962963 0.8046875 0.6472222222222223 0.8091145833333333 0.6717592592592593 0.8140625 0.6814814814814815 0.81640625 0.7032407407407407 0.82109375 0.7148148148148148 0.8231770833333333 0.7236111111111111 0.8309895833333333 0.7379629629629629 0.85546875 0.7689814814814815 0.8763020833333334 0.7768518518518519 0.8875 0.7782407407407408 0.8973958333333333 0.7754629629629629 0.9057291666666667 0.7708333333333334 0.9122395833333333 0.7625 0.9239583333333333 0.7541666666666667 0.9356770833333333 0.7532407407407408 0.9494791666666667 0.7453703703703703 0.9630208333333333 0.7282407407407407 0.9692708333333333 0.7101851851851851 0.9705729166666667 0.700925925925926 0.9705729166666667 0.687962962962963 0.9946622395833333 0.6721842592592592 0.9993434895833333 0.6482611111111111 0.9964177083333333 0.6250305555555555 0.9903708333333333 0.6108152777777778 0.9778875 0.6076949074074075 0.9497395833333333 0.6199074074074075 0.93984375 0.6046296296296296 0.92578125 0.587037037037037 0.8989583333333333 0.5652777777777778 0.8875 0.5597222222222222 0.871875 0.5555555555555556 0.8591145833333333 0.5560185185185185 0.8502604166666666 0.5597222222222222 0.8416666666666667 0.5675925925925925 0.8364583333333333 0.575925925925926 0.8299479166666667 0.5921296296296297 0.8247395833333333 0.6106481481481482 0.8169270833333333 0.6138888888888889 0.81015625 0.6138888888888889
0 0.8484375 0.4875 0.8479166666666667 0.4949074074074074 0.8565104166666667 0.5222222222222223 0.8580497395833333 0.556238888888889 0.8752604166666667 0.5546296296296296 0.8932291666666666 0.5615740740740741 0.9243682291666667 0.586750462962963 0.9330729166666667 0.5949074074074074 0.9438736979166666 0.6113671296296297 0.95625 0.5921296296296297 0.9638020833333333 0.5861111111111111 0.9739583333333334 0.5828703703703704 0.98125 0.5782407407407407 0.9888020833333333 0.5708333333333333 0.990625 0.5657407407407408 0.9932291666666667 0.5638888888888889 0.996875 0.5574074074074075 0.9997395833333333 0.5449074074074074 0.9997395833333333 0.4803078703703703 0.9809338541666667 0.47996111111111106 0.9555768229166667 0.4511833333333333 0.9484375 0.44583333333333336 0.9302083333333333 0.4356481481481482 0.9088541666666666 0.43148148148148147 0.8901041666666667 0.43472222222222223 0.8828125 0.44212962962962965 0.8765625 0.4564814814814815 0.87734375 0.4685185185185185 0.8619791666666666 0.4703703703703704 0.8520833333333333 0.48055555555555557