1 0.7728401041666667 0.3523837962962963 0.7799104166666667 0.35436203703703706 0.7840125 0.3519314814814815 0.7853799479166667 0.34737407407407406 0.7843544270833332 0.3346134259259259 0.7858927083333334 0.32610648148148147 0.7860635416666667 0.32063796296296293 0.7841833333333333 0.3160805555555556 0.7800812500000001 0.3133462962962963 0.7771755208333333 0.31304212962962963 0.7747828125 0.3139537037037037 0.7729026041666667 0.3163842592592592 0.77068046875 0.32914490740740737 0.7667494791666667 0.3403861111111111 0.7669203125 0.34524722222222226 0.7686294270833333 0.3491972222222222
1 0.17750963541666664 0.5833787037037037 0.18230130208333334 0.584288888888889 0.18930911458333333 0.5791240740740741 0.19255677083333333 0.5721361111111112 0.19272760416666665 0.5666671296296296 0.18742890625 0.5502611111111112 0.18571979166666666 0.5338546296296296 0.18469427083333334 0.5299050925925926 0.18281406249999999 0.5283856481481481 0.17905390625 0.5268666666666666 0.17426796875 0.5274745370370371 0.16931145833333333 0.5311203703703704 0.16640572916666668 0.5356777777777778 0.16623463541666667 0.5396273148148149 0.16811484375000002 0.5578564814814815 0.16708932291666667 0.5690976851851852 0.1665765625 0.5754782407407407 0.16760208333333332 0.5794277777777778 0.17084973958333333 0.5821620370370371
1 0.06487447916666667 0.9039638888888888 0.06995859375 0.9038703703703703 0.07696640625 0.9011361111111111 0.08226510416666667 0.8962749999999999 0.08585442708333332 0.8874638888888889 0.08773463541666666 0.8795648148148147 0.08756354166666667 0.8716652777777778 0.08175234375 0.8579935185185186 0.07953020833333334 0.8385486111111111 0.0785046875 0.8339916666666667 0.07628281249999999 0.8294342592592593 0.07286432291666665 0.8276111111111112 0.06910416666666667 0.8270037037037037 0.06551484375 0.8273074074074074 0.061241666666666666 0.8300416666666667 0.0561140625 0.8355106481481481 0.05355026041666667 0.8415870370370371 0.052866666666666666 0.8479671296296296 0.05474661458333333 0.8649810185185185 0.05064453125 0.8859449074074074 0.05184088541666666 0.8926287037037037 0.05440494791666666 0.8977939814814815 0.05850703125 0.9017435185185185
2 0.13512213541666668 0.853163425925926 0.14305677083333332 0.857650462962963 0.15198359374999998 0.8521791666666667 0.15167578124999997 0.8368583333333334 0.14859765625000002 0.8084060185185185 0.14644270833333334 0.8040287037037037 0.14151770833333333 0.8023870370370371 0.1362848958333333 0.8067643518518519 0.13382213541666665 0.8177078703703704
2 0.22486354166666667 0.5262560185185186 0.2230901041666667 0.5567101851851851 0.2249369791666667 0.5649175925925926 0.23078541666666666 0.5654648148148148 0.23724973958333334 0.5610875000000001 0.23571067708333335 0.5244273148148147 0.23294010416666666 0.5211444444444444 0.22739947916666667 0.5205972222222223
2 0.7992091145833334 0.34504212962962966 0.801553125 0.32123564814814815 0.8006296875000001 0.31576388888888884 0.7960125 0.31412268518518516 0.7907794270833333 0.3327263888888889 0.7895481770833332 0.34093379629629633 0.7920106770833333 0.3458583333333333 0.795396875 0.34749953703703707
0 0.84609375 0.2689814814814815 0.846875 0.2791666666666667 0.8502604166666666 0.287962962962963 0.85078125 0.29375 0.8479166666666667 0.3087962962962963 0.8466145833333333 0.3300925925925926 0.8453125 0.3347222222222222 0.84453125 0.3490740740740741 0.8466145833333333 0.36574074074074076 0.85234375 0.3768518518518518 0.8606770833333334 0.387037037037037 0.8731770833333333 0.3976851851851852 0.8825520833333333 0.4027777777777778 0.9044270833333333 0.4078703703703704 0.92109375 0.4027777777777778 0.9299479166666667 0.3958333333333333 0.9354166666666667 0.3837962962962963 0.95 0.32685185185185184 0.9598958333333333 0.31805555555555554 0.9619791666666667 0.30972222222222223 0.9619791666666667 0.30324074074074076 0.9580729166666667 0.2865740740740741 0.9528645833333333 0.2777777777777778 0.9338541666666667 0.25925925925925924 0.9166666666666666 0.25092592592592594 0.8872395833333333 0.24444444444444444 0.8671875 0.24444444444444444 0.8588541666666667 0.25 0.85078125 0.25833333333333336 0.84765625 0.2625
0 0.7080729166666667 0.24814814814814815 0.7078125 0.25555555555555554 0.7135416666666666 0.2773148148148148 0.7106770833333333 0.2865740740740741 0.7104166666666667 0.31157407407407406 0.709375 0.3189814814814815 0.709375 0.33194444444444443 0.7125 0.337037037037037 0.7299479166666667 0.325 0.7440104166666667 0.32083333333333336 0.7546130208333334 0.32037037037037036 0.7714822916666667 0.3228601851851852 0.77429140625 0.31382592592592595 0.7804453124999999 0.31382592592592595 0.7852611979166666 0.31667870370370366 0.7856770833333333 0.32407407407407407 0.7869791666666667 0.32731481481481484 0.78984375 0.32916666666666666 0.7927528645833333 0.3304680555555556 0.7956958333333334 0.31453888888888887 0.7999768229166667 0.3164412037037037 0.8011807291666667 0.32190925925925923 0.7995755208333333 0.33450972222222225 0.80546875 0.3106481481481482 0.80625 0.3 0.815625 0.2898148148148148 0.8177083333333334 0.2851851851851852 0.8182291666666667 0.2800925925925926 0.81796875 0.275 0.8161458333333333 0.2708333333333333 0.8140625 0.2587962962962963 0.803125 0.24166666666666667 0.7947916666666667 0.2337962962962963 0.7895833333333333 0.23425925925925925 0.7828125 0.22962962962962963 0.7552083333333334 0.22314814814814815 0.73046875 0.22453703703703703 0.7205729166666667 0.22916666666666666 0.7104166666666667 0.2412037037037037
0 0.7026041666666667 0.3731481481481482 0.70390625 0.3912037037037037 0.6989583333333333 0.43194444444444446 0.6989583333333333 0.4398148148148148 0.70078125 0.44722222222222224 0.7057291666666666 0.45694444444444443 0.7041666666666667 0.4777777777777778 0.7083333333333334 0.4912037037037037 0.7130208333333333 0.5018518518518519 0.72421875 0.5175925925925926 0.73125 0.524537037037037 0.7395833333333334 0.5300925925925926 0.7645833333333333 0.5393518518518519 0.7778645833333333 0.5393518518518519 0.78984375 0.5361111111111111 0.8020833333333334 0.5254629629629629 0.80703125 0.5185185185185185 0.8109375 0.5078703703703704 0.8158854166666667 0.48055555555555557 0.8247395833333333 0.44537037037037036 0.8325520833333333 0.4375 0.8356770833333333 0.4305555555555556 0.8403645833333333 0.4027777777777778 0.8403645833333333 0.39166666666666666 0.8390625 0.38425925925925924 0.83359375 0.37222222222222223 0.8307291666666666 0.36157407407407405 0.83203125 0.35648148148148145 0.83203125 0.3351851851851852 0.82109375 0.32407407407407407 0.8114583333333333 0.32175925925925924 0.8065104166666667 0.3226851851851852 0.7984291666666666 0.33270231481481477 0.7899197916666666 0.329775462962963 0.7783908854166667 0.32465324074074076 0.7713911458333332 0.32343379629629626 0.7630208333333334 0.32175925925925924 0.746875 0.3212962962962963 0.7309895833333333 0.32546296296296295 0.71875 0.3333333333333333 0.70859375 0.3435185185185185 0.7052083333333333 0.3523148148148148
0 0.5393229166666667 0.3976851851851852 0.5388020833333333 0.40555555555555556 0.53984375 0.4162037037037037 0.54609375 0.4263888888888889 0.55303828125 0.43271620370370373 0.55625 0.44166666666666665 0.55546875 0.44537037037037036 0.5559895833333334 0.4564814814814815 0.5575520833333333 0.4587962962962963 0.5609375 0.4597222222222222 0.5713541666666667 0.44907407407407407 0.5846354166666666 0.4412037037037037 0.5901041666666667 0.44027777777777777 0.6169270833333333 0.4412037037037037 0.6434895833333333 0.44675925925925924 0.6471354166666666 0.45 0.6611979166666667 0.45092592592592595 0.665625 0.41759259259259257 0.6768229166666667 0.3962962962962963 0.67734375 0.387037037037037 0.6752604166666667 0.35555555555555557 0.6791666666666667 0.34120370370370373 0.6796875 0.32592592592592595 0.6783854166666666 0.32222222222222224 0.67109375 0.3148148148148148 0.6619791666666667 0.31157407407407406 0.6544270833333333 0.31666666666666665 0.653125 0.32407407407407407 0.64921875 0.3263888888888889 0.64140625 0.32546296296296295 0.6296875 0.3199074074074074 0.6127604166666667 0.31574074074074077 0.5877604166666667 0.3148148148148148 0.578125 0.31712962962962965 0.5669270833333333 0.32546296296296295 0.5606770833333333 0.33287037037037037 0.5526041666666667 0.34629629629629627 0.5489583333333333 0.3574074074074074 0.5481770833333334 0.36527777777777776 0.5494791666666666 0.3736111111111111 0.55234375 0.3824074074074074 0.5552083333333333 0.387037037037037 0.5546875 0.4 0.5502604166666667 0.4009259259259259 0.54375 0.39675925925925926
0 0.52734375 0.5569444444444445 0.5270833333333333 0.5666666666666667 0.52890625 0.5726851851851852 0.5361979166666667 0.5837962962962963 0.5463541666666667 0.5949074074074074 0.5520833333333334 0.6074074074074074 0.5515625 0.6157407407407407 0.55703125 0.6365740740740741 0.5606770833333333 0.6449074074074074 0.5643229166666667 0.6518518518518519 0.5778645833333333 0.6680555555555555 0.5921875 0.6787037037037037 0.6125 0.6865740740740741 0.62734375 0.6865740740740741 0.6440104166666667 0.6796296296296296 0.6552083333333333 0.6717592592592593 0.6611979166666667 0.6648148148148149 0.6666666666666666 0.6546296296296297 0.6734375 0.6333333333333333 0.6783854166666666 0.6 0.6825520833333333 0.5800925925925926 0.6932291666666667 0.5625 0.696875 0.5504629629629629 0.6979166666666666 0.5324074074074074 0.6927083333333334 0.5018518518518519 0.6997395833333333 0.4837962962962963 0.7020833333333333 0.46805555555555556 0.7018229166666666 0.45601851851851855 0.6979166666666666 0.44814814814814813 0.68203125 0.43657407407407406 0.678125 0.43657407407407406 0.67109375 0.44166666666666665 0.6614583333333334 0.45925925925925926 0.6557291666666667 0.4583333333333333 0.6513020833333333 0.4527777777777778 0.6453125 0.44907407407407407 0.6166666666666667 0.44212962962962965 0.590625 0.44212962962962965 0.5721354166666667 0.449537037037037 0.5494791666666666 0.47638888888888886 0.54296875 0.49166666666666664 0.5424479166666667 0.512962962962963 0.54609375 0.5287037037037037 0.553125 0.5481481481481482 0.54375 0.5532407407407407 0.5325520833333334 0.55 0.52890625 0.5518518518518518
0 0.33697916666666666 0.5222222222222223 0.33671875 0.5347222222222222 0.34010416666666665 0.5430555555555555 0.37734375 0.5884259259259259 0.39765625 0.5847222222222223 0.40390625 0.5879629629629629 0.41640625 0.5875 0.43802083333333336 0.5912037037037037 0.45286458333333335 0.5967592592592592 0.4635416666666667 0.5981481481481481 0.47760416666666666 0.6101851851851852 0.4825520833333333 0.6111111111111112 0.48489583333333336 0.6092592592592593 0.490625 0.5986111111111111 0.49765625 0.5819444444444445 0.5 0.5412037037037037 0.49921875 0.5351851851851852 0.5019096354166667 0.5262347222222222 0.5135416666666667 0.5046296296296297 0.5135416666666667 0.47685185185185186 0.5203125 0.45740740740740743 0.5236979166666667 0.44305555555555554 0.5247395833333334 0.42083333333333334 0.5229166666666667 0.41435185185185186 0.51953125 0.40925925925925927 0.5078125 0.4023148148148148 0.5015625 0.4041666666666667 0.49375 0.4162037037037037 0.49114583333333334 0.41759259259259257 0.48854166666666665 0.42407407407407405 0.484375 0.425 0.48098958333333336 0.4212962962962963 0.47109375 0.4162037037037037 0.44765625 0.4101851851851852 0.41354166666666664 0.4097222222222222 0.40182291666666664 0.41435185185185186 0.38333333333333336 0.4287037037037037 0.365625 0.45231481481481484 0.35885416666666664 0.47962962962962963 0.35911458333333335 0.4875 0.36171875 0.5013888888888889 0.36692708333333335 0.5148148148148148 0.36484375 0.5199074074074074 0.34869791666666666 0.5222222222222223 0.3416666666666667 0.5180555555555556 0.3385416666666667 0.5185185185185185
0 0.2799479166666667 0.7620370370370371 0.2796875 0.7754629629629629 0.28229166666666666 0.7847222222222222 0.29739583333333336 0.8134259259259259 0.30390625 0.8212962962962963 0.32395833333333335 0.8356481481481481 0.3296875 0.8351851851851851 0.33515625 0.8305555555555556 0.34036458333333336 0.8296296296296296 0.34791666666666665 0.8532407407407407 0.35494791666666664 0.8699074074074075 0.3606770833333333 0.8777777777777778 0.3768229166666667 0.8939814814814815 0.39140625 0.9013888888888889 0.4109375 0.9055555555555556 0.428125 0.9032407407407408 0.44244791666666666 0.8967592592592593 0.44765625 0.8916666666666667 0.45546875 0.887962962962963 0.46848958333333335 0.8736111111111111 0.4796875 0.8527777777777777 0.4856770833333333 0.8361111111111111 0.48932291666666666 0.8208333333333333 0.4903645833333333 0.8106481481481481 0.4946434895833333 0.764975 0.5051341145833333 0.7444666666666667 0.51090390625 0.7220944444444444 0.51273984375 0.6983236111111111 0.5095924479166667 0.6778157407407408 0.5185096354166666 0.669425925925926 0.5291666666666667 0.6388888888888888 0.5307291666666667 0.6166666666666667 0.5294270833333333 0.5986111111111111 0.52265625 0.5875 0.5122395833333333 0.5800925925925926 0.5052083333333334 0.5814814814814815 0.4984375 0.5861111111111111 0.48932291666666666 0.6013888888888889 0.48359375 0.6143518518518518 0.4625 0.5981481481481481 0.45286458333333335 0.5976851851851852 0.43203125 0.5916666666666667 0.421875 0.5898148148148148 0.40182291666666664 0.5898148148148148 0.39739583333333334 0.586574074074074 0.3932291666666667 0.586574074074074 0.3770833333333333 0.5939814814814814 0.371875 0.600462962962963 0.3580729166666667 0.612037037037037 0.32734375 0.6509259259259259 0.32083333333333336 0.675 0.3203125 0.6828703703703703 0.31744791666666666 0.6902777777777778 0.3171875 0.7101851851851851 0.32135416666666666 0.7395833333333334 0.31692708333333336 0.7462962962962963 0.30755208333333334 0.7541666666666667 0.29921875 0.7550925925925925 0.2911458333333333 0.7513888888888889 0.28619791666666666 0.7518518518518519 0.2830729166666667 0.7537037037037037
0 0.029166666666666667 0.6851851851851852 0.029427083333333333 0.7162037037037037 0.03619791666666667 0.7416666666666667 0.04791666666666667 0.7583333333333333 0.06380208333333333 0.7703703703703704 0.08151041666666667 0.7763888888888889 0.08567708333333333 0.774074074074074 0.08854166666666667 0.7694444444444445 0.09583333333333334 0.7657407407407407 0.09895833333333333 0.7615740740740741 0.10859375 0.7574074074074074 0.1125 0.7606481481481482 0.11328125 0.7685185185185185 0.11640625 0.7754629629629629 0.14375 0.7796296296296297 0.15598958333333332 0.7847222222222222 0.17526041666666667 0.7972222222222223 0.17916666666666667 0.7972222222222223 0.22369791666666666 0.763425925925926 0.23098958333333333 0.7620370370370371 0.23828125 0.7666666666666667 0.25026041666666665 0.7851851851851852 0.2515625 0.7907407407407407 0.25286458333333334 0.7907407407407407 0.25677083333333334 0.788425925925926 0.26223958333333336 0.7810185185185186 0.26901041666666664 0.7523148148148148 0.27109375 0.7324074074074074 0.2713541666666667 0.6981481481481482 0.27109375 0.6925925925925925 0.26848958333333334 0.6861111111111111 0.2703125 0.6754629629629629 0.27760416666666665 0.6555555555555556 0.28125 0.6402777777777777 0.28072916666666664 0.6356481481481482 0.28229166666666666 0.6273148148148148 0.28177083333333336 0.6129629629629629 0.29270833333333335 0.6097222222222223 0.29401041666666666 0.6106481481481482 0.29401041666666666 0.6162037037037037 0.29661458333333335 0.6180555555555556 0.30390625 0.6064814814814815 0.30494791666666665 0.5981481481481481 0.30755208333333334 0.5953703703703703 0.31276041666666665 0.5745370370370371 0.3106770833333333 0.5361111111111111 0.30755208333333334 0.5277777777777778 0.30052083333333335 0.5185185185185185 0.296875 0.5152777777777777 0.28984375 0.512962962962963 0.26458333333333334 0.5254629629629629 0.25286458333333334 0.5351851851851852 0.24739583333333334 0.5337962962962963 0.23125 0.5222222222222223 0.19739583333333333 0.5166666666666667 0.17526041666666667 0.5194444444444445 0.1484375 0.5305555555555556 0.13046875 0.5421296296296296 0.10677083333333333 0.5662037037037037 0.09453125 0.5837962962962963 0.08880208333333334 0.5958333333333333 0.08723958333333333 0.6032407407407407 0.08072916666666667 0.6199074074074075 0.078125 0.6388888888888888 0.06354166666666666 0.6509259259259259 0.06041666666666667 0.6467592592592593 0.05260416666666667 0.6587962962962963 0.05026041666666667 0.6578703703703703 0.035416666666666666 0.6699074074074074 0.031510416666666666 0.6759259259259259
0 0.00703125 0.8310185185185185 0 0.8384259259259259 0 0.999537037037037 0.19713541666666667 0.999537037037037 0.20026041666666666 0.9949074074074075 0.20885416666666667 0.9638888888888889 0.21223958333333334 0.9462962962962963 0.21328125 0.9263888888888889 0.22135416666666666 0.9166666666666666 0.22864583333333333 0.9115740740740741 0.23333333333333334 0.9046296296296297 0.23854166666666668 0.9013888888888889 0.24557291666666667 0.8898148148148148 0.2518229166666667 0.8731481481481481 0.25677083333333334 0.8527777777777777 0.25859375 0.8393518518518519 0.2578125 0.8185185185185185 0.25364583333333335 0.8046296296296296 0.25286458333333334 0.7935185185185185 0.24114583333333334 0.7717592592592593 0.23489583333333333 0.7648148148148148 0.23098958333333333 0.763425925925926 0.22369791666666666 0.7648148148148148 0.20911458333333333 0.774074074074074 0.19244791666666666 0.7861111111111111 0.1796875 0.799074074074074 0.17369791666666667 0.8004629629629629 0.17057291666666666 0.799074074074074 0.16692708333333334 0.7930555555555555 0.15755208333333334 0.7875 0.13697916666666668 0.7791666666666667 0.1109375 0.7777777777777778 0.08177083333333333 0.7828703703703703 0.07604166666666666 0.7865740740740741 0.06432291666666666 0.7893518518518519 0.038802083333333334 0.8046296296296296 0.023177083333333334 0.8162037037037037