1 0.00845703125 0.28023148148148147 0.013161979166666667 0.2784726851851852 0.01508359375 0.2763851851851852 0.017005208333333334 0.2727796296296296 0.014870052083333333 0.26822546296296296 0.01177421875 0.264050462962963 0.010706770833333332 0.2606347222222222 0.009425520833333334 0.2574087962962963 0.007930989583333332 0.25589074074074075 0.005582291666666667 0.2543726851851852 0.0034471354166666665 0.2543726851851852 0.0017390625 0.25551111111111113 0.00035130208333333335 0.25816759259259264 0.00024453125 0.26196296296296295 0.0009916666666666665 0.2665175925925926 0.0022729166666666666 0.2697435185185185 0.004301302083333333 0.27733425925925925 0.005475520833333333 0.2798009259259259
1 0.09525130208333334 0.3338921296296296 0.09852708333333333 0.33439305555555554 0.10172994791666666 0.33192592592592596 0.10386484375 0.3300282407407407 0.10503932291666666 0.32756111111111114 0.10503932291666666 0.3256634259259259 0.10375833333333334 0.3218685185185185 0.10162317708333334 0.31826296296296297 0.10076901041666667 0.31351851851851853 0.09980807291666666 0.31029259259259256 0.09831354166666667 0.307825462962963 0.09617838541666666 0.3072564814814815 0.09415 0.3068768518518519 0.09169479166666666 0.3074462962962963 0.08977291666666667 0.3101027777777778 0.08955963541666666 0.3131388888888889 0.0902 0.3165550925925926 0.09158802083333333 0.32110925925925926 0.09201484374999999 0.3268023148148148 0.09180130208333333 0.33021805555555556 0.09233515625000001 0.3324953703703704
1 0.06025182291666666 0.44371944444444444 0.06363151041666666 0.4428583333333333 0.06630052083333333 0.4403916666666667 0.06907604166666667 0.4373550925925926 0.07099791666666667 0.43488842592592597 0.07110442708333334 0.43109305555555555 0.06565989583333333 0.4225537037037037 0.06277760416666667 0.41477314814814814 0.061816666666666666 0.4126856481481481 0.060322135416666665 0.41154722222222223 0.057973437499999995 0.41135740740740745 0.05455729166666667 0.4126856481481481 0.05156796875 0.41515277777777776 0.04996666666666667 0.4181888888888889 0.05039375 0.4206560185185185 0.05348958333333333 0.4293851851851852 0.053596354166666665 0.4333703703703704 0.05423697916666667 0.4403916666666667 0.055945052083333335 0.44228935185185186
1 0.20659244791666667 0.39319074074074073 0.20882708333333333 0.3941087962962963 0.21234999999999998 0.39297037037037036 0.21459192708333333 0.3910726851851852 0.2163 0.38898518518518516 0.216940625 0.3859490740740741 0.2166203125 0.38158425925925926 0.21405807291666665 0.37589120370370366 0.21256354166666666 0.3683009259259259 0.21170963541666668 0.3660236111111111 0.21032161458333334 0.3648847222222222 0.2084 0.3645055555555555 0.20647838541666666 0.3648847222222222 0.20519739583333332 0.3650745370370371 0.20402291666666666 0.36621342592592593 0.20284869791666665 0.36886990740740744 0.20252838541666665 0.3719064814814815 0.20295546875 0.3753222222222222 0.20327578124999998 0.3787379629629629 0.20380937500000001 0.38158425925925926 0.20391614583333334 0.3851898148148148 0.20391614583333334 0.3882259259259259 0.20423645833333334 0.3908828703703704
1 0.5235856770833334 0.5406013888888889 0.5240778645833334 0.5365337962962963 0.5238645833333334 0.5312203703703703 0.5222630208333333 0.5287532407407407 0.5205549479166667 0.5270453703703704 0.5178861979166667 0.5260962962962963 0.5158578125 0.5262861111111111 0.5143630208333333 0.5276148148148148 0.5131888020833333 0.5300814814814815 0.5126549479166667 0.5325486111111112 0.5122278645833334 0.5403291666666667 0.5100927083333333 0.5464013888888889 0.5092388020833334 0.5503865740740741 0.50945234375 0.5547509259259259 0.5108401041666667 0.5585462962962963 0.51244140625 0.5606337962962963 0.5152171875 0.5623416666666666 0.5189536458333334 0.5627212962962963 0.5222630208333333 0.5613930555555555 0.5241846354166666 0.5596851851851852 0.5251455729166666 0.5558898148148148 0.5251455729166666 0.5526638888888888 0.5245049479166667 0.5482990740740741 0.5235442708333333 0.5443138888888889
1 0.580665625 0.7909495370370371 0.5837294270833334 0.7932018518518519 0.58757265625 0.7935814814814814 0.59120234375 0.7918736111111111 0.5937645833333334 0.7895962962962964 0.5952591145833334 0.7850416666666666 0.5956861979166667 0.7797282407407408 0.5944049479166666 0.7715685185185185 0.5942984375000001 0.767962962962963 0.5947252604166666 0.7630291666666666 0.5954726562499999 0.7594236111111111 0.5954726562499999 0.7552486111111111 0.5948320312500001 0.7520226851851851 0.5934442708333333 0.749175925925926 0.5922700520833334 0.7472782407407408 0.59088203125 0.7461398148148148 0.5889604166666668 0.7450013888888889 0.5870388020833333 0.7444319444444444 0.5849036458333334 0.7444319444444444 0.5831955729166667 0.7455703703703703 0.5818078124999999 0.7472782407407408 0.5805265625 0.7505046296296296 0.5803130208333334 0.7535407407407407 0.5795658854166666 0.7609416666666666 0.5786049479166666 0.7630291666666666 0.5770036458333333 0.7653060185185184 0.5758294270833333 0.7672037037037037 0.5748684895833333 0.7698606481481481 0.5743346354166667 0.7755537037037037 0.5749752604166667 0.7787796296296297 0.5761497395833334 0.7833337962962963 0.5777510416666666 0.7863703703703704
2 0.02294192708333333 0.29488564814814816 0.026733072916666666 0.2976990740740741 0.029980729166666668 0.29435694444444443 0.0301515625 0.28797685185185184 0.026733072916666666 0.27551990740740745 0.023656510416666665 0.27369722222222226 0.020921875 0.27369722222222226 0.019725520833333333 0.27734305555555555 0.019554427083333333 0.2812925925925926
2 0.11094401041666666 0.3333291666666667 0.1130484375 0.3444875 0.1147578125 0.3523865740740741 0.11732161458333333 0.3523865740740741 0.12039817708333334 0.3499560185185185 0.12159453125 0.3444875 0.11817604166666666 0.33051157407407405 0.11663776041666667 0.3274736111111111 0.11356119791666666 0.3268657407407407 0.11116848958333334 0.3289925925925926
2 0.08725104166666667 0.4426421296296296 0.08518828125 0.4380643518518519 0.08245364583333334 0.4368490740740741 0.07971875 0.4380643518518519 0.07732604166666666 0.44231759259259257 0.07818046875000001 0.44717870370370366 0.08108619791666666 0.4578125 0.08296640625 0.4623699074074074 0.08741041666666667 0.4608509259259259 0.09014505208333333 0.4578125 0.09065781249999999 0.4526476851851852
2 0.22790390624999998 0.3924986111111111 0.22978776041666665 0.41041666666666665 0.23320624999999998 0.41223935185185184 0.23679557291666667 0.40768194444444444 0.23713749999999997 0.40251712962962966 0.23423177083333335 0.38914907407407406 0.23218072916666666 0.3867185185185185 0.22842057291666668 0.3873263888888889
2 0.5522708333333333 0.5850500000000001 0.5549791666666667 0.5713083333333334 0.5560046875 0.5658398148148148 0.5549791666666667 0.5618898148148148 0.5527572916666668 0.5591555555555556 0.5496807291666667 0.5597634259259259 0.5454075520833332 0.5764731481481482 0.5452367187499999 0.5816384259259259 0.5466041666666667 0.5861958333333334 0.54916796875 0.5877148148148148
2 0.6327049479166666 0.8235087962962963 0.63766171875 0.8046717592592592 0.6374908854166667 0.8001148148148148 0.6368070312499999 0.7955574074074074 0.6332177083333334 0.7919115740740741 0.6287736979166667 0.7928231481481481 0.6222786458333334 0.8107486111111112 0.6224497395833333 0.8153055555555555 0.6243296875 0.8213819444444445 0.6289447916666667 0.8244203703703704
0 0.82421875 0.9597222222222223 0.82421875 0.9949074074074075 0.8276041666666667 0.999537037037037 0.9997395833333333 0.999537037037037 0.9997395833333333 0.9671296296296297 0.98828125 0.9564814814814815 0.9807291666666667 0.9555555555555556 0.9747395833333333 0.9523148148148148 0.9567708333333333 0.9388888888888889 0.9291666666666667 0.9291666666666667 0.9122395833333333 0.9291666666666667 0.89765625 0.9351851851851852 0.89375 0.9388888888888889 0.88359375 0.9518518518518518 0.87890625 0.9662037037037037 0.8796875 0.9712962962962963 0.878125 0.9777777777777777 0.8731770833333333 0.9851851851851852 0.8479166666666667 0.9611111111111111 0.8450520833333334 0.9523148148148148 0.8369791666666667 0.9425925925925925 0.8315104166666667 0.9421296296296297 0.8283854166666667 0.9453703703703704 0.8263020833333333 0.9490740740740741
0 0.6854166666666667 0.6888888888888889 0.6856770833333333 0.7097222222222223 0.6880208333333333 0.7226851851851852 0.6919270833333333 0.7324074074074074 0.70234375 0.7481481481481481 0.71796875 0.7578703703703704 0.7184895833333333 0.762962962962963 0.71640625 0.7754629629629629 0.71640625 0.7851851851851852 0.71796875 0.7962962962962963 0.7229166666666667 0.8194444444444444 0.7302083333333333 0.8398148148148148 0.7494791666666667 0.875 0.7635416666666667 0.8902777777777777 0.7791666666666667 0.9004629629629629 0.7869791666666667 0.9013888888888889 0.7981770833333334 0.9060185185185186 0.8106770833333333 0.9037037037037037 0.82109375 0.899074074074074 0.8260416666666667 0.8944444444444445 0.83515625 0.8791666666666667 0.8885416666666667 0.8379629629629629 0.8979166666666667 0.8384259259259259 0.9078125 0.8356481481481481 0.9143229166666667 0.8314814814814815 0.9223958333333333 0.8203703703703704 0.9255208333333333 0.8101851851851852 0.9255208333333333 0.8037037037037037 0.9223958333333333 0.7861111111111111 0.9182291666666667 0.775 0.91171875 0.7689814814814815 0.9018229166666667 0.7703703703703704 0.8973958333333333 0.7675925925925926 0.8833333333333333 0.7666666666666667 0.8815104166666666 0.7680555555555556 0.8755208333333333 0.762962962962963 0.87109375 0.7467592592592592 0.8666666666666667 0.7356481481481482 0.8471354166666667 0.7050925925925926 0.8213541666666667 0.674074074074074 0.8072916666666666 0.663425925925926 0.7833333333333333 0.6532407407407408 0.7515625 0.65 0.74375 0.6541666666666667 0.7291666666666666 0.6703703703703704 0.7208333333333333 0.6939814814814815 0.703125 0.6833333333333333 0.7002604166666667 0.674537037037037 0.6932291666666667 0.6675925925925926 0.6916666666666667 0.6680555555555555 0.6880208333333333 0.6763888888888889
0 0.4739583333333333 0.7458333333333333 0.47369791666666666 0.7601851851851852 0.47760416666666666 0.7763888888888889 0.47682291666666665 0.7796296296296297 0.4783854166666667 0.7819444444444444 0.48020833333333335 0.7902777777777777 0.48776041666666664 0.8046296296296296 0.5 0.8125 0.5028645833333333 0.8162037037037037 0.5057291666666667 0.8486111111111111 0.5169270833333334 0.8935185185185185 0.51640625 0.9009259259259259 0.5197916666666667 0.9254629629629629 0.5322916666666667 0.9555555555555556 0.5385416666666667 0.9629629629629629 0.5424479166666667 0.9703703703703703 0.5572916666666666 0.9847222222222223 0.5763020833333333 0.9930555555555556 0.59140625 0.9916666666666667 0.6049479166666667 0.9842592592592593 0.6125 0.9773148148148149 0.62578125 0.9564814814814815 0.6286458333333333 0.9462962962962963 0.6317708333333333 0.9435185185185185 0.6432291666666666 0.924537037037037 0.6479166666666667 0.9236111111111112 0.65859375 0.9324074074074075 0.6822916666666666 0.9347222222222222 0.6890625 0.9319444444444445 0.6940104166666666 0.9273148148148148 0.6973958333333333 0.9217592592592593 0.7005208333333334 0.9115740740740741 0.703125 0.8967592592592593 0.7046875 0.8680555555555556 0.7018229166666666 0.8486111111111111 0.6739583333333333 0.8268518518518518 0.65703125 0.8166666666666667 0.65625 0.8125 0.65703125 0.799537037037037 0.65390625 0.7754629629629629 0.6471354166666666 0.7550925925925925 0.6377604166666667 0.7379629629629629 0.6283854166666667 0.7245370370370371 0.6041666666666666 0.7018518518518518 0.5830729166666667 0.6935185185185185 0.5729166666666666 0.6921296296296297 0.5598958333333334 0.6935185185185185 0.5403645833333334 0.7027777777777777 0.5325520833333334 0.7097222222222223 0.521875 0.7245370370370371 0.5138020833333333 0.7217592592592592 0.5015625 0.7129629629629629 0.484375 0.7083333333333334 0.47734375 0.7245370370370371
0 0.43385416666666665 0.5425925925925926 0.43333333333333335 0.5476851851851852 0.4356770833333333 0.5717592592592593 0.44244791666666666 0.5856481481481481 0.44583333333333336 0.5888888888888889 0.46901041666666665 0.6532407407407408 0.46822916666666664 0.6583333333333333 0.46979166666666666 0.6777777777777778 0.47213541666666664 0.6819444444444445 0.47604166666666664 0.6949074074074074 0.48203125 0.7050925925925926 0.49947916666666664 0.7101851851851851 0.515625 0.7212962962962963 0.52265625 0.7222222222222222 0.5955729166666667 0.6615740740740741 0.60234375 0.6509259259259259 0.6057291666666667 0.6365740740740741 0.6067708333333334 0.6236111111111111 0.6057291666666667 0.6060185185185185 0.6018229166666667 0.600462962962963 0.5778645833333333 0.5851851851851851 0.5768229166666666 0.5717592592592593 0.575 0.5634259259259259 0.56796875 0.5444444444444444 0.5552083333333333 0.5254629629629629 0.5401041666666667 0.513425925925926 0.5223958333333333 0.5069444444444444 0.5111979166666667 0.5064814814814815 0.4986979166666667 0.5087962962962963 0.48020833333333335 0.5185185185185185 0.46979166666666666 0.5328703703703703 0.4669270833333333 0.5324074074074074 0.46536458333333336 0.5277777777777778 0.46145833333333336 0.524537037037037 0.44921875 0.5189814814814815 0.4390625 0.525 0.43802083333333336 0.5305555555555556 0.4356770833333333 0.5333333333333333
0 0.2799479166666667 0.6171296296296296 0.2794270833333333 0.6231481481481481 0.2828125 0.6337962962962963 0.28984375 0.6472222222222223 0.29348958333333336 0.649074074074074 0.29583333333333334 0.6532407407407408 0.29791666666666666 0.6620370370370371 0.2953125 0.6791666666666667 0.2947916666666667 0.6939814814814815 0.29609375 0.7092592592592593 0.30078125 0.7268518518518519 0.3098958333333333 0.7453703703703703 0.3182291666666667 0.7560185185185185 0.325 0.7800925925925926 0.3333333333333333 0.7981481481481482 0.3424479166666667 0.8064814814814815 0.35182291666666665 0.8111111111111111 0.37395833333333334 0.812037037037037 0.38958333333333334 0.8032407407407407 0.4010416666666667 0.7935185185185185 0.40989583333333335 0.7805555555555556 0.4166666666666667 0.7666666666666667 0.41744791666666664 0.7611111111111111 0.42213541666666665 0.7560185185185185 0.4317708333333333 0.7574074074074074 0.43854166666666666 0.7523148148148148 0.45078125 0.725462962962963 0.45651041666666664 0.7027777777777777 0.45729166666666665 0.6962962962962963 0.45286458333333335 0.6930555555555555 0.44244791666666666 0.6930555555555555 0.43255208333333334 0.6888888888888889 0.4309895833333333 0.6810185185185185 0.43255208333333334 0.6662037037037037 0.43255208333333334 0.6504629629629629 0.428125 0.6273148148148148 0.41640625 0.6023148148148149 0.41041666666666665 0.5944444444444444 0.4046875 0.5902777777777778 0.390625 0.5842592592592593 0.36666666666666664 0.5819444444444445 0.35963541666666665 0.5828703703703704 0.3484375 0.5879629629629629 0.32786458333333335 0.6074074074074074 0.321875 0.6106481481481482 0.3177083333333333 0.6064814814814815 0.30625 0.5953703703703703 0.29661458333333335 0.5921296296296297 0.28984375 0.5953703703703703 0.2828125 0.6060185185185185
0 0.2760885416666667 0.4694152777777778 0.2777981770833333 0.48069999999999996 0.28048463541666663 0.49979814814814816 0.29123072916666665 0.5110828703703704 0.29049791666666663 0.5175935185185185 0.29506822916666664 0.5370083333333334 0.3052244791666666 0.554600925925926 0.30834947916666666 0.5624712962962963 0.3169432291666666 0.5985824074074074 0.3242348958333333 0.6087675925925926 0.3445473958333333 0.591175 0.3554848958333333 0.5842305555555556 0.3677244791666666 0.5819157407407408 0.39090156249999997 0.5842305555555556 0.39480781249999997 0.578675 0.39975572916666663 0.554137962962963 0.41225572916666664 0.5485824074074075 0.4179848958333333 0.5397861111111112 0.4224119791666666 0.529600925925926 0.4237140625 0.5235824074074075 0.42397447916666664 0.5194157407407408 0.42163072916666666 0.5143231481481482 0.4148598958333333 0.5110824074074074 0.4034015625 0.5096935185185185 0.4028807291666666 0.5004342592592593 0.4039223958333333 0.49487870370370374 0.4031411458333333 0.4879342592592593 0.3984536458333333 0.47034166666666666 0.38803697916666663 0.45321203703703705 0.3797036458333333 0.4467305555555556 0.3604328125 0.44256388888888887 0.3414223958333333 0.4448787037037037 0.31668281249999997 0.4587675925925926 0.30678697916666664 0.4698787037037037 0.3013182291666666 0.47173055555555554 0.3000161458333333 0.4638601851851852 0.29855755208333334 0.45986620370370374 0.2939171875 0.45292175925925926 0.28683463541666665 0.45161944444444446 0.2828286458333333 0.45784166666666665 0.2782864583333333 0.4642064814814815
0 0.13020833333333334 0.5189814814814815 0.1296875 0.5259259259259259 0.13339661458333335 0.5464587962962963 0.13674453125000002 0.5664726851851851 0.13411458333333334 0.5810185185185185 0.13333333333333333 0.587037037037037 0.13255208333333332 0.600925925925926 0.13515625 0.6157407407407407 0.14401041666666667 0.6300925925925925 0.15720494791666667 0.641049537037037 0.16979166666666667 0.6717592592592593 0.17864583333333334 0.6833333333333333 0.19114583333333332 0.6898148148148148 0.20286458333333332 0.6912037037037037 0.2234375 0.6851851851851852 0.23098958333333333 0.6796296296296296 0.2390625 0.6722222222222223 0.25052083333333336 0.6578703703703703 0.25546875 0.6458333333333334 0.26001302083333333 0.6313824074074075 0.2618393229166667 0.6243504629629629 0.26276041666666666 0.6189814814814815 0.2643229166666667 0.6101851851851852 0.26953125 0.6055555555555555 0.27279635416666664 0.6010912037037037 0.2737096354166667 0.5875685185185184 0.27218776041666665 0.5816185185185185 0.2625 0.5796296296296296 0.2598958333333333 0.5699074074074074 0.2638020833333333 0.5412037037037037 0.2625 0.5263888888888889 0.26015625 0.5185185185185185 0.2552083333333333 0.5087962962962963 0.24817708333333333 0.5013888888888889 0.22734375 0.49537037037037035 0.20963541666666666 0.4930555555555556 0.1875 0.5027777777777778 0.16848958333333333 0.5166666666666667 0.16302083333333334 0.5171296296296296 0.15104166666666666 0.5037037037037037 0.14401041666666667 0.5027777777777778 0.13385416666666666 0.5120370370370371
0 0.15598958333333332 0.3851851851851852 0.15729166666666666 0.3976851851851852 0.16015625 0.4212962962962963 0.15963541666666667 0.4361111111111111 0.16354166666666667 0.449537037037037 0.17083333333333334 0.4648148148148148 0.17942708333333332 0.47314814814814815 0.18359375 0.48055555555555557 0.18567708333333333 0.4912037037037037 0.19036458333333334 0.4981481481481482 0.19348958333333333 0.4986111111111111 0.20598958333333334 0.4925925925925926 0.21380208333333334 0.49212962962962964 0.22838541666666667 0.49444444444444446 0.2552083333333333 0.5069444444444444 0.25859375 0.5064814814814815 0.2671875 0.4837962962962963 0.27157890625000003 0.4750583333333333 0.27097031250000003 0.4620763888888889 0.28070989583333333 0.4463898148148148 0.28098958333333335 0.4388888888888889 0.27736197916666666 0.41880324074074077 0.27036145833333336 0.4155578703703704 0.2718833333333333 0.40582129629629626 0.26484375 0.3824074074074074 0.26171875 0.3763888888888889 0.2557291666666667 0.37037037037037035 0.24817708333333333 0.36574074074074076 0.23463541666666668 0.36203703703703705 0.21979166666666666 0.3625 0.21302083333333333 0.3662037037037037 0.20625 0.3648148148148148 0.18880208333333334 0.3763888888888889 0.17604166666666668 0.37175925925925923 0.17135416666666667 0.37222222222222223 0.15963541666666667 0.37824074074074077
0 0.0046875 0.48009259259259257 0.0046875 0.5 0.008333333333333333 0.5111111111111111 0.0140625 0.5222222222222223 0.020572916666666666 0.5291666666666667 0.03125 0.5356481481481481 0.037760416666666664 0.5481481481481482 0.0421875 0.5601851851851852 0.051041666666666666 0.5745370370370371 0.058854166666666666 0.5824074074074074 0.0671875 0.5861111111111111 0.08177083333333333 0.586574074074074 0.09270833333333334 0.5828703703703704 0.115625 0.5699074074074074 0.12552083333333333 0.5587962962962963 0.13229166666666667 0.5481481481481482 0.13307291666666668 0.5430555555555555 0.13151041666666666 0.5407407407407407 0.13125 0.5361111111111111 0.128125 0.5333333333333333 0.12786458333333334 0.5291666666666667 0.1265625 0.5282407407407408 0.12473958333333333 0.5217592592592593 0.13567708333333334 0.5083333333333333 0.14088541666666668 0.4981481481481482 0.14088541666666668 0.49444444444444446 0.1375 0.48935185185185187 0.13125 0.46944444444444444 0.13515625 0.44814814814814813 0.1328125 0.44027777777777777 0.13072916666666667 0.425 0.12473958333333333 0.41574074074074074 0.12135416666666667 0.412962962962963 0.10234375 0.4050925925925926 0.08020833333333334 0.4074074074074074 0.06536458333333334 0.41435185185185186 0.05 0.42268518518518516 0.029562239583333334 0.40960740740740736 0.014952604166666666 0.41880324074074077 0.007343489583333334 0.43070324074074073 0.014344010416666667 0.45558518518518515 0.009635416666666667 0.46574074074074073
0 0.05390625 0.32407407407407407 0.05416666666666667 0.3277777777777778 0.05651041666666667 0.3333333333333333 0.057291666666666664 0.34444444444444444 0.05026041666666667 0.3625 0.05026041666666667 0.3731481481481482 0.05572916666666667 0.3902777777777778 0.06302083333333333 0.4013888888888889 0.07083333333333333 0.40694444444444444 0.10104166666666667 0.40324074074074073 0.12005208333333334 0.4101851851851852 0.12760416666666666 0.41759259259259257 0.13125 0.42453703703703705 0.13697916666666668 0.44675925925925924 0.14401041666666667 0.4444444444444444 0.15390625 0.4356481481481482 0.15807291666666667 0.4263888888888889 0.15885416666666666 0.41944444444444445 0.15885416666666666 0.4111111111111111 0.15729166666666666 0.40879629629629627 0.15807291666666667 0.4041666666666667 0.15598958333333332 0.40555555555555556 0.15260416666666668 0.4013888888888889 0.15572916666666667 0.39490740740740743 0.15546875 0.38333333333333336 0.15963541666666667 0.3736111111111111 0.15677083333333333 0.362962962962963 0.15833333333333333 0.3449074074074074 0.15390625 0.325 0.1484375 0.31712962962962965 0.14166666666666666 0.3125 0.13125 0.30925925925925923 0.11432291666666666 0.30925925925925923 0.10494791666666667 0.31296296296296294 0.09453125 0.3074074074074074 0.090625 0.30972222222222223 0.0890625 0.31527777777777777 0.0828125 0.31712962962962965 0.07526041666666666 0.31296296296296294 0.06666666666666667 0.3125
0 0 0.273837962962963 0 0.34444444444444444 0.015625 0.34629629629629627 0.020052083333333335 0.35 0.025520833333333333 0.36157407407407405 0.02578125 0.3731481481481482 0.02734375 0.3800925925925926 0.029427083333333333 0.38287037037037036 0.03333333333333333 0.38425925925925924 0.046875 0.3814814814814815 0.04869791666666667 0.37777777777777777 0.0484375 0.3638888888888889 0.05260416666666667 0.3486111111111111 0.06067708333333333 0.3037037037037037 0.0640625 0.30416666666666664 0.06640625 0.2967592592592593 0.06510416666666667 0.2828703703703704 0.06171875 0.2777777777777778 0.05026041666666667 0.26944444444444443 0.035345312499999997 0.27167453703703703 0.025520833333333333 0.27361111111111114 0.012517708333333332 0.27329722222222225