1 0.04794713541666666 0.03453611111111111 0.05217369791666667 0.03298981481481481 0.05584635416666666 0.029072685185185184 0.056825781250000006 0.025591203703703703 0.053153125 0.016016203703703703 0.050949739583333334 0.007312037037037037 0.04825651041666667 0.004265740740740741 0.043604427083333334 0.004265740740740741 0.039686979166666664 0.006441666666666667 0.039686979166666664 0.011664351851851853 0.041401041666666666 0.02036851851851852 0.041401041666666666 0.02994305555555556 0.04409427083333333 0.03429537037037037
1 0.14410781250000002 0.044113425925925924 0.14863984375 0.04517546296296296 0.15108828124999998 0.049962962962962966 0.1523125 0.05605555555555555 0.15598489583333333 0.06563055555555555 0.15647473958333336 0.0704175925925926 0.15329166666666666 0.07433472222222222 0.14912942708333335 0.07825138888888888 0.1442328125 0.07868657407407408 0.14080494791666667 0.07651064814814815 0.14056015624999998 0.06301898148148148 0.1386015625 0.05431481481481481 0.13835677083333334 0.0490925925925926
1 0.1039734375 0.13701203703703704 0.10971067708333333 0.13613472222222223 0.11166927083333333 0.14135694444444447 0.11387291666666667 0.14962592592592594 0.11876979166666667 0.16094166666666668 0.11876979166666667 0.1657287037037037 0.11681093749999999 0.17138657407407407 0.11069010416666666 0.1757388888888889 0.10456901041666668 0.17486851851851853 0.0999171875 0.17269212962962963 0.10016197916666666 0.1574597222222222 0.09844817708333334 0.14962592592592594 0.09844817708333334 0.1426625
1 0.27824791666666665 0.13126574074074074 0.28363984374999995 0.12992962962962964 0.28731249999999997 0.12644768518518518 0.288046875 0.12209583333333332 0.2846192708333334 0.10903935185185186 0.2833950520833334 0.10033518518518518 0.282415625 0.09598287037037037 0.2792328125 0.09380694444444444 0.27653958333333334 0.09337175925925925 0.2733567708333334 0.09337175925925925 0.2706635416666667 0.0968537037037037 0.27041875 0.10251111111111111 0.2713979166666666 0.11165046296296297 0.26992890625 0.12557731481481482 0.2713979166666666 0.12949444444444447
1 0.2690895833333334 0.22129074074074073 0.26748072916666665 0.21305462962962962 0.26650130208333334 0.20913796296296297 0.26429765625 0.20652685185185185 0.2608700520833333 0.20652685185185185 0.25646302083333333 0.2082675925925926 0.2527903645833333 0.21131388888888888 0.2513213541666667 0.21610138888888888 0.2535247395833333 0.2295925925925926 0.25230078125 0.23916759259259257 0.2540145833333333 0.24787175925925928 0.2574421875 0.25222361111111113 0.2623390625 0.2535291666666667 0.26845989583333335 0.25178842592592593 0.27262213541666663 0.24787175925925928 0.2743359375 0.24308425925925928 0.27213255208333337 0.23307453703703704
1 0.446865625 0.19639027777777776 0.45152343749999996 0.1976962962962963 0.4586236979166667 0.19334444444444446 0.4605825520833333 0.1872513888888889 0.45690989583333336 0.17201898148148148 0.4564203125 0.1611388888888889 0.45544088541666666 0.15504583333333333 0.4510338541666667 0.15156435185185185 0.44760625 0.1506935185185185 0.44368880208333333 0.1533050925925926 0.4409955729166667 0.15722175925925924 0.44148515625 0.17506574074074074 0.4400161458333333 0.18986250000000002 0.44172994791666664 0.19465000000000002
1 0.46518203125 0.36351157407407403 0.4723674479166667 0.36162546296296294 0.47604010416666664 0.35770833333333335 0.47897812500000003 0.3511800925925926 0.47408151041666663 0.3315958333333333 0.4728572916666666 0.31549305555555557 0.4716330729166666 0.3115759259259259 0.46991927083333335 0.3085296296296296 0.46600182291666664 0.3067888888888889 0.46281875 0.3067888888888889 0.45914635416666666 0.3098351851851852 0.4562083333333333 0.3133171296296296 0.45522890625 0.31723379629629633 0.4562083333333333 0.3363833333333333 0.4532703125 0.3542268518518519 0.4549841145833333 0.35814351851851856 0.4589015625 0.36162546296296294
1 0.6957518229166666 0.26390925925925923 0.6961041666666666 0.25283379629629626 0.6951247395833333 0.24412962962962964 0.6914520833333333 0.2415185185185185 0.6868002604166666 0.24021296296296296 0.6828828125 0.24108333333333334 0.6784757812500001 0.24500000000000002 0.6782309895833334 0.2654550925925926 0.67406875 0.28460416666666666 0.6760273437500001 0.2906972222222222 0.6811690104166667 0.2946143518518518 0.6894934895833333 0.29504953703703707 0.6961041666666666 0.292437962962963 0.6987973958333333 0.28634537037037033
1 0.78113828125 0.47556435185185186 0.7818776041666666 0.4623263888888889 0.7816328124999999 0.45449259259259256 0.7774705729166667 0.44839953703703705 0.77281875 0.44578842592592594 0.7657184895833333 0.4444828703703704 0.7608216145833333 0.44752916666666664 0.7591078125 0.4523166666666667 0.7571489583333334 0.47320694444444444 0.7507833333333332 0.49322638888888887 0.7534765625 0.5032361111111111 0.7583731770833333 0.5088939814814815 0.7640044270833334 0.5132462962962964 0.7730635416666666 0.5132462962962964 0.7789395833333334 0.510199537037037 0.7833466145833333 0.5023657407407407
2 0.8208562500000001 0.5452791666666668 0.8237244791666666 0.5526245370370371 0.8308611979166667 0.5564685185185185 0.83626796875 0.5530087962962963 0.8427562500000001 0.5168722222222222 0.8421072916666666 0.5114902777777778 0.8395122395833333 0.5061083333333333 0.8354031249999999 0.5041861111111111 0.83129375 0.5049550925925926 0.82913125 0.5095680555555555
2 0.7290156250000001 0.3236351851851852 0.7346210937500001 0.32657916666666664 0.7387302083333334 0.32350370370370374 0.74197421875 0.2919805555555556 0.74197421875 0.28775185185185187 0.7393791666666666 0.2831384259259259 0.7341885416666667 0.2839074074074074 0.7318096354166667 0.2873671296296296 0.7268354166666666 0.3115865740740741 0.7266190104166667 0.31735277777777776
2 0.5079684895833333 0.3942351851851852 0.5127263020833334 0.39308194444444444 0.51618671875 0.390775462962963 0.51618671875 0.3765513888888889 0.51618671875 0.35694537037037033 0.5138078125 0.3515634259259259 0.5092661458333334 0.35310138888888887 0.50623828125 0.35694537037037033 0.5045080729166667 0.3800111111111111 0.5042919270833334 0.3923129629629629
2 0.48109375000000004 0.2212726851851852 0.4859088541666667 0.22239490740740742 0.490234375 0.21931944444444446 0.48980182291666663 0.19048703703703704 0.4887203125 0.1870273148148148 0.48526015624999996 0.18625833333333333 0.48201614583333335 0.1866425925925926 0.48050208333333333 0.19048703703703704 0.47920442708333333 0.21739722222222221
2 0.29384374999999996 0.278375462962963 0.29840260416666664 0.2762148148148148 0.3009979166666667 0.27275509259259256 0.29732135416666666 0.2423851851851852 0.2927796875 0.2396939814814815 0.28823802083333333 0.24507638888888889 0.2897518229166666 0.2754462962962963
2 0.3033606770833333 0.14936527777777778 0.30878359375000003 0.15127500000000002 0.3107302083333333 0.14704629629629629 0.3098651041666667 0.1243648148148148 0.30770234375 0.11975185185185185 0.30359322916666664 0.1193675925925926 0.30034921875 0.12398055555555555 0.30186302083333333 0.14589305555555557
2 0.13086223958333335 0.19504768518518517 0.13553151041666667 0.19567037037037038 0.13985703125 0.19374814814814814 0.13985703125 0.18913518518518518 0.13531536458333332 0.16952916666666668 0.13401770833333335 0.16606898148148147 0.13098984375 0.16530046296296294 0.12774583333333334 0.16876018518518518 0.12731328125 0.1756800925925926
2 0.16607578125 0.09649212962962964 0.17035104166666667 0.09725601851851852 0.17424401041666665 0.0937962962962963 0.17035104166666667 0.06996157407407406 0.16710703125 0.06880833333333333 0.16343046875 0.06996157407407406 0.16321406249999998 0.07457453703703704
2 0.06546015625 0.050355555555555556 0.06827161458333333 0.050739814814814814 0.071515625 0.04651111111111111 0.07065052083333333 0.03997592592592593 0.06805520833333333 0.026905555555555554 0.06546015625 0.023445370370370373 0.06243229166666667 0.024983333333333333 0.0615671875 0.030749537037037037
2 0.015934114583333332 0.13377685185185187 0.020043229166666666 0.13223935185185184 0.023287500000000003 0.12724166666666667 0.017880729166666668 0.10532916666666667 0.014636458333333333 0.10340694444444445 0.01052734375 0.1072513888888889
0 0.6106171875 0.4930555555555556 0.6096927083333333 0.5078430555555555 0.6093231770833333 0.5160583333333333 0.6100625 0.5223023148148148 0.6102473958333333 0.5364324074074074 0.6135750000000001 0.5439907407407407 0.6161458333333333 0.5472222222222223 0.62421875 0.5648148148148148 0.62910390625 0.5752087962962963 0.6380208333333334 0.5777777777777777 0.6481770833333333 0.5833333333333334 0.6502604166666667 0.5875 0.65390625 0.6046296296296296 0.6588541666666666 0.6194444444444445 0.6651041666666667 0.6305555555555555 0.6682291666666667 0.6402777777777777 0.6674479166666667 0.6472222222222223 0.6653645833333334 0.6541666666666667 0.6661458333333333 0.6564814814814814 0.6653645833333334 0.6625 0.6658854166666667 0.6777777777777778 0.6669270833333333 0.6819444444444445 0.6669270833333333 0.7 0.6716145833333333 0.7236111111111111 0.67421875 0.7277777777777777 0.6736979166666667 0.7310185185185185 0.6752604166666667 0.7375 0.67890625 0.7444444444444445 0.6799479166666667 0.7490740740740741 0.6848958333333334 0.7555555555555555 0.6877604166666667 0.7643518518518518 0.6942708333333333 0.7763888888888889 0.70625 0.787962962962963 0.7080729166666667 0.7912037037037037 0.71640625 0.7986111111111112 0.72109375 0.799537037037037 0.7229166666666667 0.8037037037037037 0.7322916666666667 0.8111111111111111 0.7518229166666667 0.8175925925925925 0.7830729166666667 0.8162037037037037 0.7848958333333333 0.8134259259259259 0.79453125 0.8125 0.8072916666666666 0.8046296296296296 0.8213541666666667 0.7902777777777777 0.8356770833333333 0.7685185185185185 0.8453125 0.7375 0.8450520833333334 0.7337962962962963 0.8484375 0.7092592592592593 0.8497395833333333 0.7046296296296296 0.8515625 0.7027777777777777 0.85 0.6995370370370371 0.8510416666666667 0.6972222222222222 0.8536458333333333 0.6972222222222222 0.8552083333333333 0.7 0.8641026041666666 0.7059962962962963 0.8778645833333333 0.7111111111111111 0.8848958333333333 0.7166666666666667 0.8877604166666667 0.7175925925925926 0.8908854166666667 0.7148148148148148 0.8942708333333333 0.7175925925925926 0.90078125 0.7129629629629629 0.9080729166666667 0.7101851851851851 0.9151041666666667 0.7041666666666667 0.9182291666666667 0.7037037037037037 0.9263020833333333 0.6967592592592593 0.9307291666666667 0.687962962962963 0.9356770833333333 0.6814814814814815 0.9359375 0.6787037037037037 0.9393229166666667 0.6722222222222223 0.9427083333333334 0.6481481481481481 0.9442708333333333 0.6263888888888889 0.94609375 0.6166666666666667 0.9455729166666667 0.6023148148148149 0.9421875 0.5944444444444444 0.93359375 0.587037037037037 0.9263020833333333 0.5842592592592593 0.9119791666666667 0.5740740740740741 0.8973958333333333 0.5699074074074074 0.8908854166666667 0.5634259259259259 0.8824088541666666 0.5592208333333333 0.8820192708333334 0.5412199074074074 0.87228203125 0.5162958333333334 0.86640625 0.5078703703703704 0.8588541666666667 0.4949074074074074 0.8356770833333333 0.4685185185185185 0.8244791666666667 0.45925925925925926 0.8002604166666667 0.4444444444444444 0.78984375 0.44074074074074077 0.7702356770833333 0.4346 0.759375 0.43472222222222223 0.7473958333333334 0.43425925925925923 0.7440104166666667 0.4361111111111111 0.7309895833333333 0.43703703703703706 0.7153645833333333 0.44074074074074077 0.703125 0.4476851851851852 0.69921875 0.4513888888888889 0.6924479166666667 0.4532407407407407 0.6890625 0.45601851851851855 0.6854166666666667 0.462037037037037 0.68203125 0.4634259259259259 0.6783854166666666 0.4634259259259259 0.66953125 0.4587962962962963 0.66171875 0.45555555555555555 0.6580729166666667 0.4532407407407407 0.642784375 0.4457351851851852 0.6352046875 0.44376342592592594 0.6289190104166666 0.4444208333333333 0.6234375 0.45092592592592595 0.6184895833333334 0.4564814814814815 0.6154236979166666 0.4624944444444445 0.6120960937500001 0.46972407407407407 0.6102473958333333 0.4812254629629629
0 0.565625 0.2861111111111111 0.5653645833333333 0.31805555555555554 0.5674479166666667 0.33194444444444443 0.5796875 0.3592592592592593 0.5927083333333333 0.3662037037037037 0.6106770833333334 0.4060185185185185 0.6096354166666667 0.4111111111111111 0.6119791666666666 0.44907407407407407 0.6130208333333333 0.4564814814814815 0.6158854166666666 0.4597222222222222 0.6213541666666667 0.45046296296296295 0.6325520833333333 0.4425925925925926 0.6479166666666667 0.44537037037037036 0.6518229166666667 0.44907407407407407 0.66875 0.4564814814814815 0.6822916666666666 0.4597222222222222 0.7140625 0.44027777777777777 0.74453125 0.4310185185185185 0.78984375 0.43796296296296294 0.8002604166666667 0.4287037037037037 0.8104166666666667 0.412962962962963 0.8140625 0.4060185185185185 0.8182291666666667 0.3907407407407407 0.8203125 0.36342592592592593 0.8200520833333333 0.3537037037037037 0.8182291666666667 0.3476851851851852 0.8059895833333334 0.3402777777777778 0.77578125 0.3282407407407407 0.77421875 0.3263888888888889 0.7744791666666667 0.31666666666666665 0.7723958333333333 0.30972222222222223 0.7690104166666667 0.3013888888888889 0.7598958333333333 0.2861111111111111 0.7395833333333334 0.2652777777777778 0.721875 0.2550925925925926 0.7078125 0.25046296296296294 0.6997395833333333 0.25046296296296294 0.6802083333333333 0.24583333333333332 0.6502604166666667 0.25324074074074077 0.62421875 0.26944444444444443 0.5846354166666666 0.25787037037037036 0.5783854166666667 0.26064814814814813 0.5739583333333333 0.2652777777777778 0.5671875 0.27824074074074073
0 0.3578125 0.3490740740740741 0.3578125 0.3680555555555556 0.35989583333333336 0.3800925925925926 0.359375 0.39444444444444443 0.36589374999999996 0.4149009259259259 0.37688984375 0.4314851851851852 0.37988854166666663 0.4575458333333333 0.38888515625 0.48064537037037036 0.39754869791666664 0.49189907407407407 0.40989583333333335 0.5680555555555555 0.41901041666666666 0.5888888888888889 0.43125 0.6041666666666666 0.45234375 0.6171296296296296 0.47369791666666666 0.6194444444444445 0.48932291666666666 0.6185185185185185 0.5171875 0.6041666666666666 0.5265625 0.5930555555555556 0.53671875 0.5745370370370371 0.5442708333333334 0.5541666666666667 0.5481770833333334 0.5324074074074074 0.5522135416666667 0.524537037037037 0.56171875 0.5185185185185185 0.5713541666666667 0.5069444444444444 0.5848958333333333 0.48657407407407405 0.5932291666666667 0.47129629629629627 0.5958333333333333 0.4634259259259259 0.5966145833333333 0.45694444444444443 0.59609375 0.43842592592592594 0.59375 0.4222222222222222 0.5859375 0.4134259259259259 0.56328125 0.4023148148148148 0.56015625 0.3972222222222222 0.5611979166666666 0.39351851851851855 0.5598958333333334 0.38796296296296295 0.5596354166666667 0.37453703703703706 0.5546875 0.35694444444444445 0.5416666666666666 0.337037037037037 0.5203125 0.3199074074074074 0.5010416666666667 0.31203703703703706 0.4640625 0.3087962962962963 0.4390625 0.3175925925925926 0.4315104166666667 0.3226851851851852 0.41520859375 0.33316435185185184 0.38188776041666667 0.31954166666666667 0.37522369791666665 0.3219106481481481 0.36922604166666667 0.32546435185185185 0.36276041666666664 0.3347222222222222 0.359375 0.34120370370370373
0 0.3653645833333333 0.1875 0.3658854166666667 0.225 0.36953125 0.2412037037037037 0.3731770833333333 0.24953703703703703 0.37578125 0.25092592592592594 0.37786458333333334 0.2550925925925926 0.38229166666666664 0.2773148148148148 0.39401041666666664 0.29583333333333334 0.39817708333333335 0.32037037037037036 0.4080729166666667 0.3287037037037037 0.41484375 0.33055555555555555 0.43203125 0.3194444444444444 0.4393229166666667 0.31805555555555554 0.44895833333333335 0.31203703703703706 0.46536458333333336 0.30694444444444446 0.4942708333333333 0.30833333333333335 0.5158854166666667 0.3175925925925926 0.5229166666666667 0.31851851851851853 0.5361979166666667 0.3037037037037037 0.5502604166666667 0.2828703703703704 0.5515625 0.27824074074074073 0.55 0.24444444444444444 0.5442708333333334 0.2388888888888889 0.5291666666666667 0.23148148148148148 0.5263020833333333 0.22037037037037038 0.5260416666666666 0.20787037037037037 0.52265625 0.19768518518518519 0.5169270833333334 0.18888888888888888 0.5057291666666667 0.17731481481481481 0.4953125 0.17083333333333334 0.47708333333333336 0.1648148148148148 0.45598958333333334 0.1625 0.4384890625 0.1674101851851852 0.42526041666666664 0.17175925925925925 0.4161458333333333 0.17777777777777778 0.38619791666666664 0.1736111111111111 0.37604166666666666 0.17731481481481481 0.36640625 0.18472222222222223
0 0.18854166666666666 0.24259259259259258 0.18802083333333333 0.24814814814814815 0.18958333333333333 0.26064814814814813 0.1953125 0.2810185185185185 0.19036458333333334 0.30277777777777776 0.19114583333333332 0.31712962962962965 0.19505208333333332 0.3384259259259259 0.20104166666666667 0.3527777777777778 0.21354166666666666 0.36712962962962964 0.21614583333333334 0.3824074074074074 0.22994791666666667 0.4388888888888889 0.24296875 0.45787037037037037 0.2526041666666667 0.46574074074074073 0.27057291666666666 0.4703703703703704 0.29192708333333334 0.46805555555555556 0.30052083333333335 0.4648148148148148 0.31796875 0.4513888888888889 0.3307291666666667 0.43796296296296294 0.33671875 0.42962962962962964 0.3466192708333333 0.4054856481481482 0.34918020833333335 0.38499953703703704 0.34757968749999996 0.3673587962962963 0.3568635416666667 0.3548398148148148 0.35974453125 0.3400444444444444 0.3648666666666667 0.3309398148148148 0.36294583333333336 0.3212657407407407 0.36006484375 0.3013490740740741 0.3546223958333333 0.2945203703703704 0.3507809895833333 0.291675462962963 0.34950026041666665 0.2694824074074074 0.34739583333333335 0.2574074074074074 0.34609375 0.25092592592592594 0.3390625 0.23564814814814813 0.3338541666666667 0.23055555555555557 0.31015625 0.2162037037037037 0.29244791666666664 0.21481481481481482 0.26875 0.21666666666666667 0.2518229166666667 0.22361111111111112 0.23828125 0.22870370370370371 0.23333333333333334 0.23472222222222222 0.22447916666666667 0.22685185185185186 0.21184322916666665 0.22168194444444445 0.19775755208333334 0.2273726851851852
0 0.21197916666666666 0.13287037037037036 0.21302083333333333 0.14583333333333334 0.21435182291666666 0.1650546296296296 0.21666666666666667 0.17824074074074073 0.21875 0.19537037037037036 0.22109375 0.2050925925925926 0.22734375 0.21435185185185185 0.23697916666666666 0.22083333333333333 0.24947916666666667 0.22314814814814815 0.2518229166666667 0.22083333333333333 0.2770122395833334 0.21435185185185185 0.29661458333333335 0.21296296296296297 0.3106770833333333 0.21435185185185185 0.3375 0.23194444444444445 0.3437393229166667 0.2416175925925926 0.34784140625 0.25863148148148146 0.34791666666666665 0.24259259259259258 0.34784140625 0.23280694444444444 0.34791666666666665 0.22453703703703703 0.36041666666666666 0.20972222222222223 0.36354166666666665 0.20185185185185187 0.36354166666666665 0.18564814814814815 0.3611979166666667 0.17175925925925925 0.3580729166666667 0.16435185185185186 0.35052083333333334 0.1587962962962963 0.34817708333333336 0.15231481481481482 0.34791666666666665 0.1361111111111111 0.3455729166666667 0.12824074074074074 0.3385416666666667 0.11944444444444445 0.3255208333333333 0.11064814814814815 0.31145833333333334 0.10694444444444444 0.2942708333333333 0.10740740740740741 0.2849424479166667 0.10854398148148149 0.27810546875 0.11036712962962963 0.26953125 0.11342592592592593 0.2511 0.1225199074074074 0.24460494791666668 0.11978564814814815 0.23810989583333333 0.11492453703703703 0.23359375 0.11574074074074074 0.21692708333333333 0.12314814814814815 0.21354166666666666 0.12685185185185185
0 0.049052604166666666 0.1776013888888889 0.04883958333333334 0.1836597222222222 0.053125 0.1962962962962963 0.050969531250000005 0.20599907407407408 0.044792447916666665 0.21887222222222222 0.04505208333333333 0.23148148148148148 0.048177083333333336 0.24722222222222223 0.05026041666666667 0.25462962962962965 0.054947916666666666 0.2638888888888889 0.06744791666666666 0.27546296296296297 0.08489583333333334 0.33935185185185185 0.08932291666666667 0.3486111111111111 0.0953125 0.35648148148148145 0.10885416666666667 0.362962962962963 0.12265625 0.36666666666666664 0.14401041666666667 0.3611111111111111 0.1609375 0.3527777777777778 0.18307291666666667 0.33240740740740743 0.18697916666666667 0.32314814814814813 0.18854166666666666 0.3148148148148148 0.18880208333333334 0.3 0.19244791666666666 0.2851851851851852 0.19296875 0.2777777777777778 0.1875 0.2574074074074074 0.18645833333333334 0.24583333333333332 0.18802083333333333 0.22546296296296298 0.18776041666666668 0.2199074074074074 0.18567708333333333 0.21296296296296297 0.18802083333333333 0.20324074074074075 0.18828125 0.19675925925925927 0.18489583333333334 0.18009259259259258 0.18489583333333334 0.17546296296296296 0.18020833333333333 0.16435185185185186 0.16640625 0.1537037037037037 0.16041666666666668 0.15138888888888888 0.13880208333333333 0.14953703703703702 0.11953125 0.1527777777777778 0.10549947916666666 0.15488379629629628 0.096875 0.16111111111111112 0.08932291666666667 0.16435185185185186 0.08100364583333333 0.1594273148148148 0.0741875 0.1545050925925926 0.06524114583333333 0.1582916666666667 0.057291666666666664 0.16064814814814815 0.04895833333333333 0.17037037037037037
0 0.09609375 0.08101851851851852 0.09869791666666666 0.09351851851851851 0.09869791666666666 0.10092592592592593 0.09375 0.11388888888888889 0.09322916666666667 0.12361111111111112 0.09661458333333334 0.1375 0.09817708333333333 0.1388888888888889 0.10755208333333334 0.1375 0.11197916666666667 0.1412037037037037 0.11354166666666667 0.1486111111111111 0.11588541666666667 0.15231481481481482 0.14791666666666667 0.1486111111111111 0.16875 0.1537037037037037 0.1796875 0.16296296296296298 0.18515625 0.1736111111111111 0.1890625 0.19490740740740742 0.1890625 0.20277777777777778 0.18723958333333332 0.21342592592592594 0.18932291666666667 0.2212962962962963 0.19609375 0.22592592592592592 0.20416666666666666 0.22314814814814815 0.21171875 0.21481481481481482 0.2171875 0.19537037037037036 0.21770833333333334 0.18981481481481483 0.21510416666666668 0.16018518518518518 0.2109375 0.1361111111111111 0.21380208333333334 0.12361111111111112 0.21354166666666666 0.11157407407407408 0.21536458333333333 0.10092592592592593 0.21067708333333332 0.07777777777777778 0.20677083333333332 0.07222222222222222 0.19583333333333333 0.06388888888888888 0.18418125 0.061648148148148146 0.16841874999999998 0.062026851851851854 0.1598984375 0.06391990740740741 0.15308229166666668 0.06732777777777778 0.1454140625 0.06846342592592593 0.1375 0.07083333333333333 0.13255208333333332 0.07175925925925926 0.11953125 0.06481481481481481 0.11302083333333333 0.06481481481481481 0.10078125 0.07268518518518519
0 0.00678359375 0.09901990740740742 0 0.10129166666666667 0 0.11296296296296296 0 0.2814814814814815 0.0078125 0.2833333333333333 0.02265625 0.2828703703703704 0.04479166666666667 0.2712962962962963 0.051041666666666666 0.26435185185185184 0.0515625 0.26157407407407407 0.046875 0.24814814814814815 0.04479166666666667 0.2337962962962963 0.04533802083333334 0.2179097222222222 0.05321927083333333 0.20011435185185186 0.049172135416666665 0.18080416666666665 0.049172135416666665 0.16868796296296296 0.05811822916666667 0.1611152777777778 0.06484375 0.1574074074074074 0.07302890625 0.1539212962962963 0.07153776041666667 0.14369814814814813 0.07196380208333333 0.13271805555555555 0.06536067708333333 0.10772824074074075 0.05556223958333333 0.10129166666666667 0.042142708333333334 0.09561203703703704 0.027871354166666664 0.09523333333333334 0.017220833333333335 0.09599074074074074
0 0.004166666666666667 0.05740740740740741 0.00234375 0.06527777777777778 0 0.06666666666666667 0 0.08981481481481482 0.0031625 0.10242731481481482 0.0091265625 0.0978837962962963 0.018285937500000002 0.09523333333333334 0.029149479166666666 0.09447638888888889 0.04342083333333333 0.09447638888888889 0.05026041666666667 0.09861111111111111 0.059895833333333336 0.1037037037037037 0.06458333333333334 0.1111111111111111 0.06979166666666667 0.13240740740740742 0.06875 0.14305555555555555 0.0671875 0.14722222222222223 0.07083333333333333 0.15462962962962962 0.08046875 0.15324074074074073 0.08515625 0.1574074074074074 0.09192708333333334 0.15833333333333333 0.09609375 0.15324074074074073 0.096875 0.1486111111111111 0.09609375 0.14074074074074075 0.09305156249999999 0.12060185185185185 0.09582057291666667 0.10924305555555555 0.09944166666666666 0.10280601851851852 0.09603359375000001 0.07933101851851851 0.10260416666666666 0.0712962962962963 0.10703125 0.06759259259259259 0.11119791666666666 0.05416666666666667 0.11119791666666666 0.050462962962962966 0.10729166666666666 0.03564814814814815 0.10182291666666667 0.029166666666666667 0.08567708333333333 0.023148148148148147 0.07109375 0.02546296296296296 0.06458333333333334 0.02361111111111111 0.05755208333333333 0.026851851851851852 0.048746093750000004 0.027080092592592593 0.037456510416666665 0.03238101851851852 0.03127942708333333 0.027080092592592593 0.024250260416666666 0.023672222222222223 0.013173697916666668 0.02821574074074074 0.004440625 0.035409722222222224 0.00703125 0.05138888888888889
0 0.019010416666666665 0.6453703703703704 0.019010416666666665 0.6513888888888889 0.021875 0.6541666666666667 0.022395833333333334 0.6574074074074074 0.03359375 0.6620370370370371 0.042708333333333334 0.674537037037037 0.0640625 0.6782407407407407 0.06927083333333334 0.6777777777777778 0.08984375 0.6657407407407407 0.0953125 0.6476851851851851 0.09427083333333333 0.6435185185185185 0.08645833333333333 0.6356481481481482 0.07473958333333333 0.6189814814814815 0.04010416666666667 0.5842592592592593 0.03697916666666667 0.5898148148148148 0.034895833333333334 0.5986111111111111 0.035416666666666666 0.6083333333333333 0.03802083333333333 0.611574074074074 0.03723958333333333 0.6180555555555556 0.034375 0.624537037037037 0.0296875 0.6287037037037037 0.028125 0.6337962962962963 0.021354166666666667 0.6402777777777777
0 0.06458333333333334 0.6856481481481481 0.0640625 0.6925925925925925 0.06796875 0.7060185185185185 0.07708333333333334 0.7097222222222223 0.08932291666666667 0.7097222222222223 0.09322916666666667 0.7245370370370371 0.07890625 0.7342592592592593 0.07838541666666667 0.7412037037037037 0.08151041666666667 0.7476851851851852 0.10130208333333333 0.7555555555555555 0.10625 0.7560185185185185 0.11197916666666667 0.7537037037037037 0.12578125 0.7662037037037037 0.13229166666666667 0.7685185185185185 0.1390625 0.7648148148148148 0.14661458333333333 0.7513888888888889 0.14505208333333333 0.7402777777777778 0.14713541666666666 0.7287037037037037 0.15104166666666666 0.7166666666666667 0.15130208333333334 0.7064814814814815 0.14140625 0.6912037037037037 0.10208333333333333 0.6504629629629629 0.09557291666666666 0.6486111111111111 0.090625 0.6643518518518519 0.07447916666666667 0.675 0.07109375 0.6796296296296296 0.06770833333333333 0.6791666666666667
0 0.12890625 0.7796296296296297 0.1296875 0.7902777777777777 0.13515625 0.7967592592592593 0.13697916666666668 0.8101851851851852 0.14036458333333332 0.8157407407407408 0.15963541666666667 0.8231481481481482 0.16875 0.8231481481481482 0.171875 0.8212962962962963 0.18723958333333332 0.8328703703703704 0.19453125 0.8356481481481481 0.20494791666666667 0.8342592592592593 0.20520833333333333 0.8314814814814815 0.19895833333333332 0.8138888888888889 0.20104166666666667 0.8069444444444445 0.20989583333333334 0.799537037037037 0.21328125 0.7944444444444444 0.2203125 0.7930555555555555 0.22421875 0.7865740740740741 0.22239583333333332 0.7782407407407408 0.19765625 0.749537037037037 0.17239583333333333 0.7236111111111111 0.15494791666666666 0.7106481481481481 0.15208333333333332 0.7129629629629629 0.14609375 0.7310185185185185 0.14453125 0.7569444444444444 0.13307291666666668 0.7708333333333334
0 0.23125 0.8870370370370371 0.23046875 0.8939814814814815 0.23333333333333334 0.9037037037037037 0.24661458333333333 0.9064814814814814 0.25078125 0.9046296296296297 0.24895833333333334 0.8907407407407407 0.24453125 0.875462962962963 0.24010416666666667 0.8759259259259259
0 0.19947916666666668 0.8106481481481481 0.19947916666666668 0.8199074074074074 0.20598958333333334 0.8347222222222223 0.21302083333333333 0.8384259259259259 0.225 0.8402777777777778 0.22734375 0.8486111111111111 0.2328125 0.8583333333333333 0.2375 0.861574074074074 0.24036458333333333 0.8606481481481482 0.24088541666666666 0.8560185185185185 0.23385416666666667 0.8273148148148148 0.23098958333333333 0.8106481481481481 0.22369791666666666 0.7902777777777777 0.21328125 0.7953703703703704 0.21015625 0.8 0.203125 0.8046296296296296
0 0.2671875 0.8273148148148148 0.26666666666666666 0.8324074074074074 0.26848958333333334 0.8425925925925926 0.2828125 0.9064814814814814 0.28619791666666666 0.9106481481481481 0.29322916666666665 0.9092592592592592 0.30390625 0.9004629629629629 0.31145833333333334 0.8763888888888889 0.30703125 0.8726851851851852 0.30390625 0.8662037037037037 0.29739583333333336 0.8601851851851852 0.28984375 0.8495370370370371 0.26979166666666665 0.8273148148148148
0 0.27578125 0.9259259259259259 0.27578125 0.9449074074074074 0.2794270833333333 0.9625 0.28229166666666666 0.9671296296296297 0.2955729166666667 0.9763888888888889 0.3145833333333333 0.9689814814814814 0.3177083333333333 0.9708333333333333 0.3260416666666667 0.9824074074074074 0.32786458333333335 0.9907407407407407 0.33151041666666664 0.999537037037037 0.3659731770833333 0.9991375000000001 0.3707489583333333 0.9917092592592593 0.3997395833333333 0.9703703703703703 0.3963541666666667 0.9634259259259259 0.31666666666666665 0.8800925925925925 0.3140625 0.8791666666666667 0.30963541666666666 0.8861111111111111 0.30494791666666665 0.9041666666666667 0.30390625 0.9194444444444444 0.2984375 0.924537037037037 0.29739583333333336 0.9222222222222223 0.29010416666666666 0.9185185185185185 0.28567708333333336 0.9189814814814815 0.2791666666666667 0.9217592592592593