1 0.33959791666666667 0.17383148148148148 0.3441109375 0.18085138888888888 0.3463674479166666 0.18653425925925926 0.3448630208333333 0.1935546296296296 0.3426065104166666 0.19890324074074073 0.3369653645833333 0.2039175925925926 0.3328286458333333 0.20525462962962965 0.3292557291666667 0.20324907407407405 0.32681119791666663 0.20024027777777778 0.32587109375 0.18553148148148146 0.3221104166666667 0.17048842592592592 0.3221104166666667 0.16580833333333334 0.32493098958333333 0.16079398148148147 0.3275635416666667 0.1574509259259259 0.3311361979166667 0.15644814814814814 0.334896875 0.15711666666666668
1 0.16566223958333334 0.3737375 0.16058515625 0.3623712962962963 0.15851666666666667 0.36103425925925925 0.15550807291666666 0.36103425925925925 0.15249947916666665 0.3623712962962963 0.14967890625000002 0.3660486111111111 0.14779843750000002 0.3690574074074074 0.14648229166666665 0.3740717592592593 0.14704635416666667 0.3780833333333333 0.15231145833333332 0.3904518518518518 0.15343958333333332 0.40181805555555555 0.15569609375000001 0.40683240740740745 0.16020911458333334 0.4095064814814815 0.16472187500000002 0.4081694444444444 0.1707390625 0.4014833333333333 0.17318359375 0.3944634259259259 0.17468802083333335 0.38811203703703706 0.17468802083333335 0.38343194444444445
1 0.13745625 0.19221712962962964 0.13331953125 0.18085138888888888 0.13162708333333334 0.1791800925925926 0.12880651041666666 0.17851157407407406 0.12504583333333333 0.1798486111111111 0.12241328125 0.18252314814814816 0.12072083333333333 0.1862 0.1205328125 0.1908800925925926 0.12523385416666669 0.2039175925925926 0.12617395833333334 0.21595185185185187 0.12843046875 0.21896064814814814 0.1321875 0.2212875 0.13651223958333333 0.2192814814814815 0.14121328125000002 0.21493564814814817 0.144221875 0.20958703703703704 0.14497421875 0.20423842592592592 0.14384583333333334 0.2008953703703704
2 0.3743841145833333 0.20870462962962963 0.38037682291666663 0.20870462962962963 0.38437213541666665 0.19805185185185184 0.3780463541666667 0.17260416666666667 0.37405104166666664 0.17142037037037036 0.3700557291666666 0.17378749999999998 0.3683911458333334 0.18148101851851853 0.37238645833333334 0.2021949074074074
2 0.16702604166666665 0.22473194444444444 0.172290625 0.22586712962962963 0.17528697916666666 0.21758194444444443 0.1746213541666667 0.2116638888888889 0.16629765624999998 0.19272546296296295 0.16196953125 0.19390925925925925 0.15897317708333333 0.20041944444444446 0.16496614583333333 0.2181736111111111
2 0.20258802083333333 0.41169675925925925 0.20791510416666667 0.4111046296296296 0.21224322916666666 0.4075537037037037 0.21224322916666666 0.3998601851851852 0.20325390625 0.38033055555555556 0.19892578125 0.37677962962962963 0.19493046875 0.3791467592592593 0.1926 0.3880240740740741
2 0.00415703125 0.3880240740740741 0.011814583333333333 0.40163564814814817 0.01647578125 0.39808472222222224 0.018473437500000002 0.3927583333333333 0.018473437500000002 0.38861574074074073 0.009816927083333335 0.3732287037037037 0.006487499999999999 0.3684939814814815 0.0008276041666666667 0.3708615740740741 0.00016171875 0.38151388888888893
2 0 0.21561527777777778 0.006820572916666667 0.22823425925925925 0.010815885416666667 0.22705092592592593 0.013479166666666665 0.21935740740740742 0.002825260416666667 0.19982731481481483 0 0.2010111111111111
0 0.77265625 0.21898148148148147 0.7713541666666667 0.24861111111111112 0.77265625 0.26157407407407407 0.7755208333333333 0.26990740740740743 0.7856770833333333 0.2865740740740741 0.8 0.3 0.8143229166666667 0.2986111111111111 0.8255208333333334 0.29305555555555557 0.82890625 0.29398148148148145 0.8346354166666666 0.3 0.8401041666666667 0.3106481481481482 0.84453125 0.32731481481481484 0.84140625 0.3300925925925926 0.84140625 0.3384259259259259 0.8401041666666667 0.3421296296296296 0.8403645833333333 0.3490740740740741 0.8447916666666667 0.37083333333333335 0.8598958333333333 0.40370370370370373 0.86953125 0.4152777777777778 0.8796875 0.4236111111111111 0.8893229166666666 0.42314814814814816 0.8950520833333333 0.425462962962963 0.8997395833333334 0.4305555555555556 0.9041666666666667 0.4393518518518518 0.909375 0.44166666666666665 0.93359375 0.4439814814814815 0.9505208333333334 0.44074074074074077 0.95703125 0.43657407407407406 0.96015625 0.425462962962963 0.965625 0.41574074074074074 0.9736979166666667 0.40925925925925927 0.9921875 0.4060185185185185 0.9997395833333333 0.39675925925925926 0.9997395833333333 0.1162037037037037 0.9778645833333334 0.10277777777777777 0.9700520833333334 0.09490740740740741 0.9567708333333333 0.09212962962962963 0.9424479166666667 0.09166666666666666 0.9283854166666666 0.09814814814814815 0.9026041666666667 0.10555555555555556 0.8802083333333334 0.11898148148148148 0.86953125 0.12129629629629629 0.85234375 0.14027777777777778 0.8484375 0.1476851851851852 0.8473958333333333 0.15416666666666667 0.840625 0.16527777777777777 0.8294270833333334 0.19074074074074074 0.825 0.21342592592592594 0.7997395833333333 0.21296296296296297 0.7981770833333334 0.20879629629629629 0.7924479166666667 0.20277777777777778 0.7859375 0.2 0.7778645833333333 0.20277777777777778 0.775 0.2074074074074074
0 0.57734375 0.4425925925925926 0.5755208333333334 0.4666666666666667 0.5807291666666666 0.48703703703703705 0.5885416666666666 0.5013888888888889 0.6028645833333334 0.5152777777777777 0.60859375 0.5171296296296296 0.6203125 0.5166666666666667 0.6268229166666667 0.5203703703703704 0.6302083333333334 0.5370370370370371 0.6385416666666667 0.5606481481481481 0.6578125 0.5930555555555556 0.6645833333333333 0.6166666666666667 0.6700520833333333 0.6300925925925925 0.6825520833333333 0.649537037037037 0.7033854166666667 0.6703703703703704 0.7234375 0.6768518518518518 0.7328125 0.6777777777777778 0.7411458333333333 0.6777777777777778 0.7604166666666666 0.6731481481481482 0.7802083333333333 0.6597222222222222 0.7908854166666667 0.649537037037037 0.8044270833333333 0.6263888888888889 0.8052083333333333 0.6212962962962963 0.8083333333333333 0.6162037037037037 0.8119791666666667 0.600462962962963 0.8161458333333333 0.5916666666666667 0.8177083333333334 0.5805555555555556 0.8203125 0.5745370370370371 0.8203125 0.5634259259259259 0.8276041666666667 0.5444444444444444 0.8356770833333333 0.5370370370370371 0.86171875 0.5402777777777777 0.8770833333333333 0.5356481481481481 0.8825520833333333 0.5296296296296297 0.89921875 0.5018518518518519 0.9015625 0.49166666666666664 0.9028645833333333 0.47129629629629627 0.9028645833333333 0.4444444444444444 0.9 0.43333333333333335 0.8973958333333333 0.4287037037037037 0.8911458333333333 0.425462962962963 0.8864583333333333 0.42592592592592593 0.86640625 0.4324074074074074 0.8557291666666667 0.4393518518518518 0.8481770833333333 0.4388888888888889 0.840625 0.4324074074074074 0.8372395833333334 0.4125 0.8330729166666667 0.3976851851851852 0.8153645833333333 0.3648148148148148 0.796875 0.3439814814814815 0.7830729166666667 0.3347222222222222 0.7794270833333333 0.3277777777777778 0.7630208333333334 0.32083333333333336 0.75390625 0.325 0.72421875 0.32592592592592595 0.7026041666666667 0.3314814814814815 0.6885416666666667 0.33935185185185185 0.6783854166666666 0.34120370370370373 0.6575520833333334 0.36527777777777776 0.6544270833333333 0.3763888888888889 0.640625 0.4009259259259259 0.6328125 0.42268518518518516 0.6236979166666666 0.42824074074074076 0.6169270833333333 0.4236111111111111 0.6091145833333333 0.4222222222222222 0.5984375 0.4134259259259259 0.5919270833333333 0.41203703703703703 0.58125 0.41898148148148145
0 0.47630208333333335 0.23796296296296296 0.4747395833333333 0.24814814814814815 0.47708333333333336 0.2662037037037037 0.48046875 0.27685185185185185 0.48776041666666664 0.2898148148148148 0.503125 0.300462962962963 0.5106770833333333 0.2986111111111111 0.5559895833333334 0.3541666666666667 0.55546875 0.3662037037037037 0.5567708333333333 0.36944444444444446 0.55703125 0.38101851851851853 0.5640625 0.3939814814814815 0.5700520833333333 0.4013888888888889 0.57734375 0.4083333333333333 0.5846354166666666 0.41064814814814815 0.59140625 0.4083333333333333 0.5997395833333333 0.4101851851851852 0.6091145833333333 0.4166666666666667 0.6260416666666667 0.4166666666666667 0.63515625 0.41203703703703703 0.6651041666666667 0.34953703703703703 0.68046875 0.3365740740740741 0.6817708333333333 0.3314814814814815 0.6799479166666667 0.325 0.6833333333333333 0.3175925925925926 0.6817708333333333 0.31574074074074077 0.6817708333333333 0.31157407407407406 0.6828125 0.3106481481481482 0.6822916666666666 0.3055555555555556 0.6841145833333333 0.3037037037037037 0.6809895833333334 0.30185185185185187 0.6841145833333333 0.28055555555555556 0.69921875 0.2773148148148148 0.7122395833333334 0.2773148148148148 0.7197916666666667 0.26944444444444443 0.7286458333333333 0.25462962962962965 0.7377604166666667 0.2310185185185185 0.7388020833333333 0.19814814814814816 0.73671875 0.18564814814814815 0.7341145833333333 0.18101851851851852 0.73046875 0.1787037037037037 0.7260416666666667 0.18055555555555555 0.7171875 0.18888888888888888 0.70859375 0.19074074074074074 0.69921875 0.19907407407407407 0.6932291666666667 0.19907407407407407 0.6893229166666667 0.19027777777777777 0.6846354166666667 0.16898148148148148 0.6817708333333333 0.16342592592592592 0.6760416666666667 0.15787037037037038 0.671875 0.14814814814814814 0.6682291666666667 0.1439814814814815 0.6575520833333334 0.13472222222222222 0.6377604166666667 0.1259259259259259 0.6268229166666667 0.12361111111111112 0.6078125 0.12453703703703704 0.5916666666666667 0.12962962962962962 0.57890625 0.13703703703703704 0.56328125 0.15 0.5505208333333333 0.1648148148148148 0.5348958333333333 0.1912037037037037 0.5294270833333333 0.20416666666666666 0.52421875 0.22407407407407406 0.51171875 0.2273148148148148 0.50625 0.22592592592592592 0.4981770833333333 0.2162037037037037 0.48880208333333336 0.2152777777777778 0.48072916666666665 0.22037037037037038
0 0.30026041666666664 0.4550925925925926 0.30026041666666664 0.46296296296296297 0.3104166666666667 0.48518518518518516 0.32109375 0.4962962962962963 0.3342856770833333 0.5054087962962963 0.3385416666666667 0.5361111111111111 0.3450520833333333 0.5555555555555556 0.353125 0.5708333333333333 0.3653645833333333 0.5851851851851851 0.3807291666666667 0.5935185185185186 0.38515625 0.5990740740740741 0.38671875 0.6041666666666666 0.3971354166666667 0.6212962962962963 0.409375 0.6337962962962963 0.425 0.6421296296296296 0.43645833333333334 0.6425925925925926 0.45234375 0.6375 0.46588541666666666 0.6300925925925925 0.4791666666666667 0.6171296296296296 0.48932291666666666 0.6032407407407407 0.4986979166666667 0.5856481481481481 0.5057291666666667 0.5662037037037037 0.5122395833333333 0.5361111111111111 0.5122395833333333 0.5273148148148148 0.5169270833333334 0.5236111111111111 0.5239583333333333 0.5226851851851851 0.5294270833333333 0.5166666666666667 0.53671875 0.5032407407407408 0.5408854166666667 0.49074074074074076 0.54296875 0.475462962962963 0.5466145833333333 0.4625 0.5471354166666667 0.4425925925925926 0.54453125 0.4300925925925926 0.53984375 0.425 0.5325520833333334 0.4273148148148148 0.5181252604166667 0.43548240740740746 0.5067708333333333 0.43333333333333335 0.5057291666666667 0.41064814814814815 0.50234375 0.3875 0.4953125 0.3675925925925926 0.48984375 0.3578703703703704 0.4783854166666667 0.3439814814814815 0.46015625 0.3314814814814815 0.44895833333333335 0.33101851851851855 0.41848958333333336 0.33935185185185185 0.3875 0.35555555555555557 0.3765625 0.36898148148148147 0.35963541666666665 0.4023148148148148 0.35572916666666665 0.4074074074074074 0.353125 0.41805555555555557 0.3463541666666667 0.425 0.3455729166666667 0.42777777777777776 0.33229166666666665 0.4217592592592593 0.33098958333333334 0.41805555555555557 0.32395833333333335 0.41388888888888886 0.32057291666666665 0.4134259259259259 0.3120848958333333 0.4126351851851852 0.3067708333333333 0.42592592592592593 0.30156875 0.4396365740740741
0 0.24635416666666668 0.23564814814814813 0.24791666666666667 0.24953703703703703 0.25313776041666664 0.26671805555555556 0.262875 0.2861037037037037 0.27923359375 0.29925833333333335 0.2921875 0.32731481481481484 0.2984375 0.33564814814814814 0.315625 0.35 0.3184895833333333 0.3592592592592593 0.3260416666666667 0.3712962962962963 0.3333333333333333 0.3888888888888889 0.34322916666666664 0.3990740740740741 0.35572916666666665 0.40370370370370373 0.36276041666666664 0.3939814814814815 0.37421875 0.37083333333333335 0.3880208333333333 0.3541666666666667 0.3971354166666667 0.3476851851851852 0.4278645833333333 0.3347222222222222 0.43203125 0.33055555555555555 0.43645833333333334 0.30648148148148147 0.43776041666666665 0.28703703703703703 0.4427083333333333 0.2796296296296296 0.45390625 0.24814814814814815 0.45989583333333334 0.21944444444444444 0.46041666666666664 0.21157407407407408 0.4510416666666667 0.18611111111111112 0.44869791666666664 0.18287037037037038 0.4453125 0.18101851851851852 0.428125 0.18101851851851852 0.42213541666666665 0.17777777777777778 0.4140625 0.15 0.4044270833333333 0.13472222222222222 0.3885416666666667 0.125 0.371875 0.12361111111111112 0.36015625 0.1259259259259259 0.34427083333333336 0.13240740740740742 0.3294270833333333 0.14351851851851852 0.31692708333333336 0.15555555555555556 0.29973958333333334 0.18009259259259258 0.29401041666666666 0.19212962962962962 0.2869791666666667 0.1986111111111111 0.26510416666666664 0.19907407407407407 0.25833333333333336 0.20462962962962963 0.25026041666666665 0.2199074074074074
0 0.08385416666666666 0.4222222222222222 0.08203125 0.4287037037037037 0.08333333333333333 0.44212962962962965 0.08619791666666667 0.4444444444444444 0.09926666666666667 0.47090462962962965 0.10546875 0.48009259259259257 0.109375 0.5050925925925925 0.11041666666666666 0.5120370370370371 0.12291666666666666 0.5365740740740741 0.13671875 0.5509259259259259 0.15885416666666666 0.5597222222222222 0.16536458333333334 0.5671296296296297 0.17473958333333334 0.5824074074074074 0.18489583333333334 0.5930555555555556 0.19583333333333333 0.6 0.20989583333333334 0.6023148148148149 0.22473958333333333 0.5972222222222222 0.2359375 0.5902777777777778 0.25104166666666666 0.575925925925926 0.26875 0.5430555555555555 0.27890625 0.5189814814814815 0.2786458333333333 0.5138888888888888 0.28463541666666664 0.4981481481481482 0.2869791666666667 0.4981481481481482 0.284375 0.4550925925925926 0.29192708333333334 0.41805555555555557 0.28854166666666664 0.40879629629629627 0.2749268229166667 0.3850546296296296 0.26168411458333335 0.3857467592592592 0.2558416666666667 0.353899537037037 0.23671875 0.3199074074074074 0.22369791666666666 0.3125 0.20598958333333334 0.31157407407407406 0.19661458333333334 0.3138888888888889 0.18489583333333334 0.3199074074074074 0.1625 0.3351851851851852 0.15807291666666667 0.3398148148148148 0.15598958333333332 0.3453703703703704 0.14010416666666667 0.3662037037037037 0.12838541666666667 0.3851851851851852 0.09505208333333333 0.39537037037037037 0.08880208333333334 0.4074074074074074
0 0.06796875 0.23796296296296296 0.0671875 0.24351851851851852 0.06796875 0.2513888888888889 0.07786458333333333 0.2708333333333333 0.08229166666666667 0.2759259259259259 0.08541666666666667 0.2884259259259259 0.0875 0.3055555555555556 0.09635416666666667 0.3263888888888889 0.10885416666666667 0.3421296296296296 0.12447916666666667 0.3486111111111111 0.13671875 0.36342592592592593 0.1421875 0.3611111111111111 0.15711796875 0.3401236111111111 0.17265625 0.32546296296296295 0.196875 0.3125 0.21796875 0.3101851851851852 0.22734375 0.3125 0.234375 0.3175925925925926 0.23723958333333334 0.31712962962962965 0.23984375 0.29305555555555557 0.23854166666666668 0.2763888888888889 0.23619791666666667 0.26481481481481484 0.23854166666666668 0.25555555555555554 0.2421875 0.24814814814814815 0.24348958333333334 0.23981481481481481 0.24166666666666667 0.22870370370370371 0.23229166666666667 0.21064814814814814 0.21901041666666668 0.19583333333333333 0.2171875 0.18564814814814815 0.20572916666666666 0.16064814814814815 0.19583333333333333 0.15046296296296297 0.18645833333333334 0.1476851851851852 0.16744791666666667 0.14953703703703702 0.14765625 0.15925925925925927 0.12265625 0.18194444444444444 0.10807291666666667 0.20787037037037037 0.10234375 0.2111111111111111 0.08489583333333334 0.2101851851851852 0.08098958333333334 0.21342592592592594 0.07083333333333333 0.22685185185185186
0 0.00859375 0.31712962962962965 0 0.3212962962962963 0 0.5611111111111111 0.01796875 0.5694444444444444 0.034895833333333334 0.5694444444444444 0.054427083333333334 0.5583333333333333 0.07083333333333333 0.5398148148148149 0.08385416666666666 0.5180555555555556 0.0890625 0.5060185185185185 0.09713541666666667 0.48055555555555557 0.09817708333333333 0.47129629629629627 0.09348958333333333 0.4597222222222222 0.08359375 0.44907407407407407 0.08151041666666667 0.44305555555555554 0.08177083333333333 0.42685185185185187 0.08567708333333333 0.4111111111111111 0.08958333333333333 0.4013888888888889 0.0890625 0.3972222222222222 0.08333333333333333 0.3921296296296296 0.08203125 0.38657407407407407 0.0828125 0.38425925925925924 0.08203125 0.3768518518518518 0.07708333333333334 0.375 0.06875 0.3578703703703704 0.06692708333333333 0.3486111111111111 0.05963541666666667 0.33564814814814814 0.049479166666666664 0.32037037037037036 0.0421875 0.3148148148148148 0.02890625 0.3125
0 0.0078125 0.16342592592592592 0 0.16620370370370371 0 0.3194444444444444 0.028645833333333332 0.31203703703703706 0.039322916666666666 0.31296296296296294 0.05026041666666667 0.32083333333333336 0.059375 0.337037037037037 0.06822916666666666 0.3439814814814815 0.07239583333333334 0.3384259259259259 0.08020833333333334 0.31851851851851853 0.08411458333333334 0.3013888888888889 0.08411458333333334 0.2912037037037037 0.08203125 0.2800925925925926 0.07317708333333334 0.2657407407407407 0.06875 0.262037037037037 0.06692708333333333 0.25462962962962965 0.06536458333333334 0.21666666666666667 0.06380208333333333 0.21342592592592594 0.05651041666666667 0.20879629629629629 0.055989583333333336 0.19953703703703704 0.05364583333333333 0.18888888888888888 0.046875 0.175 0.04140625 0.1675925925925926 0.035416666666666666 0.1638888888888889 0.023697916666666666 0.16111111111111112