1 0.040296875 0.5937078703703704 0.04555026041666667 0.5928583333333334 0.050226041666666665 0.5884712962962962 0.053083593750000005 0.5833921296296296 0.05503203125 0.578312962962963 0.054772135416666666 0.5730027777777777 0.04762838541666667 0.5658453703703704 0.04243307291666667 0.5570717592592593 0.04074453125 0.5545324074074074 0.03658802083333333 0.5552250000000001 0.03269140625 0.5582263888888889 0.03087317708333333 0.5603041666666667 0.029184635416666667 0.5633055555555556 0.028145572916666663 0.5683851851851852 0.029963802083333334 0.5730027777777777 0.037107552083333335 0.5820069444444445
1 0.475225 0.6064513888888888 0.47842604166666663 0.6054375 0.48180703124999996 0.6023472222222221 0.4836421875 0.5982263888888889 0.48431822916666667 0.5939337962962963 0.4840286458333333 0.5901564814814815 0.4814205729166667 0.5836319444444444 0.48113072916666666 0.575562037037037 0.4804546875 0.5714412037037038 0.4794885416666667 0.5693810185185185 0.4770739583333333 0.5678356481481482 0.47407942708333334 0.5673203703703704 0.47118177083333335 0.5681791666666667 0.46963619791666666 0.5700675925925925 0.46876692708333334 0.5736731481481482 0.46867031249999996 0.5832884259259259 0.4677044270833333 0.5882675925925925 0.46702812499999996 0.5923884259259259 0.46712473958333334 0.5963375 0.4682838541666667 0.5999430555555555 0.47031223958333335 0.6035490740740741 0.4723408854166667 0.6061245370370371
1 0.60072578125 0.782900925925926 0.5981481770833333 0.7842046296296297 0.5958299479166667 0.7860935185185185 0.5941880208333333 0.7900425925925926 0.5929322916666667 0.7977689814814815 0.59080703125 0.8012027777777777 0.5893583333333333 0.8056671296296296 0.5885854166666667 0.8103027777777777 0.5888752604166666 0.8163125 0.5899377604166667 0.8218064814814815 0.5923526041666667 0.8262708333333333 0.5958299479166667 0.8297046296296297 0.6005630208333332 0.8303916666666666 0.6057791666666666 0.828674537037037 0.6087734375 0.8243819444444445 0.6109950520833334 0.8194027777777778 0.6112848958333333 0.8151106481481482 0.6096427083333332 0.8082425925925927 0.6089666666666667 0.8051518518518518 0.6092565104166667 0.8006875 0.6094497395833333 0.7950217592592593 0.608290625 0.7903856481481482 0.6066484375000001 0.7867800925925925 0.60481328125 0.7847199074074074
2 0.08337109375 0.569238888888889 0.09057291666666667 0.5856046296296296 0.08899427083333333 0.5949587962962963 0.08188984375 0.5982328703703703 0.07399609374999999 0.5790564814814815 0.07425911458333333 0.5701699074074074 0.0789953125 0.5678310185185186
2 0.5109283854166666 0.5841629629629629 0.5077588541666667 0.6047208333333333 0.5106531249999999 0.6098657407407407 0.5172312499999999 0.6098657407407407 0.518546875 0.5888185185185185 0.51749453125 0.5846087962962964 0.5143369791666667 0.5799319444444444
2 0.6437947916666666 0.8035013888888889 0.63774296875 0.8189361111111111 0.6387953125 0.8287578703703703 0.6432684895833333 0.830161111111111 0.6501098958333333 0.830161111111111 0.6543197916666668 0.8091138888888888 0.6511622395833334 0.8016305555555555 0.6466890625 0.8006949074074073
0 0.6567708333333333 0.6240740740740741 0.65703125 0.6333333333333333 0.6643229166666667 0.6615740740740741 0.6783854166666666 0.6837962962962963 0.6864583333333333 0.6875 0.6942708333333333 0.7143518518518519 0.7080729166666667 0.7384259259259259 0.71875 0.7523148148148148 0.7268229166666667 0.7601851851851852 0.7424479166666667 0.7694444444444445 0.7549479166666667 0.7712962962962963 0.765625 0.7685185185185185 0.7744791666666667 0.7625 0.7859375 0.7518518518518519 0.7903645833333334 0.7421296296296296 0.8041666666666667 0.7356481481481482 0.8153645833333333 0.7263888888888889 0.8236979166666667 0.7134259259259259 0.8294270833333334 0.6995370370370371 0.8315104166666667 0.6888888888888889 0.8330729166666667 0.6680555555555555 0.853125 0.6541666666666667 0.8630208333333333 0.637962962962963 0.8635416666666667 0.6300925925925925 0.86015625 0.6092592592592593 0.85234375 0.5921296296296297 0.8333333333333334 0.5921296296296297 0.8294270833333334 0.5976851851851852 0.82890625 0.600462962962963 0.8205729166666667 0.6050925925925926 0.8036458333333333 0.5800925925925926 0.7833333333333333 0.5597222222222222 0.76015625 0.5453703703703704 0.7385416666666667 0.5407407407407407 0.7200520833333334 0.5430555555555555 0.7127604166666667 0.5467592592592593 0.70234375 0.5560185185185185 0.6971354166666667 0.5638888888888889 0.6916666666666667 0.5773148148148148 0.6872395833333333 0.5981481481481481 0.6872395833333333 0.6064814814814815 0.6832466145833334 0.6143518518518518 0.6786458333333333 0.6148148148148148 0.6677083333333333 0.611574074074074 0.6611979166666667 0.6125
0 0.8192708333333333 0.8175925925925925 0.8182291666666667 0.8226851851851852 0.8197916666666667 0.8453703703703703 0.8260416666666667 0.8791666666666667 0.83359375 0.8902777777777777 0.84296875 0.9004629629629629 0.8536458333333333 0.9328703703703703 0.8651041666666667 0.9601851851851851 0.8786458333333333 0.9833333333333333 0.8940104166666667 0.999537037037037 0.9997395833333333 0.999537037037037 0.9997395833333333 0.7962962962962963 0.9848958333333333 0.7791666666666667 0.96171875 0.7574074074074074 0.953125 0.7458333333333333 0.9333333333333333 0.7347222222222223 0.9104166666666667 0.7328703703703704 0.8895833333333333 0.7347222222222223 0.8760416666666667 0.7439814814814815 0.8682291666666667 0.7532407407407408 0.8622395833333333 0.7652777777777777 0.8580729166666666 0.7800925925925926 0.8559895833333333 0.8046296296296296 0.85390625 0.8106481481481481 0.8557291666666667 0.8162037037037037 0.8524739583333333 0.8194444444444444 0.8411458333333334 0.8199074074074074 0.8372395833333334 0.8185185185185185 0.8317708333333333 0.812037037037037 0.82734375 0.8101851851851852 0.8213541666666667 0.8138888888888889
0 0.48020833333333335 0.8101851851851852 0.4786458333333333 0.8490740740740741 0.48072916666666665 0.862037037037037 0.48359375 0.8694444444444445 0.48776041666666664 0.8759259259259259 0.5015625 0.8856481481481482 0.50546875 0.8842592592592593 0.5083333333333333 0.875 0.5151041666666667 0.8703703703703703 0.51796875 0.875462962962963 0.5190104166666667 0.8833333333333333 0.5244791666666667 0.8967592592592593 0.53359375 0.9300925925925926 0.5481770833333334 0.9629629629629629 0.5510416666666667 0.9657407407407408 0.5533854166666666 0.9736111111111111 0.5640625 0.9875 0.578125 0.9972222222222222 0.5919270833333333 0.999537037037037 0.59600703125 0.9972222222222222 0.6130208333333333 0.9976851851851852 0.6231770833333333 0.9953703703703703 0.6411458333333333 0.9824074074074074 0.6520833333333333 0.9694444444444444 0.6651041666666667 0.9453703703703704 0.6768229166666667 0.9018518518518519 0.6822916666666666 0.8981481481481481 0.6994791666666667 0.8958333333333334 0.71015625 0.8870370370370371 0.71328125 0.8833333333333333 0.7169270833333333 0.8722222222222222 0.7197916666666667 0.8560185185185185 0.7190104166666667 0.8277777777777777 0.715625 0.8175925925925925 0.71015625 0.8078703703703703 0.7018229166666666 0.8037037037037037 0.68203125 0.799074074074074 0.67109375 0.799537037037037 0.66875 0.7962962962962963 0.6671875 0.7851851851851852 0.66171875 0.7703703703703704 0.6528645833333333 0.7532407407407408 0.6401041666666667 0.7342592592592593 0.6268229166666667 0.7203703703703703 0.6197916666666666 0.7152777777777778 0.5984375 0.7055555555555556 0.5848958333333333 0.7046296296296296 0.5770833333333333 0.7064814814814815 0.5572916666666666 0.7157407407407408 0.534375 0.7425925925925926 0.5247395833333334 0.7703703703703704 0.52109375 0.7875 0.5104166666666666 0.7902777777777777 0.4942708333333333 0.7893518518518519 0.4895833333333333 0.7907407407407407 0.48515625 0.7949074074074074
0 0.3802083333333333 0.6060185185185185 0.37942708333333336 0.6125 0.3802083333333333 0.6337962962962963 0.3809895833333333 0.6402777777777777 0.38359375 0.6476851851851851 0.39088541666666665 0.6574074074074074 0.39609375 0.6611111111111111 0.4041666666666667 0.6648148148148149 0.40989583333333335 0.662962962962963 0.41510416666666666 0.6675925925925926 0.41796875 0.6782407407407407 0.42890625 0.6986111111111111 0.4309895833333333 0.7064814814814815 0.43776041666666665 0.7189814814814814 0.4473958333333333 0.7444444444444445 0.45234375 0.7513888888888889 0.4666666666666667 0.7611111111111111 0.48776041666666664 0.7625 0.5015625 0.7550925925925925 0.5114583333333333 0.7439814814814815 0.5203125 0.7287037037037037 0.528125 0.7060185185185185 0.52890625 0.6944444444444444 0.5393229166666667 0.6652777777777777 0.54765625 0.6689814814814815 0.5580729166666667 0.6689814814814815 0.5658854166666667 0.6615740740740741 0.5705729166666667 0.6546296296296297 0.5739583333333333 0.6472222222222223 0.575 0.6412037037037037 0.5744791666666667 0.6083333333333333 0.57109375 0.5949074074074074 0.5640625 0.5902777777777778 0.5390625 0.5884259259259259 0.53515625 0.5740740740740741 0.5309895833333333 0.5638888888888889 0.5166666666666667 0.5412037037037037 0.5049479166666667 0.5314814814814814 0.4869791666666667 0.524537037037037 0.46770833333333334 0.5254629629629629 0.45729166666666665 0.5291666666666667 0.4484375 0.5347222222222222 0.4390625 0.5430555555555555 0.42864583333333334 0.5569444444444445 0.4231770833333333 0.5675925925925925 0.41953125 0.5828703703703704 0.4125 0.5856481481481481 0.39895833333333336 0.5847222222222223 0.38697916666666665 0.586574074074074 0.38333333333333336 0.5921296296296297
0 0.22239583333333332 0.812962962962963 0.22369791666666666 0.8166666666666667 0.223828125 0.8243055555555555 0.22213541666666667 0.8282407407407407 0.22317708333333333 0.8421296296296297 0.23828125 0.8601851851851852 0.24348958333333334 0.8629629629629629 0.2552083333333333 0.8648148148148148 0.25859375 0.8708333333333333 0.2578125 0.8768518518518519 0.2643229166666667 0.9157407407407407 0.27447916666666666 0.9425925925925925 0.2859375 0.9564814814814815 0.3 0.9685185185185186 0.31276041666666665 0.9726851851851852 0.32109375 0.9731481481481481 0.32786458333333335 0.9828703703703704 0.32890625 0.9879629629629629 0.32786458333333335 0.9912037037037037 0.3294270833333333 0.9944444444444445 0.34609375 0.9944444444444445 0.3489583333333333 0.9967592592592592 0.35625 0.9972222222222222 0.36796875 0.9949074074074075 0.38177083333333334 0.9949074074074075 0.39765625 0.9717592592592592 0.40286458333333336 0.9666666666666667 0.40963541666666664 0.9527777777777777 0.41328125 0.9324074074074075 0.41458333333333336 0.9319444444444445 0.41770833333333335 0.9138888888888889 0.41875 0.8925925925925926 0.4244791666666667 0.8800925925925925 0.42552083333333335 0.8800925925925925 0.42630208333333336 0.875462962962963 0.4359375 0.8694444444444445 0.44166666666666665 0.8629629629629629 0.44765625 0.8481481481481481 0.4513020833333333 0.8106481481481481 0.45078125 0.8037037037037037 0.4466145833333333 0.7972222222222223 0.4434895833333333 0.7953703703703704 0.42473958333333334 0.799537037037037 0.41432291666666665 0.7944444444444444 0.41302083333333334 0.7819444444444444 0.4080729166666667 0.7587962962962963 0.40234375 0.7416666666666667 0.39453125 0.7282407407407407 0.3859375 0.7171296296296297 0.37473958333333335 0.7087962962962963 0.36666666666666664 0.7046296296296296 0.35390625 0.7032407407407407 0.33489583333333334 0.7069444444444445 0.30494791666666665 0.7268518518518519 0.296875 0.7375 0.2908854166666667 0.7513888888888889 0.28125 0.7625 0.28098958333333335 0.7657407407407407 0.27317708333333335 0.7828703703703703 0.27239583333333334 0.7870370370370371 0.26536458333333335 0.788425925925926 0.2630208333333333 0.7828703703703703 0.2635416666666667 0.7791666666666667 0.26276041666666666 0.7782407407407408 0.25494791666666666 0.7791666666666667 0.24973958333333332 0.7833333333333333 0.2375 0.7847222222222222 0.22708333333333333 0.7930555555555555 0.22421875 0.8004629629629629
0 0.16614583333333333 0.6435185185185185 0.16666666666666666 0.6509259259259259 0.17473958333333334 0.6611111111111111 0.18567708333333333 0.6685185185185185 0.19244791666666666 0.6694444444444444 0.19453125 0.6680555555555555 0.196875 0.6717592592592593 0.2015625 0.6930555555555555 0.20911458333333333 0.7078703703703704 0.22005208333333334 0.7212962962962963 0.23411458333333332 0.7282407407407407 0.23723958333333334 0.7361111111111112 0.24713541666666666 0.7486111111111111 0.2565104166666667 0.7555555555555555 0.2640625 0.7578703703703704 0.2825520833333333 0.7569444444444444 0.28802083333333334 0.7513888888888889 0.3033854166666667 0.7263888888888889 0.3177083333333333 0.7166666666666667 0.32421875 0.7097222222222223 0.3450520833333333 0.6587962962962963 0.35260416666666666 0.6458333333333334 0.35625 0.6365740740740741 0.35963541666666665 0.6194444444444445 0.36041666666666666 0.6018518518518519 0.35963541666666665 0.5972222222222222 0.35598958333333336 0.5907407407407408 0.35182291666666665 0.5907407407407408 0.3450520833333333 0.5958333333333333 0.3338541666666667 0.5986111111111111 0.32786458333333335 0.5912037037037037 0.32447916666666665 0.5745370370370371 0.32421875 0.5675925925925925 0.3145833333333333 0.5509259259259259 0.30182291666666666 0.5416666666666666 0.296875 0.5361111111111111 0.28567708333333336 0.5351851851851852 0.26197916666666665 0.5435185185185185 0.24869791666666666 0.55 0.23255208333333333 0.5611111111111111 0.2265625 0.5694444444444444 0.22135416666666666 0.5814814814814815 0.215625 0.5902777777777778 0.20755208333333333 0.6092592592592593 0.20416666666666666 0.6129629629629629 0.19609375 0.6106481481481482 0.18802083333333333 0.6046296296296296 0.17864583333333334 0.6055555555555555 0.17473958333333334 0.6097222222222223 0.17161458333333332 0.6185185185185185
0 0.0078125 0.8865740740740741 0.009114583333333334 0.924537037037037 0.01484375 0.9453703703703704 0.017708333333333333 0.9513888888888888 0.02265625 0.9564814814814815 0.03411458333333333 0.9648148148148148 0.041666666666666664 0.9675925925925926 0.06067708333333333 0.9675925925925926 0.071875 0.9638888888888889 0.09505208333333333 0.975462962962963 0.11510416666666666 0.9726851851851852 0.12916666666666668 0.9657407407407408 0.13802083333333334 0.9583333333333334 0.1484375 0.9467592592592593 0.1671875 0.9199074074074074 0.18046875 0.8925925925925926 0.19505208333333332 0.8513888888888889 0.19635416666666666 0.8453703703703703 0.19557291666666668 0.8421296296296297 0.20104166666666667 0.8245370370370371 0.20182291666666666 0.8106481481481481 0.20078125 0.7967592592592593 0.19505208333333332 0.7944444444444444 0.19270833333333334 0.7972222222222223 0.18411458333333333 0.7916666666666666 0.18203125 0.7861111111111111 0.17760416666666667 0.7828703703703703 0.1765625 0.7791666666666667 0.17682291666666666 0.7675925925925926 0.17421875 0.7486111111111111 0.17109375 0.737037037037037 0.16276041666666666 0.7194444444444444 0.15494791666666666 0.712037037037037 0.14114583333333333 0.7055555555555556 0.12526041666666668 0.7060185185185185 0.11588541666666667 0.7078703703703704 0.08151041666666667 0.7236111111111111 0.0640625 0.7430555555555556 0.028385416666666666 0.8023148148148148 0.012760416666666666 0.8421296296296297 0.010677083333333334 0.8546296296296296 0.011197916666666667 0.8634259259259259
0 0.00703125 0.5796296296296296 0 0.5902777777777778 0 0.7013888888888888 0.015885416666666666 0.7129629629629629 0.030729166666666665 0.7143518518518519 0.03723958333333333 0.7171296296296297 0.05260416666666667 0.7351851851851852 0.06380208333333333 0.7412037037037037 0.08020833333333334 0.725 0.1140625 0.7074074074074074 0.12864583333333332 0.7027777777777777 0.13489583333333333 0.6939814814814815 0.14505208333333333 0.6680555555555555 0.14609375 0.663425925925926 0.14609375 0.6532407407407408 0.15 0.6324074074074074 0.15651041666666668 0.612037037037037 0.159375 0.5976851851851852 0.15885416666666666 0.5921296296296297 0.14921875 0.5773148148148148 0.13854166666666667 0.575 0.13255208333333332 0.5685185185185185 0.13125 0.5569444444444445 0.12786458333333334 0.5467592592592593 0.11875 0.5291666666666667 0.109375 0.5208333333333334 0.09557291666666666 0.5162037037037037 0.07890625 0.5185185185185185 0.0640625 0.524074074074074 0.04921875 0.5324074074074074 0.029427083333333333 0.55 0.017708333333333333 0.5638888888888889