1 0.0514984375 0.3571828703703704 0.05616692708333334 0.3559259259259259 0.06054765625 0.35232083333333336 0.063225 0.3488597222222222 0.06444192708333334 0.3449662037037037 0.06363046875 0.3415050925925926 0.0580328125 0.33371805555555556 0.05551796875 0.3265078703703703 0.05413880208333333 0.32304675925925924 0.05235390625 0.3208837962962963 0.04967682291666666 0.32045138888888886 0.04708072916666666 0.3207393518518519 0.04480911458333334 0.3220375 0.042050781249999995 0.32420046296296295 0.04042838541666667 0.3259310185185185 0.03986041666666666 0.32794999999999996 0.040996354166666665 0.3342949074074074 0.043997916666666664 0.3410726851851852 0.044565885416666666 0.3464083333333333 0.045295833333333334 0.35333009259259257 0.04626953125 0.3556375
1 0.4623778645833333 0.3467824074074074 0.46635703125 0.34573194444444444 0.46910416666666666 0.3432907407407408 0.47082109375 0.33942500000000003 0.4683028645833333 0.32701435185185185 0.46795963541666663 0.3168416666666667 0.46738723958333334 0.3131796296296296 0.46532708333333334 0.31155185185185186 0.46269453125000004 0.3105347222222222 0.45971875 0.31073796296296297 0.45742942708333334 0.31236574074074075 0.4560559895833334 0.3141967592592592 0.4563994791666667 0.3282351851851852 0.45536927083333334 0.3396287037037037 0.4558270833333333 0.3420699074074074 0.45834505208333337 0.34512175925925925
1 0.5789794270833333 0.46341203703703704 0.5831953124999999 0.46293657407407407 0.5866289062500001 0.4611050925925926 0.5889182291666667 0.45622222222222225 0.5867434895833333 0.44279444444444443 0.5873158854166667 0.4297736111111111 0.5874302083333334 0.4263148148148148 0.5862856770833333 0.4238736111111111 0.5831953124999999 0.42061805555555554 0.5812494791666667 0.4189907407407407 0.5786169270833333 0.4189907407407407 0.5747255208333333 0.421025 0.5727796875000001 0.4238736111111111 0.5722072916666666 0.43770833333333337 0.5709484375 0.4434050925925926 0.5692315104166668 0.44950833333333334 0.56888828125 0.4533740740740741 0.5696893229166666 0.45622222222222225 0.57209296875 0.4598847222222222 0.5755265625 0.46273287037037036
2 0.6195359375 0.4391055555555555 0.6138052083333334 0.4634226851851852 0.6150992187500001 0.46900925925925924 0.620090625 0.4726240740740741 0.6250820312500001 0.47130925925925926 0.6278552083333333 0.4423916666666667 0.6254518229166667 0.4371337962962963 0.62212421875 0.43614768518518515
2 0.49788203124999997 0.3247333333333333 0.4943799479166667 0.32967731481481477 0.4919765625 0.3549805555555556 0.4967833333333333 0.3582666666666667 0.5012200520833333 0.3549805555555556 0.5026989583333333 0.32967731481481477 0.5008502604166667 0.3260625
2 0.09681119791666666 0.356912962962963 0.091690625 0.33752453703703705 0.08910260416666667 0.3345666666666667 0.08559010416666667 0.33489537037037037 0.08226249999999999 0.3394962962962963 0.08632942708333333 0.3605273148148148 0.088178125 0.3638134259259259 0.09316953125 0.36315601851851853
0 0.7770833333333333 0.4773148148148148 0.7765625 0.48055555555555557 0.7786458333333334 0.4888888888888889 0.7880208333333333 0.5152777777777777 0.7997395833333333 0.5365740740740741 0.8057291666666667 0.5430555555555555 0.8033854166666666 0.55 0.80390625 0.5569444444444445 0.8083333333333333 0.5847222222222223 0.81328125 0.5976851851851852 0.8346354166666666 0.6300925925925925 0.8575520833333333 0.65 0.8768229166666667 0.6587962962962963 0.8869791666666667 0.6611111111111111 0.9083333333333333 0.6606481481481481 0.9255208333333333 0.6509259259259259 0.9341145833333333 0.6402777777777777 0.9549479166666667 0.5949074074074074 0.959375 0.5893518518518519 0.9791666666666666 0.5777777777777777 0.9854166666666667 0.5694444444444444 0.9890625 0.5574074074074075 0.98984375 0.5504629629629629 0.9890625 0.5319444444444444 0.9861979166666667 0.5203703703703704 0.9721354166666667 0.4875 0.9630208333333333 0.47314814814814815 0.9533854166666667 0.46296296296296297 0.9299479166666667 0.4462962962962963 0.91640625 0.4375 0.8908854166666667 0.42592592592592593 0.86796875 0.42083333333333334 0.8484375 0.42314814814814816 0.8278645833333333 0.42962962962962964 0.81640625 0.4449074074074074 0.8130208333333333 0.45185185185185184 0.8111979166666666 0.4597222222222222 0.8109375 0.47476851851851853 0.80625 0.48194444444444445 0.8002604166666667 0.4777777777777778 0.7940104166666667 0.47685185185185186 0.7911458333333333 0.47175925925925927 0.7833333333333333 0.46574074074074073 0.7791666666666667 0.4699074074074074
0 0.6286458333333333 0.36944444444444446 0.6291666666666667 0.38287037037037036 0.63671875 0.4023148148148148 0.6455729166666667 0.4166666666666667 0.65234375 0.41898148148148145 0.6583333333333333 0.42777777777777776 0.6578125 0.4486111111111111 0.659375 0.45601851851851855 0.6614583333333334 0.45740740740740743 0.671875 0.45694444444444443 0.6815104166666667 0.4615740740740741 0.68515625 0.4671296296296296 0.6885416666666667 0.47685185185185186 0.68984375 0.4861111111111111 0.6901041666666666 0.5013888888888889 0.6911458333333333 0.5032407407407408 0.6994791666666667 0.5087962962962963 0.7098958333333333 0.5097222222222222 0.7341145833333333 0.5083333333333333 0.7486979166666666 0.49398148148148147 0.7559895833333333 0.4740740740740741 0.7578125 0.4652777777777778 0.7606770833333333 0.4597222222222222 0.76640625 0.4375 0.7903645833333334 0.40555555555555556 0.8036458333333333 0.39675925925925926 0.809375 0.37962962962962965 0.8109375 0.36944444444444446 0.809375 0.3592592592592593 0.8002604166666667 0.3486111111111111 0.7919270833333333 0.3486111111111111 0.7778645833333333 0.3597222222222222 0.77109375 0.35555555555555557 0.7674479166666667 0.34953703703703703 0.7567708333333333 0.3402777777777778 0.7481770833333333 0.3347222222222222 0.7283854166666667 0.32592592592592595 0.7106770833333333 0.32175925925925924 0.6888020833333334 0.32407407407407407 0.6651041666666667 0.3375 0.6578125 0.34953703703703703 0.65546875 0.3574074074074074 0.6533854166666667 0.3726851851851852 0.6481770833333333 0.37592592592592594 0.64296875 0.37453703703703706 0.6380208333333334 0.36712962962962964 0.6338541666666667 0.36435185185185187 0.6299479166666667 0.36527777777777776
0 0.46770833333333334 0.4930555555555556 0.4671875 0.513425925925926 0.46796875 0.5180555555555556 0.47734375 0.5439814814814815 0.48411458333333335 0.5504629629629629 0.51328125 0.5518518518518518 0.5158854166666667 0.5550925925925926 0.5166666666666667 0.5597222222222222 0.515625 0.5773148148148148 0.5169270833333334 0.5986111111111111 0.52109375 0.6171296296296296 0.5283854166666667 0.6328703703703704 0.5419270833333333 0.6504629629629629 0.5486979166666667 0.6532407407407408 0.5580729166666667 0.6601851851851852 0.5708333333333333 0.663425925925926 0.5841145833333333 0.6625 0.5953125 0.6592592592592592 0.6075520833333333 0.6509259259259259 0.6169270833333333 0.6421296296296296 0.62734375 0.6175925925925926 0.6299479166666667 0.5953703703703703 0.6325520833333333 0.5884259259259259 0.6328125 0.5777777777777777 0.6356770833333333 0.5685185185185185 0.6490450520833334 0.5481481481481482 0.6661458333333333 0.5476851851851852 0.6786458333333333 0.5361111111111111 0.68828125 0.5185185185185185 0.6895833333333333 0.5050925925925925 0.6875 0.4773148148148148 0.6838541666666667 0.4671296296296296 0.67479453125 0.4573185185185185 0.6419606770833333 0.45778148148148146 0.6284104166666666 0.43786759259259256 0.6065104166666667 0.4212962962962963 0.5901044270833334 0.4147125 0.5744791666666667 0.412962962962963 0.5559895833333334 0.41388888888888886 0.5478895833333334 0.4165648148148148 0.5393229166666667 0.4222222222222222 0.5333333333333333 0.425 0.521875 0.43657407407407406 0.5161458333333333 0.44351851851851853 0.5109375 0.45555555555555555 0.5072916666666667 0.45925925925925926 0.4940104166666667 0.4601851851851852 0.490625 0.462037037037037 0.48385416666666664 0.4601851851851852 0.47369791666666666 0.46435185185185185 0.4703125 0.4703703703703704
0 0.3736979166666667 0.36435185185185187 0.3736979166666667 0.3912037037037037 0.37604166666666666 0.4027777777777778 0.39088541666666665 0.42314814814814816 0.39453125 0.42453703703703705 0.40859375 0.42268518518518516 0.41380208333333335 0.42592592592592593 0.41640625 0.4356481481481482 0.4166666666666667 0.44583333333333336 0.42213541666666665 0.4787037037037037 0.42421875 0.4810185185185185 0.4322916666666667 0.4787037037037037 0.43776041666666665 0.4824074074074074 0.4401041666666667 0.4888888888888889 0.44036458333333334 0.5055555555555555 0.44192708333333336 0.5092592592592593 0.44609375 0.5143518518518518 0.4591145833333333 0.5180555555555556 0.46588541666666666 0.5166666666666667 0.4698747395833333 0.4678541666666667 0.47873463541666667 0.4599810185185185 0.49228489583333335 0.46044444444444443 0.5081807291666667 0.4585916666666667 0.5144346354166667 0.4465509259259259 0.5149559895833333 0.42061712962962966 0.5248580729166666 0.42200648148148145 0.53515625 0.4217592592592593 0.53984375 0.41944444444444445 0.5513020833333333 0.4009259259259259 0.5541666666666667 0.38796296296296295 0.5533854166666666 0.36203703703703705 0.5520833333333334 0.35324074074074074 0.5502604166666667 0.34953703703703703 0.53984375 0.34675925925925927 0.5221354166666666 0.34814814814814815 0.51796875 0.3453703703703704 0.5161458333333333 0.34074074074074073 0.5083333333333333 0.3314814814814815 0.4981770833333333 0.3236111111111111 0.4856770833333333 0.31666666666666665 0.46432291666666664 0.31157407407407406 0.45989583333333334 0.31157407407407406 0.45416666666666666 0.3162037037037037 0.44557291666666665 0.31712962962962965 0.43697916666666664 0.3212962962962963 0.4234375 0.33101851851851855 0.4088541666666667 0.34814814814814815 0.38203125 0.3490740740740741 0.37734375 0.3537037037037037
0 0.22265625 0.5041666666666667 0.221875 0.5120370370370371 0.22369791666666666 0.5222222222222223 0.23411458333333332 0.5439814814814815 0.24489375000000002 0.5536444444444445 0.25870468750000003 0.5531814814814815 0.2646981770833333 0.5693902777777778 0.27303697916666664 0.5805046296296297 0.2792908854166667 0.5855990740740741 0.28177083333333336 0.5953703703703703 0.284375 0.6074074074074074 0.28880208333333335 0.6175925925925926 0.29192708333333334 0.6324074074074074 0.29921875 0.6472222222222223 0.3109375 0.6578703703703703 0.31979166666666664 0.663425925925926 0.33515625 0.6643518518518519 0.34869791666666666 0.662962962962963 0.36614583333333334 0.6541666666666667 0.36953125 0.6486111111111111 0.37526041666666665 0.6439814814814815 0.38697916666666665 0.6291666666666667 0.38958333333333334 0.6194444444444445 0.39557291666666666 0.6078703703703704 0.39739583333333334 0.5925925925925926 0.39947916666666666 0.5851851851851851 0.4002604166666667 0.5643518518518519 0.39947916666666666 0.5583333333333333 0.4010416666666667 0.5509259259259259 0.41458333333333336 0.5513888888888889 0.41822916666666665 0.5509259259259259 0.42864583333333334 0.5375 0.4322916666666667 0.5361111111111111 0.4395833333333333 0.5120370370370371 0.43984375 0.49027777777777776 0.43828125 0.4842592592592593 0.4359375 0.48055555555555557 0.42942708333333335 0.47962962962962963 0.41848958333333336 0.4837962962962963 0.41380208333333335 0.49212962962962964 0.40677083333333336 0.4912037037037037 0.40130208333333334 0.4648148148148148 0.38723958333333336 0.44722222222222224 0.37135416666666665 0.43472222222222223 0.35859375 0.4305555555555556 0.3494791666666667 0.4300925925925926 0.32109375 0.43472222222222223 0.303125 0.4444444444444444 0.29583333333333334 0.45046296296296295 0.2799479166666667 0.4703703703703704 0.2721354166666667 0.4828703703703704 0.26875 0.49166666666666664 0.265625 0.49537037037037035 0.26015625 0.49675925925925923 0.25390625 0.4925925925925926 0.25 0.4842592592592593 0.24791666666666667 0.4828703703703704 0.2421875 0.48055555555555557 0.234375 0.4810185185185185 0.23072916666666668 0.4842592592592593
0 0.1703125 0.3875 0.16822916666666668 0.39351851851851855 0.16822916666666668 0.4009259259259259 0.175 0.4222222222222222 0.18567708333333333 0.43333333333333335 0.1890625 0.4351851851851852 0.20052083333333334 0.4351851851851852 0.21640625 0.45 0.22135416666666666 0.45231481481481484 0.2234375 0.45787037037037037 0.22734375 0.48148148148148145 0.23072916666666668 0.4837962962962963 0.23515625 0.47962962962962963 0.24348958333333334 0.47962962962962963 0.2557291666666667 0.4888888888888889 0.26640625 0.49212962962962964 0.2682291666666667 0.4912037037037037 0.2713541666666667 0.4828703703703704 0.28463541666666664 0.4634259259259259 0.29281484375000005 0.45010231481481483 0.3085130208333334 0.43901944444444446 0.32399609375 0.4340509259259259 0.32227578125 0.4252611111111111 0.33904921875 0.42487870370370373 0.35104166666666664 0.4009259259259259 0.35572916666666665 0.38333333333333336 0.35625 0.3726851851851852 0.3533854166666667 0.3680555555555556 0.3484375 0.36712962962962964 0.34296875 0.37083333333333335 0.33489583333333334 0.3726851851851852 0.33307291666666666 0.37916666666666665 0.32838541666666665 0.38101851851851853 0.3260416666666667 0.3680555555555556 0.32265625 0.3597222222222222 0.3111979166666667 0.3472222222222222 0.2986979166666667 0.3398148148148148 0.278125 0.337037037037037 0.25807291666666665 0.3402777777777778 0.23723958333333334 0.35 0.21822916666666667 0.3675925925925926 0.20911458333333333 0.3800925925925926 0.20598958333333334 0.387037037037037 0.2015625 0.3902777777777778 0.196875 0.387037037037037 0.19244791666666666 0.3824074074074074 0.18229166666666666 0.37824074074074077 0.17526041666666667 0.37962962962962965
0 0.00546875 0.5689814814814815 0.005208333333333333 0.5777777777777777 0.009375 0.5916666666666667 0.019791666666666666 0.6032407407407407 0.029427083333333333 0.6078703703703704 0.03307291666666667 0.6078703703703704 0.03845494791666667 0.6123458333333333 0.05390625 0.6444444444444445 0.06640625 0.6643518518518519 0.08203125 0.674537037037037 0.10026041666666667 0.6759259259259259 0.11380208333333333 0.6722222222222223 0.14010416666666667 0.6578703703703703 0.159375 0.6375 0.17421875 0.6157407407407407 0.18020833333333333 0.5995370370370371 0.18359375 0.5851851851851851 0.18492890625 0.5512361111111111 0.19114375 0.5365092592592592 0.19791666666666666 0.5212962962962963 0.20416666666666666 0.5092592592592593 0.20656614583333335 0.5033740740740741 0.20208333333333334 0.49074074074074076 0.19635416666666666 0.4888888888888889 0.19068333333333334 0.4951921296296296 0.18170624999999999 0.4956013888888889 0.17871380208333332 0.5021467592592592 0.17203854166666668 0.5025555555555555 0.1759515625 0.48905601851851854 0.17473958333333334 0.4708333333333333 0.16901041666666666 0.45787037037037037 0.14401041666666667 0.4388888888888889 0.11953125 0.44166666666666665 0.10208333333333333 0.4462962962962963 0.08333333333333333 0.45416666666666666 0.06822916666666666 0.46296296296296297 0.05182291666666667 0.4773148148148148 0.03507838541666666 0.49191944444444446 0.027482291666666665 0.5041921296296297 0.0111390625 0.492737962962963 0 0.49232870370370374 0 0.5647361111111111
0 0.0421875 0.34074074074074073 0.0234375 0.35185185185185186 0 0.3736111111111111 0 0.449537037037037 0.019791666666666666 0.4587962962962963 0.024739583333333332 0.4736111111111111 0.03619791666666667 0.49027777777777776 0.04010416666666667 0.4888888888888889 0.052083333333333336 0.4759259259259259 0.06953125 0.46111111111111114 0.08229166666666667 0.45416666666666666 0.10703125 0.44351851851851853 0.13541666666666666 0.43796296296296294 0.14088541666666668 0.4388888888888889 0.14270833333333333 0.4356481481481482 0.1453125 0.4199074074074074 0.15494791666666666 0.4023148148148148 0.16223958333333333 0.3837962962962963 0.16145833333333334 0.37453703703703706 0.15416666666666667 0.3574074074074074 0.14895833333333333 0.35462962962962963 0.13630208333333332 0.3541666666666667 0.13203125 0.3490740740740741 0.13046875 0.3421296296296296 0.12734375 0.33611111111111114 0.1171875 0.3287037037037037 0.10442708333333334 0.32407407407407407 0.09348958333333333 0.32314814814814813 0.07447916666666667 0.32592592592592595 0.06015625 0.3314814814814815