1 0.23854166666666668 0.3912037037037037 0.23776041666666667 0.39537037037037037 0.24192708333333332 0.41435185185185186 0.24192708333333332 0.425462962962963 0.24255625 0.4340981481481482 0.24590494791666667 0.43717685185185184 0.25214036458333333 0.4379976851851852 0.25860651041666666 0.4343032407407407 0.2653036458333333 0.4254777777777778 0.26634296874999996 0.41849907407407405 0.2640625 0.4152777777777778 0.25807291666666665 0.40370370370370373 0.25546875 0.3902777777777778 0.25234375 0.38333333333333336 0.24583333333333332 0.38333333333333336
1 0.40546875 0.5694444444444444 0.40651041666666665 0.5875 0.40480703125 0.6077388888888888 0.4066544270833334 0.6147171296296297 0.4114583333333333 0.6203703703703703 0.4178549479166667 0.6229273148148148 0.42178072916666665 0.6223115740740741 0.4276041666666667 0.6171296296296296 0.43240390625 0.6087648148148148 0.43378958333333334 0.5978865740740741 0.42997916666666663 0.5878296296296296 0.4270833333333333 0.5791666666666667 0.42547578125 0.5619680555555556 0.419125 0.5562208333333333 0.41328125 0.5574074074074075 0.4078125 0.562037037037037
1 0.5614518229166666 0.35291064814814815 0.5604166666666667 0.36898148148148147 0.55703125 0.3800925925925926 0.5562557291666667 0.3859560185185185 0.5590270833333334 0.3933449074074074 0.5649158854166667 0.39847638888888887 0.5723057291666667 0.3986814814814815 0.5769244791666667 0.394987037037037 0.5796958333333334 0.39026620370370374 0.5795802083333333 0.3824666666666667 0.5777328125000001 0.3709726851851852 0.5785411458333333 0.35188425925925926 0.5752604166666667 0.3476851851851852 0.5717283854166666 0.34449537037037037 0.5669942708333333 0.34428981481481485 0.5627218749999999 0.3473689814814815
1 0.7701427083333333 0.5370569444444444 0.7696809895833333 0.5438305555555556 0.7723958333333333 0.5518518518518518 0.7755697916666667 0.5571717592592592 0.78030390625 0.5596347222222222 0.7859619791666667 0.5608662037037037 0.79011875 0.5596347222222222 0.7947375 0.555324537037037 0.7972778645833334 0.5497828703703703 0.7978552083333333 0.542599074074074 0.7956611979166667 0.5282314814814815 0.7967005208333333 0.5118111111111111 0.79543046875 0.5042171296296296 0.7921875 0.500462962962963 0.7880208333333333 0.4981481481481482 0.7825520833333334 0.4981481481481482 0.778125 0.5013888888888889 0.77578125 0.5083333333333333 0.7752234375 0.5222791666666667
1 0.8486979166666667 0.33611111111111114 0.8489583333333334 0.34305555555555556 0.8520221354166666 0.34885787037037036 0.8571026041666666 0.3531680555555555 0.86322265625 0.3541944444444444 0.8681877604166667 0.3513208333333333 0.8714208333333333 0.34803657407407407 0.8716518229166667 0.3424949074074074 0.8708434895833334 0.328537962962963 0.8730372395833333 0.3131439814814815 0.8728065104166667 0.3096550925925926 0.8716145833333333 0.3074074074074074 0.8684184895833333 0.3037027777777778 0.8635690104166667 0.30165 0.8580265625 0.30267638888888887 0.8558325520833333 0.3069865740740741 0.853125 0.32546296296296295
2 0.31410546875 0.4354101851851852 0.31312890625 0.4169685185185185 0.3126731770833333 0.40589444444444445 0.31252109375 0.40022222222222226 0.30811458333333336 0.39806157407407405 0.30249244791666663 0.3988717592592593 0.30234062500000003 0.41264675925925925 0.3012768229166667 0.43290416666666665 0.30203671875 0.4388462962962963 0.3067471354166667 0.4396564814814815 0.3126731770833333 0.4393861111111111
2 0.47291276041666663 0.610451388888889 0.47681406249999997 0.6159328703703704 0.4824359375 0.6164731481481482 0.486690625 0.6135023148148148 0.48866588541666667 0.5764990740740741 0.48593072916666663 0.5700166666666667 0.48152421875 0.5675861111111111 0.47635807291666665 0.5724476851851852
2 0.6111588541666666 0.39737083333333334 0.6141963541666667 0.4025416666666667 0.6202744791666667 0.40173148148148147 0.6234653645833333 0.39903055555555556 0.6265041666666666 0.3674291666666667 0.6243770833333334 0.36391805555555556 0.6202744791666667 0.3620273148148148 0.6164757812499999 0.36553842592592595
2 0.82880859375 0.5495287037037037 0.8310937500000001 0.5568212962962963 0.8377796875 0.5589824074074075 0.8417302083333333 0.5557412037037037 0.848871875 0.5214388888888889 0.8475044270833333 0.5157666666666667 0.8423380208333333 0.5119856481481481 0.8382354166666667 0.5136060185185185 0.8294223958333333 0.5406157407407407
2 0.8961765625000001 0.34922685185185187 0.8978205729166666 0.3535259259259259 0.902075 0.3567666666666667 0.9073932291666666 0.35595648148148146 0.9142309895833333 0.3254356481481482 0.913775 0.3213842592592593 0.9114958333333333 0.31895370370370374 0.9073932291666666 0.31787314814814815 0.9045062500000001 0.32084398148148147 0.8969088541666667 0.3421819444444445
0 0.25364583333333335 0.6680555555555555 0.25078125 0.6986111111111111 0.253125 0.7152777777777778 0.2513020833333333 0.7203703703703703 0.25364583333333335 0.7384259259259259 0.25755208333333335 0.7476851851851852 0.27239583333333334 0.7648148148148148 0.29322916666666665 0.7796296296296297 0.32109375 0.7699074074074074 0.325 0.7699074074074074 0.328125 0.7722222222222223 0.3372395833333333 0.7870370370370371 0.34140625 0.8046296296296296 0.3463541666666667 0.8384259259259259 0.35130208333333335 0.8546296296296296 0.36354166666666665 0.8782407407407408 0.375 0.8939814814814815 0.39375 0.9092592592592592 0.41822916666666665 0.9152777777777777 0.44296875 0.9106481481481481 0.44947916666666665 0.9078703703703703 0.453125 0.9041666666666667 0.46510416666666665 0.899537037037037 0.47317708333333336 0.8930555555555556 0.49114583333333334 0.8699074074074075 0.496875 0.8560185185185185 0.5005208333333333 0.8513888888888889 0.5080729166666667 0.8310185185185185 0.5080729166666667 0.8277777777777777 0.5114583333333333 0.8175925925925925 0.5143229166666666 0.7759259259259259 0.5130208333333334 0.7583333333333333 0.52578125 0.7212962962962963 0.53359375 0.7129629629629629 0.5364583333333334 0.7138888888888889 0.540625 0.7111111111111111 0.5440104166666667 0.7125 0.5497395833333333 0.7092592592592593 0.5541666666666667 0.7106481481481481 0.5606770833333333 0.7060185185185185 0.5778645833333333 0.6782407407407407 0.5822916666666667 0.6615740740740741 0.5854166666666667 0.6435185185185185 0.58203125 0.6319444444444444 0.5815104166666667 0.612037037037037 0.5768229166666666 0.5930555555555556 0.5731770833333333 0.5837962962962963 0.5674479166666667 0.5782407407407407 0.5549479166666667 0.5773148148148148 0.5185763020833334 0.5851851851851851 0.5145833333333333 0.5833333333333334 0.5119791666666667 0.5768518518518518 0.49973958333333335 0.5601851851851852 0.47734375 0.5407407407407407 0.46432291666666664 0.5337962962962963 0.4510416666666667 0.5296296296296297 0.41848958333333336 0.5268518518518519 0.40625 0.5287037037037037 0.37864583333333335 0.5412037037037037 0.35442708333333334 0.5597222222222222 0.32890625 0.5939814814814814 0.32265625 0.6064814814814815 0.31484375 0.6287037037037037 0.30494791666666665 0.6333333333333333 0.2864583333333333 0.6365740740740741 0.26536458333333335 0.6435185185185185 0.26067708333333334 0.6472222222222223 0.25677083333333334 0.6541666666666667
0 0.6213541666666667 0.624537037037037 0.6216145833333333 0.6611111111111111 0.63203125 0.6694444444444444 0.6348958333333333 0.6782407407407407 0.640625 0.6893518518518519 0.6578125 0.7083333333333334 0.66484375 0.7087962962962963 0.6682291666666667 0.7064814814814815 0.6786458333333333 0.7083333333333334 0.6791666666666667 0.7143518518518519 0.6778645833333333 0.7171296296296297 0.6791666666666667 0.7305555555555555 0.684375 0.7583333333333333 0.6880208333333333 0.7689814814814815 0.7028645833333333 0.7981481481481482 0.7153645833333333 0.8134259259259259 0.7294270833333333 0.8263888888888888 0.7481770833333333 0.8379629629629629 0.7658854166666667 0.8421296296296297 0.78828125 0.8416666666666667 0.8033854166666666 0.8351851851851851 0.81796875 0.825 0.82890625 0.8106481481481481 0.8361979166666667 0.7976851851851852 0.8455729166666667 0.7652777777777777 0.9078125 0.6356481481481482 0.9182291666666667 0.624537037037037 0.9216145833333333 0.6171296296296296 0.925 0.6023148148148149 0.9291666666666667 0.5703703703703704 0.9265625 0.5583333333333333 0.9223958333333333 0.5486111111111112 0.9106770833333333 0.5291666666666667 0.8861979166666667 0.5273148148148148 0.8619791666666666 0.5314814814814814 0.8479166666666667 0.5231481481481481 0.8455729166666667 0.5148148148148148 0.8390625 0.512962962962963 0.8255208333333334 0.500462962962963 0.80546875 0.4875 0.7825520833333334 0.4787037037037037 0.7640625 0.475462962962963 0.7450520833333333 0.475462962962963 0.7158854166666667 0.48518518518518516 0.6950520833333333 0.49953703703703706 0.6848958333333334 0.5143518518518518 0.67734375 0.5287037037037037 0.6700520833333333 0.5569444444444445 0.6705729166666666 0.5671296296296297 0.6697916666666667 0.5685185185185185 0.6552083333333333 0.575925925925926 0.640625 0.5768518518518518 0.628125 0.5842592592592593 0.6236979166666666 0.5981481481481481
0 0.11067708333333333 0.4875 0.11015625 0.49953703703703706 0.11171875 0.5055555555555555 0.11302083333333333 0.5254629629629629 0.11588541666666667 0.5356481481481481 0.12317708333333334 0.549074074074074 0.13385416666666666 0.5606481481481481 0.14713541666666666 0.5689814814814815 0.15286458333333333 0.5671296296296297 0.15338541666666666 0.5634259259259259 0.15598958333333332 0.5606481481481481 0.165625 0.5569444444444445 0.16770833333333332 0.5615740740740741 0.17109375 0.562037037037037 0.17578125 0.5657407407407408 0.17838541666666666 0.5708333333333333 0.1875 0.5800925925925926 0.19010416666666666 0.5851851851851851 0.1953125 0.6189814814814815 0.20494791666666667 0.6537037037037037 0.2171875 0.674074074074074 0.225 0.6833333333333333 0.23411458333333332 0.6898148148148148 0.24817708333333333 0.6949074074074074 0.25052083333333336 0.6921296296296297 0.25234375 0.6861111111111111 0.253125 0.6675925925925926 0.2598958333333333 0.6458333333333334 0.265625 0.6412037037037037 0.27005208333333336 0.6402777777777777 0.26953125 0.6388888888888888 0.27369791666666665 0.6342592592592593 0.2794270833333333 0.6361111111111111 0.28177083333333336 0.6342592592592593 0.3078125 0.6300925925925925 0.31328125 0.6268518518518519 0.3140625 0.6222222222222222 0.31927083333333334 0.612037037037037 0.3223958333333333 0.6023148148148149 0.3296875 0.5902777777777778 0.3763020833333333 0.5291666666666667 0.37994791666666666 0.5268518518518519 0.39505208333333336 0.49444444444444446 0.39895833333333336 0.4777777777777778 0.3997395833333333 0.4625 0.39505208333333336 0.42592592592592593 0.39010416666666664 0.41805555555555557 0.37916666666666665 0.4152777777777778 0.3467708333333333 0.4203703703703704 0.3341145833333333 0.4 0.3171875 0.38657407407407407 0.2921875 0.37546296296296294 0.2643229166666667 0.3736111111111111 0.25494791666666666 0.37546296296296294 0.25052083333333336 0.37824074074074077 0.24713541666666666 0.3768518518518518 0.24166666666666667 0.3819444444444444 0.23776041666666667 0.38101851851851853 0.21640625 0.3925925925925926 0.20260416666666667 0.4041666666666667 0.18984375 0.41805555555555557 0.18151041666666667 0.42916666666666664 0.1734375 0.4439814814814815 0.16432291666666668 0.4486111111111111 0.1421875 0.449537037037037 0.14036458333333332 0.44814814814814813 0.13385416666666666 0.4527777777777778 0.12916666666666668 0.4527777777777778 0.12239583333333333 0.4564814814814815 0.11536458333333334 0.4666666666666667
0 0.4322916666666667 0.42962962962962964 0.4328125 0.45740740740740743 0.4348958333333333 0.48148148148148145 0.43854166666666666 0.49212962962962964 0.44947916666666665 0.5101851851851852 0.4630208333333333 0.5217592592592593 0.47708333333333336 0.5148148148148148 0.48671875 0.5212962962962963 0.4859375 0.5328703703703703 0.48854166666666665 0.5458333333333333 0.49375 0.5527777777777778 0.4981770833333333 0.5560185185185185 0.5109375 0.5731481481481482 0.515625 0.5824074074074074 0.5299479166666666 0.5824074074074074 0.5427083333333333 0.5773148148148148 0.5546875 0.575925925925926 0.56484375 0.5763888888888888 0.5708333333333333 0.5800925925925926 0.5752604166666667 0.5861111111111111 0.58046875 0.6055555555555555 0.58203125 0.6143518518518518 0.58359375 0.6407407407407407 0.58515625 0.6435185185185185 0.5890625 0.6435185185185185 0.60078125 0.638425925925926 0.6171875 0.6236111111111111 0.6208333333333333 0.6129629629629629 0.6236979166666666 0.5907407407407408 0.62890625 0.5800925925925926 0.6333333333333333 0.5745370370370371 0.6393229166666666 0.5268518518518519 0.6505208333333333 0.4986111111111111 0.6565104166666667 0.4912037037037037 0.675 0.4925925925925926 0.6854166666666667 0.48009259259259257 0.69296875 0.4666666666666667 0.69921875 0.45185185185185184 0.70078125 0.41805555555555557 0.7002604166666667 0.4111111111111111 0.6973958333333333 0.399537037037037 0.6927083333333334 0.39166666666666666 0.6888020833333334 0.3888888888888889 0.6747395833333333 0.3824074074074074 0.6643229166666667 0.3824074074074074 0.6458333333333334 0.387037037037037 0.63515625 0.3731481481481482 0.6276041666666666 0.3662037037037037 0.6153645833333333 0.35555555555555557 0.6028645833333334 0.34814814814814815 0.58515625 0.34120370370370373 0.55625 0.3388888888888889 0.5356770833333333 0.3435185185185185 0.5151041666666667 0.35509259259259257 0.4947916666666667 0.3736111111111111 0.48333333333333334 0.39351851851851855 0.48020833333333335 0.4013888888888889 0.46197916666666666 0.4074074074074074 0.4557291666666667 0.4041666666666667 0.44973958333333336 0.4083333333333333 0.44114583333333335 0.41064814814814815 0.43515625 0.41759259259259257
0 0.7231770833333333 0.4078703703703704 0.7236979166666667 0.4203703703703704 0.7307291666666667 0.4393518518518518 0.7484375 0.4703703703703704 0.7552083333333334 0.47314814814814815 0.7872395833333333 0.47453703703703703 0.7921875 0.47962962962962963 0.8033854166666666 0.4842592592592593 0.82265625 0.4962962962962963 0.83203125 0.5050925925925925 0.8466145833333333 0.5148148148148148 0.8494791666666667 0.5226851851851851 0.8557291666666667 0.5287037037037037 0.9078125 0.5236111111111111 0.91171875 0.5162037037037037 0.9145833333333333 0.5050925925925925 0.91918125 0.4881148148148148 0.9285625 0.48116851851851855 0.9402888020833333 0.46357037037037035 0.94523984375 0.4441199074074074 0.95234375 0.44027777777777777 0.9572916666666667 0.4351851851851852 0.9705729166666667 0.4134259259259259 0.9755208333333333 0.3976851851851852 0.9791666666666666 0.36666666666666664 0.97734375 0.3587962962962963 0.9734375 0.35185185185185186 0.96484375 0.34074074074074073 0.9604166666666667 0.3375 0.9178783854166667 0.3394574074074074 0.9027645833333333 0.3255643518518519 0.8761848958333334 0.30935555555555555 0.85625 0.30462962962962964 0.84296875 0.30092592592592593 0.8213541666666667 0.3013888888888889 0.80390625 0.3060185185185185 0.7864583333333334 0.31666666666666665 0.778125 0.32407407407407407 0.7723958333333333 0.3314814814814815 0.7671875 0.3416666666666667 0.7651041666666667 0.3476851851851852 0.7635416666666667 0.36018518518518516 0.760546875 0.3685185185185185 0.7388020833333333 0.3712962962962963 0.73125 0.3763888888888889