1 0.2557291666666667 0.32083333333333336 0.2546875 0.325 0.2565104166666667 0.3384259259259259 0.25546875 0.3476851851851852 0.25677083333333334 0.35462962962962963 0.26197916666666665 0.36018518518518516 0.26953125 0.3574074074074074 0.27317708333333335 0.35185185185185186 0.27369791666666665 0.3486111111111111 0.2703125 0.33611111111111114 0.26796875 0.32083333333333336 0.26276041666666666 0.3175925925925926
1 0.27239583333333334 0.49722222222222223 0.2721354166666667 0.5032407407407408 0.27369791666666665 0.5148148148148148 0.2734375 0.5282407407407408 0.275 0.5356481481481481 0.2828125 0.5416666666666666 0.28958333333333336 0.537962962962963 0.29348958333333336 0.5305555555555556 0.2942708333333333 0.525 0.29322916666666665 0.5185185185185185 0.29140625 0.5162037037037037 0.29010416666666666 0.5115740740740741 0.2869791666666667 0.4935185185185185 0.28463541666666664 0.49074074074074076 0.2796875 0.49027777777777776 0.2747395833333333 0.4930555555555556
1 0.47890625 0.4050925925925926 0.47942708333333334 0.4222222222222222 0.478125 0.4310185185185185 0.4768716145833333 0.43612546296296295 0.4805348958333333 0.44353611111111113 0.4872302083333333 0.44533287037037034 0.49177786458333334 0.44353611111111113 0.49670442708333334 0.4370236111111111 0.49322916666666666 0.42083333333333334 0.49270833333333336 0.40370370370370373 0.49140625 0.40046296296296297 0.48984375 0.399537037037037 0.48359375 0.3990740740740741 0.48072916666666665 0.40046296296296297
1 0.5533854166666666 0.6407407407407407 0.553125 0.6472222222222223 0.55390625 0.6504629629629629 0.5575520833333333 0.6569444444444444 0.5636359375000001 0.6597212962962963 0.567721875 0.6597212962962963 0.5731770833333333 0.6560185185185186 0.5752604166666667 0.6518518518518519 0.5773799479166667 0.6465138888888889 0.5744083333333333 0.6311046296296295 0.57421875 0.612037037037037 0.5734375 0.6092592592592593 0.5713541666666667 0.6055555555555555 0.5674479166666667 0.6032407407407407 0.56328125 0.6032407407407407 0.5591145833333333 0.6055555555555555 0.55625 0.6129629629629629 0.5568255208333334 0.623400462962963 0.55546875 0.6347222222222222
1 0.74921875 0.5226851851851851 0.74775859375 0.5272046296296296 0.7492442708333333 0.5327078703703704 0.75134921875 0.5371106481481482 0.75432109375 0.5404125 0.7587786458333333 0.5423935185185185 0.7644744791666667 0.5419532407407407 0.76942734375 0.5379912037037037 0.7709130208333334 0.5329282407407407 0.7690104166666667 0.5208333333333334 0.7700520833333333 0.5046296296296297 0.7702940104166667 0.4992486111111111 0.7661458333333333 0.4925925925925926 0.7627604166666667 0.4912037037037037 0.7580729166666667 0.4912037037037037 0.7552083333333334 0.49398148148148147 0.75390625 0.4986111111111111 0.7526041666666666 0.512962962962963
1 0.9096354166666667 0.7962962962962963 0.909375 0.8018518518518518 0.9109375 0.8106481481481481 0.9177083333333333 0.8208333333333333 0.92539921875 0.8246638888888889 0.9356291666666666 0.8213842592592593 0.9399895833333333 0.8145273148148148 0.9384802083333333 0.7939550925925926 0.9411458333333333 0.7791666666666667 0.9411458333333333 0.7717592592592593 0.9401041666666666 0.7680555555555556 0.9354166666666667 0.7611111111111111 0.92734375 0.7578703703703704 0.921875 0.7592592592592593 0.9200520833333333 0.7620370370370371 0.9180200520833334 0.7712962962962963 0.9153645833333334 0.7828703703703703
2 0.29363776041666667 0.3774134259259259 0.2968049479166667 0.3816805555555555 0.3009135416666667 0.3808375 0.30360000000000004 0.37634305555555553 0.30217760416666667 0.35246666666666665 0.3009135416666667 0.3496578703703704 0.29759505208333337 0.34853425925925924 0.29475052083333336 0.35021944444444447 0.29380234375000003 0.3530287037037037
2 0.3205846354166667 0.5631648148148147 0.32301692708333335 0.5675356481481482 0.3268096354166667 0.5678166666666666 0.331234375 0.5650074074074074 0.3321825520833333 0.5613560185185185 0.33060234374999997 0.5357939814814815 0.32949609375000005 0.5318615740740741 0.32633541666666666 0.5298949074074074 0.32333307291666663 0.5315805555555555 0.3211205729166667 0.536075
2 0.5212104166666667 0.46518935185185184 0.5237205729166666 0.4686074074074074 0.5268809895833333 0.47029305555555556 0.5317799479166667 0.46945 0.5336763020833334 0.43995555555555554 0.5311479166666666 0.43546157407407404 0.5267231770833333 0.43546157407407404 0.5238786458333333 0.439675
2 0.6095273437500001 0.6809208333333333 0.61060078125 0.6869407407407407 0.6136031249999999 0.689749537037037 0.6203984375 0.6919967592592593 0.623875 0.6782328703703704 0.6262453125 0.6566037037037037 0.6248231770833333 0.6509856481481481 0.6211885416666667 0.6478958333333333 0.6170796875 0.6495810185185186 0.6134450520833333 0.6568847222222223
2 0.8028513020833333 0.5619287037037037 0.8062375 0.5678393518518519 0.81034609375 0.5692439814814815 0.8147708333333333 0.5672773148148148 0.8204598958333332 0.5383449074074075 0.8195117187500001 0.5321652777777778 0.8141388020833333 0.5287944444444445 0.8089239583333333 0.5327268518518519
2 0.9997395833333333 0.8462736111111111 0.9945950520833333 0.8627393518518519 0.9904861979166667 0.8604921296296296 0.9846393229166667 0.8579638888888889 0.9813208333333333 0.8478513888888889 0.9849552083333334 0.8377393518518519 0.9936468749999999 0.8149861111111111 0.9974393229166666 0.813300925925926 0.9997395833333333 0.8147055555555555
0 0.013541666666666667 0.4287037037037037 0 0.4412037037037037 0 0.46301064814814813 0.0035588541666666668 0.4800310185185185 0.010442447916666665 0.4912009259259259 0.0017632812499999999 0.516199537037037 0 0.5481481481481482 0.01484375 0.5685185185185185 0.026822916666666665 0.5773148148148148 0.036458333333333336 0.6101851851851852 0.038802083333333334 0.6240740740740741 0.05026041666666667 0.6458333333333334 0.06354166666666666 0.6564814814814814 0.06979166666666667 0.6592592592592592 0.0859375 0.6611111111111111 0.10520833333333333 0.6578703703703703 0.12838541666666667 0.6458333333333334 0.15130208333333334 0.6171296296296296 0.16171875 0.5972222222222222 0.16484375 0.587037037037037 0.1671875 0.5712962962962963 0.16640625 0.5611111111111111 0.1671875 0.5518518518518518 0.17526041666666667 0.5361111111111111 0.17552083333333332 0.5310185185185186 0.1723575520833333 0.5146037037037038 0.16218177083333335 0.516199537037037 0.15888958333333333 0.49651944444444446 0.16354166666666667 0.48009259259259257 0.16510416666666666 0.4634259259259259 0.16354166666666667 0.4537037037037037 0.16015625 0.4444444444444444 0.14791666666666667 0.42777777777777776 0.1265625 0.41805555555555557 0.11875 0.4162037037037037 0.09401041666666667 0.4162037037037037 0.08177083333333333 0.41944444444444445 0.04375 0.4444444444444444 0.03333333333333333 0.4287037037037037 0.029427083333333333 0.425 0.022135416666666668 0.4236111111111111
0 0.18098958333333334 0.5208333333333334 0.17994791666666668 0.5342592592592592 0.18515625 0.5680555555555555 0.19036458333333334 0.5763888888888888 0.1921875 0.5847222222222223 0.19739583333333333 0.5898148148148148 0.20286458333333332 0.6287037037037037 0.20625 0.6416666666666667 0.21640625 0.6625 0.22369791666666666 0.6712962962962963 0.23671875 0.7125 0.24088541666666666 0.7333333333333333 0.25286458333333334 0.7527777777777778 0.26510416666666664 0.7638888888888888 0.2765625 0.7708333333333334 0.28984375 0.7722222222222223 0.3078125 0.7703703703703704 0.32473958333333336 0.7638888888888888 0.33932291666666664 0.7509259259259259 0.35494791666666664 0.7310185185185185 0.36328125 0.7143518518518519 0.36744791666666665 0.7013888888888888 0.37083333333333335 0.6814814814814815 0.37734375 0.6759259259259259 0.39296875 0.6541666666666667 0.40208333333333335 0.6370370370370371 0.4078125 0.6199074074074075 0.40520833333333334 0.600925925925926 0.40572916666666664 0.5884259259259259 0.4044270833333333 0.5847222222222223 0.39817708333333335 0.5796296296296296 0.3768229166666667 0.5680555555555555 0.37526041666666665 0.5587962962962963 0.37473958333333335 0.5365740740740741 0.3684895833333333 0.5143518518518518 0.3609375 0.5013888888888889 0.35390625 0.4935185185185185 0.3455729166666667 0.48657407407407405 0.33229166666666665 0.4791666666666667 0.3111979166666667 0.4736111111111111 0.28515625 0.47685185185185186 0.26588541666666665 0.4842592592592593 0.23828125 0.5046296296296297 0.23359375 0.5050925925925925 0.22109375 0.49907407407407406 0.19947916666666668 0.49537037037037035 0.19244791666666666 0.5013888888888889 0.18359375 0.5138888888888888
0 0.17994791666666668 0.3486111111111111 0.17942708333333332 0.3574074074074074 0.18255208333333334 0.3819444444444444 0.1859375 0.39351851851851855 0.19322916666666667 0.4060185185185185 0.1984375 0.4356481481481482 0.2046875 0.45046296296296295 0.21875 0.46574074074074073 0.2234375 0.48657407407407405 0.22317708333333333 0.4949074074074074 0.22526041666666666 0.4981481481481482 0.23125 0.5009259259259259 0.23515625 0.5013888888888889 0.24453125 0.4981481481481482 0.25416666666666665 0.48935185185185187 0.28203125 0.475462962962963 0.30885416666666665 0.4722222222222222 0.33203125 0.47453703703703703 0.3424479166666667 0.46435185185185185 0.35963541666666665 0.4388888888888889 0.3645833333333333 0.425 0.3619791666666667 0.40046296296296297 0.359375 0.3939814814814815 0.3424479166666667 0.3861111111111111 0.34088541666666666 0.38101851851851853 0.33958333333333335 0.3597222222222222 0.33567708333333335 0.34675925925925927 0.3223958333333333 0.33055555555555555 0.30416666666666664 0.3199074074074074 0.28489583333333335 0.3162037037037037 0.26171875 0.31805555555555554 0.22552083333333334 0.33796296296296297 0.20677083333333332 0.3296296296296296 0.19609375 0.3296296296296296 0.18541666666666667 0.3388888888888889
0 0.38125 0.4310185185185185 0.3809895833333333 0.44675925925925924 0.38333333333333336 0.4703703703703704 0.38671875 0.4810185185185185 0.39739583333333334 0.4981481481481482 0.40546875 0.49907407407407406 0.4080729166666667 0.500462962962963 0.40963541666666664 0.5046296296296297 0.4109375 0.5180555555555556 0.41432291666666665 0.5291666666666667 0.4237677083333333 0.5467388888888889 0.42734375 0.5708333333333333 0.4309895833333333 0.5986111111111111 0.43255208333333334 0.6055555555555555 0.43515625 0.6087962962962963 0.4356770833333333 0.6138888888888889 0.44088541666666664 0.6064814814814815 0.44973958333333336 0.5995370370370371 0.46119791666666665 0.600925925925926 0.49166666666666664 0.6106481481481482 0.5041666666666667 0.5976851851851852 0.5143229166666666 0.5898148148148148 0.5247395833333334 0.5828703703703704 0.5416666666666666 0.575 0.5505557291666666 0.5748217592592593 0.5628619791666666 0.5730953703703704 0.5744791666666667 0.5712962962962963 0.5856770833333333 0.5611111111111111 0.5919270833333333 0.5518518518518518 0.5966145833333333 0.5425925925925926 0.6020833333333333 0.5226851851851851 0.6013020833333333 0.5013888888888889 0.5989583333333334 0.48935185185185187 0.5877604166666667 0.48055555555555557 0.5658854166666667 0.47175925925925927 0.56484375 0.4564814814814815 0.5627604166666667 0.44675925925925924 0.5536458333333333 0.42685185185185187 0.5466145833333333 0.41759259259259257 0.5375 0.40925925925925927 0.5296875 0.4027777777777778 0.5184895833333333 0.39675925925925926 0.49505208333333334 0.3902777777777778 0.47317708333333336 0.39305555555555555 0.44895833333333335 0.40370370370370373 0.434375 0.41574074074074074 0.40338541666666666 0.40555555555555556 0.39036458333333335 0.4111111111111111 0.3841145833333333 0.4212962962962963
0 0.4315104166666667 0.6430555555555556 0.43125 0.6550925925925926 0.43255208333333334 0.6643518518518519 0.43463541666666666 0.6703703703703704 0.43411458333333336 0.6787037037037037 0.4356770833333333 0.6884259259259259 0.4440104166666667 0.7041666666666667 0.4515625 0.711574074074074 0.46979166666666666 0.7351851851851852 0.471875 0.7481481481481481 0.4783854166666667 0.7712962962962963 0.48489583333333336 0.7810185185185186 0.48776041666666664 0.7935185185185185 0.48776041666666664 0.8041666666666667 0.4903645833333333 0.8333333333333334 0.49453125 0.8495370370370371 0.5005208333333333 0.8652777777777778 0.5125 0.8870370370370371 0.5205729166666667 0.8962962962962963 0.5325520833333334 0.9060185185185186 0.5440104166666667 0.9120370370370371 0.5567708333333333 0.9157407407407407 0.5734375 0.9148148148148149 0.5958333333333333 0.9064814814814814 0.6111979166666667 0.8953703703703704 0.62265625 0.8787037037037037 0.6317708333333333 0.8606481481481482 0.6390625 0.8430555555555556 0.6403645833333333 0.825925925925926 0.6515625 0.8083333333333333 0.6544270833333333 0.8106481481481481 0.6622395833333333 0.8111111111111111 0.6671875 0.8148148148148148 0.671875 0.8148148148148148 0.6783854166666666 0.812962962962963 0.6872395833333333 0.8074074074074075 0.6947916666666667 0.8013888888888889 0.6997395833333333 0.7930555555555555 0.7046875 0.7805555555555556 0.7075520833333333 0.7662037037037037 0.7096354166666666 0.7236111111111111 0.70703125 0.7097222222222223 0.6997395833333333 0.7027777777777777 0.6609375 0.6851851851851852 0.6580729166666667 0.6606481481481481 0.6528645833333333 0.6430555555555556 0.63828125 0.6157407407407407 0.6151041666666667 0.5925925925925926 0.5984375 0.5828703703703704 0.5734375 0.575 0.5557291666666667 0.575 0.5395833333333333 0.5782407407407407 0.5151041666666667 0.5902777777777778 0.5033854166666667 0.5995370370370371 0.4953125 0.6097222222222223 0.4903645833333333 0.6125 0.4783854166666667 0.6074074074074074 0.4669270833333333 0.6050925925925926 0.46328125 0.6023148148148149 0.44947916666666665 0.6018518518518519 0.44427083333333334 0.6055555555555555 0.43854166666666666 0.6138888888888889 0.43333333333333335 0.6277777777777778
0 0.6252604166666667 0.5458333333333333 0.625 0.5606481481481481 0.6299479166666667 0.5768518518518518 0.6428361979166667 0.6052967592592593 0.67101796875 0.6142157407407407 0.6756505208333333 0.6258791666666667 0.6748783854166667 0.6931152777777777 0.7030601562500001 0.7047787037037037 0.7092369791666666 0.7150699074074074 0.7084648437500001 0.7582930555555556 0.7182291666666667 0.7685185185185185 0.7341145833333333 0.7782407407407408 0.74140625 0.7791666666666667 0.74453125 0.7763888888888889 0.7513020833333334 0.749537037037037 0.7536458333333333 0.7444444444444445 0.7591145833333334 0.7388888888888889 0.7661458333333333 0.737037037037037 0.8 0.749537037037037 0.8041666666666667 0.75 0.8104166666666667 0.7467592592592592 0.8145833333333333 0.7375 0.815625 0.7282407407407407 0.8174479166666667 0.7236111111111111 0.8197916666666667 0.6962962962962963 0.8216145833333334 0.6921296296296297 0.8229166666666666 0.6796296296296296 0.8265625 0.674074074074074 0.8307291666666666 0.6708333333333333 0.83515625 0.6736111111111112 0.8421875 0.674537037037037 0.8567708333333334 0.6828703703703703 0.8627604166666667 0.6837962962962963 0.8744791666666667 0.6763888888888889 0.8848958333333333 0.6652777777777777 0.8921875 0.6537037037037037 0.8950520833333333 0.6439814814814815 0.896875 0.5967592592592592 0.8942708333333333 0.5879629629629629 0.8869791666666667 0.5814814814814815 0.8666666666666667 0.5708333333333333 0.8458333333333333 0.5638888888888889 0.8432291666666667 0.5606481481481481 0.8401041666666667 0.55 0.83515625 0.5398148148148149 0.8190104166666666 0.5148148148148148 0.796875 0.49398148148148147 0.7768229166666667 0.4824074074074074 0.75 0.475462962962963 0.7265625 0.47685185185185186 0.7018229166666666 0.48657407407407405 0.6875 0.4981481481481482 0.6815104166666667 0.5078703703703704 0.6794270833333333 0.5087962962962963 0.66875 0.5074074074074074 0.65859375 0.5013888888888889 0.6518229166666667 0.5 0.6369791666666667 0.5009259259259259 0.63359375 0.5032407407407408 0.6299479166666667 0.513425925925926 0.62734375 0.5259259259259259
0 0.7458333333333333 0.7759259259259259 0.7471354166666667 0.7805555555555556 0.7432291666666667 0.7962962962962963 0.7442708333333333 0.8078703703703703 0.74375 0.8240740740740741 0.7473958333333334 0.8375 0.7549479166666667 0.8560185185185185 0.7614583333333333 0.8634259259259259 0.7643229166666666 0.8703703703703703 0.7684895833333333 0.8731481481481481 0.7799479166666666 0.8814814814814815 0.79609375 0.887962962962963 0.8010416666666667 0.887962962962963 0.8044270833333333 0.8935185185185185 0.803125 0.9148148148148149 0.8 0.9287037037037037 0.7994791666666666 0.9495370370370371 0.8005208333333333 0.9564814814814815 0.80390625 0.9717592592592592 0.8049479166666667 0.9847222222222223 0.8138020833333334 0.999537037037037 0.9997395833333333 0.999537037037037 0.9997395833333333 0.7851851851851852 0.9953125 0.7819444444444444 0.9854166666666667 0.7657407407407407 0.9635416666666666 0.7439814814814815 0.94453125 0.7296296296296296 0.92109375 0.7152777777777778 0.8947916666666667 0.7078703703703704 0.8684895833333334 0.7078703703703704 0.8486979166666667 0.712037037037037 0.83125 0.7226851851851852 0.8145833333333333 0.7416666666666667 0.8104166666666667 0.7518518518518519 0.80703125 0.7555555555555555 0.79921875 0.7513888888888889 0.7924479166666667 0.7518518518518519 0.78984375 0.7472222222222222 0.7729166666666667 0.7402777777777778 0.75859375 0.7402777777777778 0.7549479166666667 0.7444444444444445 0.74765625 0.7648148148148148