1 0.1984375 0.19166666666666668 0.19817708333333334 0.19583333333333333 0.20286458333333332 0.2162037037037037 0.20286458333333332 0.22777777777777777 0.20390625 0.2337962962962963 0.20625 0.23796296296296296 0.20989583333333334 0.24027777777777778 0.21692708333333333 0.24305555555555555 0.21901041666666668 0.2412037037037037 0.22447916666666667 0.2310185185185185 0.22682291666666668 0.22361111111111112 0.22395833333333334 0.21296296296296297 0.22109375 0.20879629629629629 0.21536458333333333 0.18564814814814815 0.2125 0.1824074074074074 0.20651041666666667 0.1824074074074074 0.20260416666666667 0.18518518518518517
1 0.5338541666666666 0.1537037037037037 0.5338541666666666 0.17083333333333334 0.53125 0.1824074074074074 0.53203125 0.19490740740740742 0.5393229166666667 0.20416666666666666 0.5505208333333333 0.2 0.5526041666666667 0.19537037037037036 0.55390625 0.1875 0.5513020833333333 0.17453703703703705 0.55 0.15046296296296297 0.5466145833333333 0.14583333333333334 0.5395833333333333 0.14537037037037037 0.5361979166666667 0.1476851851851852
1 0.3690104166666667 0.38055555555555554 0.3703125 0.40694444444444444 0.3690104166666667 0.42268518518518516 0.37005208333333334 0.42824074074074076 0.3796875 0.4393518518518518 0.38359375 0.4398148148148148 0.38697916666666665 0.4375 0.39427083333333335 0.42685185185185187 0.3966145833333333 0.4185185185185185 0.39114583333333336 0.39537037037037037 0.38828125 0.37453703703703706 0.38333333333333336 0.3699074074074074 0.37734375 0.3699074074074074 0.3729166666666667 0.3726851851851852
1 0.7416666666666667 0.3523148148148148 0.7411458333333333 0.3560185185185185 0.7427083333333333 0.3625 0.7479166666666667 0.37407407407407406 0.7518229166666667 0.37962962962962965 0.759375 0.3800925925925926 0.7627604166666667 0.3773148148148148 0.7658854166666667 0.3736111111111111 0.7682291666666666 0.36574074074074076 0.7682291666666666 0.3509259259259259 0.7723958333333333 0.3314814814814815 0.7723958333333333 0.324537037037037 0.7692708333333333 0.31805555555555554 0.7658854166666667 0.3148148148148148 0.7583333333333333 0.31342592592592594 0.7549479166666667 0.31527777777777777 0.7528645833333333 0.3199074074074074 0.7484375 0.3384259259259259
1 0.8416666666666667 0.10787037037037037 0.8403645833333333 0.11990740740740741 0.8341145833333333 0.1439814814814815 0.8346354166666666 0.14675925925925926 0.8372395833333334 0.15324074074074073 0.8442708333333333 0.15925925925925927 0.8567708333333334 0.1527777777777778 0.85859375 0.1476851851851852 0.8580729166666666 0.12314814814814815 0.8598958333333333 0.1087962962962963 0.8559895833333333 0.1037037037037037 0.8520833333333333 0.10231481481481482 0.8450520833333334 0.10324074074074074
2 0.26860494791666667 0.2430699074074074 0.277278125 0.2414935185185185 0.2794388020833333 0.2338125 0.2765578125 0.2018074074074074 0.2733169270833333 0.1986064814814815 0.26827552083333334 0.19924675925925925 0.2646744791666667 0.20500787037037038 0.265034375 0.23765324074074076
2 0.4401463541666667 0.43111805555555555 0.44616770833333336 0.43352546296296296 0.45300963541666667 0.42968472222222226 0.45444999999999997 0.3906384259259259 0.45192942708333333 0.38487731481481485 0.44760807291666665 0.38231666666666664 0.4429265625 0.3874375 0.4404059895833334 0.39703935185185185
2 0.5887096354166667 0.20715046296296297 0.5963317708333334 0.20820833333333333 0.6010130208333333 0.20500787037037038 0.6035338541666667 0.17044212962962962 0.6013731770833334 0.1640412037037037 0.5948911458333334 0.16340092592592595 0.5912901041666667 0.16916203703703703 0.5862486979166667 0.20116712962962963
2 0.80422578125 0.37477407407407404 0.8107117187499999 0.37699027777777777 0.8153932291666667 0.3744300925925926 0.8197143229166667 0.36162777777777777 0.8207947916666666 0.3526666666666667 0.8243958333333333 0.3334634259259259 0.82223515625 0.32834259259259263 0.81683359375 0.32706250000000003 0.8128723958333333 0.3315430555555556 0.8024294270833334 0.3635481481481482
2 0.8870541666666667 0.15807453703703703 0.8935359374999999 0.1625550925925926 0.9021786458333333 0.13567083333333332 0.9039791666666667 0.12542916666666667 0.8996578125 0.11902824074074074 0.89425625 0.11902824074074074 0.8866940104166667 0.14015138888888887 0.8830929687500001 0.15359398148148148
0 0.21848958333333332 0.4703703703703704 0.21588541666666666 0.5013888888888889 0.21640625 0.5162037037037037 0.22084166666666669 0.5583703703703703 0.23072916666666668 0.5671296296296297 0.2500359375 0.5934337962962963 0.2918546875 0.5878236111111111 0.30447942708333336 0.6074592592592593 0.3242052083333334 0.6747819444444444 0.34817708333333336 0.7064814814814815 0.3575520833333333 0.7138888888888889 0.3697916666666667 0.7194444444444444 0.39114583333333336 0.7222222222222222 0.40572916666666664 0.7212962962962963 0.43255208333333334 0.7083333333333334 0.44479166666666664 0.6976851851851852 0.4583333333333333 0.6796296296296296 0.48011953125 0.6320060185185186 0.48406458333333335 0.5632810185185184 0.4951111979166667 0.532425 0.52825078125 0.5240097222222223 0.5447916666666667 0.4912037037037037 0.5484375 0.4773148148148148 0.5505208333333333 0.45416666666666666 0.5463541666666667 0.4115740740740741 0.5432291666666667 0.4013888888888889 0.5369791666666667 0.3939814814814815 0.48564270833333334 0.3977805555555556 0.46354973958333334 0.3641189814814815 0.43255208333333334 0.3449074074074074 0.4114583333333333 0.3388888888888889 0.38984375 0.3365740740740741 0.3578125 0.3449074074074074 0.3333333333333333 0.36018518518518516 0.29311796875 0.3977805555555556 0.2760739583333333 0.4433611111111111 0.22994791666666667 0.45601851851851855 0.2203125 0.46620370370370373
0 0.19244791666666666 0.899537037037037 0.19192708333333333 0.9115740740740741 0.19453125 0.9152777777777777 0.20208333333333334 0.9148148148148149 0.20546875 0.9120370370370371 0.20729166666666668 0.9078703703703703 0.20755208333333333 0.8981481481481481 0.20651041666666667 0.8939814814814815 0.2046875 0.8925925925925926 0.19661458333333334 0.8921296296296296 0.19427083333333334 0.8939814814814815
0 0.5932291666666667 0.4148148148148148 0.59296875 0.4287037037037037 0.5955729166666667 0.46805555555555556 0.5992638020833333 0.48894583333333336 0.61820078125 0.5226074074074074 0.6363484375 0.5282175925925926 0.6466059895833334 0.5226074074074074 0.6505513020833333 0.5660861111111112 0.6734375 0.6134259259259259 0.7052083333333333 0.6449074074074074 0.734375 0.6574074074074074 0.7619791666666667 0.6527777777777778 0.7794270833333333 0.6425925925925926 0.7927083333333333 0.6300925925925925 0.80390625 0.6097222222222223 0.8201940104166667 0.5534634259259259 0.84465390625 0.5268148148148148 0.8564895833333334 0.48894583333333336 0.8557005208333333 0.4777254629629629 0.8754265625 0.4721152777777778 0.8967304687500001 0.44125925925925924 0.9 0.40879629629629627 0.9013020833333333 0.4050925925925926 0.9077768229166666 0.38515740740740745 0.89199609375 0.3416782407407407 0.8343966145833334 0.3444833333333333 0.8099364583333333 0.3150300925925926 0.7872395833333333 0.30277777777777776 0.7692708333333333 0.2935185185185185 0.7526041666666666 0.2884259259259259 0.7278645833333334 0.28703703703703703 0.6989583333333333 0.2935185185185185 0.6807291666666667 0.30416666666666664 0.6697916666666667 0.3143518518518518 0.6450278645833334 0.3430810185185185 0.6398184895833333 0.3768787037037037 0.5987885416666666 0.39230648148148145
0 0.06895052083333333 0.2957236111111111 0.07109375 0.3074074074074074 0.07447916666666667 0.3282407407407407 0.07596041666666667 0.3401148148148148 0.08340859375 0.3533541666666667 0.09304739583333334 0.36347824074074075 0.09699036458333334 0.3681509259259259 0.10312421875000001 0.3736023148148148 0.11276276041666668 0.37905416666666664 0.11845859375 0.37671759259259263 0.12694505208333334 0.37126851851851855 0.13411458333333334 0.36898148148148147 0.15390625 0.39351851851851855 0.16197916666666667 0.41805555555555557 0.16276041666666666 0.425462962962963 0.17057291666666666 0.4532407407407407 0.1796875 0.4722222222222222 0.19270833333333334 0.49027777777777776 0.20364583333333333 0.49675925925925923 0.21328125 0.49953703703703706 0.21536458333333333 0.4949074074074074 0.21588541666666666 0.48055555555555557 0.21953125 0.4648148148148148 0.2265625 0.4550925925925926 0.24791666666666667 0.44814814814814813 0.2518229166666667 0.45 0.25546875 0.44583333333333336 0.2598958333333333 0.44675925925925924 0.2765625 0.44074074074074077 0.2799479166666667 0.4356481481481482 0.28177083333333336 0.4273148148148148 0.2859375 0.41759259259259257 0.29661458333333335 0.39814814814814814 0.3173666666666667 0.3728236111111111 0.3156140625 0.3401148148148148 0.34759713541666665 0.33466296296296294 0.3585502604166667 0.3144148148148148 0.36614583333333334 0.2916666666666667 0.36744791666666665 0.2851851851851852 0.36796875 0.26851851851851855 0.36380208333333336 0.23148148148148148 0.359375 0.21944444444444444 0.35052083333333334 0.21712962962962962 0.31701380208333335 0.22083333333333333 0.3111979166666667 0.21805555555555556 0.30755208333333334 0.20972222222222223 0.29739583333333336 0.19537037037037036 0.27630208333333334 0.18055555555555555 0.2513020833333333 0.17175925925925925 0.23020833333333332 0.17083333333333334 0.20989583333333334 0.17407407407407408 0.19166666666666668 0.18194444444444444 0.17213541666666668 0.19537037037037036 0.1515625 0.21666666666666667 0.14036458333333332 0.2324074074074074 0.134375 0.24583333333333332 0.12552083333333333 0.24814814814814815 0.09699036458333334 0.25211203703703705 0.08778984375 0.25366944444444445 0.07815104166666667 0.25912083333333336 0.07026484375 0.27625416666666663
0 0.4013848958333333 0.23070277777777776 0.4024265625 0.28116574074074074 0.40841614583333335 0.29829537037037035 0.41987447916666665 0.3168138888888889 0.43330208333333337 0.32950833333333335 0.45827526041666666 0.32561435185185184 0.4613421875 0.3606597222222222 0.48543880208333334 0.39648379629629626 0.50471640625 0.3949263888888889 0.5336325520833333 0.3910324074074074 0.5409682291666668 0.3932027777777778 0.5438328125 0.4001472222222222 0.5532078125000001 0.4432027777777778 0.5524265625000001 0.4487583333333333 0.5615411458333334 0.4501472222222222 0.5743015625000001 0.4450546296296296 0.5910265625 0.43542314814814814 0.5919028645833334 0.4120597222222222 0.5967223958333334 0.39570509259259257 0.6094278645833333 0.3879171296296296 0.6159997395833333 0.32483564814814814 0.6269528645833333 0.30458703703703705 0.6488591145833333 0.30302962962962965 0.6611263020833333 0.2944629629629629 0.6719578125000001 0.27098055555555556 0.6758640625000001 0.2612583333333333 0.6779473958333334 0.25107314814814813 0.6787286458333334 0.22236944444444443 0.6758640625000001 0.20523981481481482 0.6714369791666667 0.19505462962962963 0.6612807291666667 0.18486944444444445 0.6584161458333334 0.18625833333333333 0.6466973958333334 0.1839435185185185 0.6435723958333334 0.18579537037037036 0.6245619791666667 0.18764722222222222 0.5985203125 0.16079537037037037 0.5909682291666667 0.15709166666666666 0.5847182291666667 0.14968425925925924 0.5607598958333334 0.13857314814814814 0.5420098958333334 0.13579537037037037 0.5180515625 0.13857314814814814 0.49409322916666665 0.14875833333333333 0.46831197916666667 0.1728324074074074 0.46284322916666665 0.1816287037037037 0.4618015625 0.18625833333333333 0.4469578125 0.20523981481481482 0.4110203125 0.21079537037037036 0.4039890625 0.2177398148148148
0 0.7026041666666667 0.2152777777777778 0.7028645833333333 0.22314814814814815 0.7127604166666667 0.2523148148148148 0.7247395833333333 0.2759259259259259 0.7312263020833334 0.28589629629629626 0.74765625 0.2851851851851852 0.7651041666666667 0.2902777777777778 0.7838541666666666 0.29907407407407405 0.7963541666666667 0.30787037037037035 0.8315104166666667 0.34305555555555556 0.8623140625 0.3402777777777778 0.8869791666666667 0.34074074074074073 0.89140625 0.33564814814814814 0.8947916666666667 0.32222222222222224 0.90200078125 0.2998273148148148 0.9212783854166666 0.2788 0.9304789062500001 0.2546578703703704 0.94362265625 0.24609120370370371 0.9528231770833333 0.2312939814814815 0.9604166666666667 0.2162037037037037 0.9640625 0.20324074074074075 0.96796875 0.17592592592592593 0.9682291666666667 0.1648148148148148 0.9598958333333333 0.1476851851851852 0.9494791666666667 0.13935185185185187 0.9081346354166667 0.14406990740740738 0.8818471354166667 0.11759120370370371 0.8518229166666667 0.10277777777777777 0.825 0.09861111111111111 0.8046875 0.1 0.7791666666666667 0.11018518518518519 0.771875 0.11481481481481481 0.7606770833333333 0.1259259259259259 0.7515625 0.14166666666666666 0.7471354166666667 0.1550925925925926 0.7450520833333333 0.1675925925925926 0.7366752604166666 0.1712962962962963 0.7239583333333334 0.17222222222222222 0.71328125 0.17777777777777778 0.7080729166666667 0.18888888888888888 0.7052083333333333 0.20787037037037037
0 0.92421875 0.3726851851851852 0.9231770833333334 0.38055555555555554 0.9244791666666666 0.3875 0.9598958333333333 0.5115740740740741 0.9669270833333333 0.5268518518518519 0.9877604166666667 0.5601851851851852 0.9950520833333333 0.5652777777777778 0.9997395833333333 0.5657407407407408 0.9997395833333333 0.27824074074074073 0.9877604166666667 0.28379629629629627 0.9783854166666667 0.29259259259259257 0.9684859375 0.3046083333333333 0.9598627604166666 0.33887083333333334 0.96493515625 0.3731333333333333 0.94261640625 0.3740351851851852 0.9284138020833334 0.3560023148148148