1 0.08673177083333333 0.40236064814814815 0.09041223958333333 0.4017671296296296 0.09359427083333333 0.39866527777777777 0.09564739583333333 0.3951981481481482 0.09554479166666667 0.3928263888888889 0.09154140625 0.3851625 0.08959088541666667 0.3787763888888889 0.08846171875 0.37640416666666665 0.08589557291666666 0.37494444444444447 0.08302135416666667 0.3753092592592593 0.07973645833333333 0.3776814814814815 0.0785046875 0.3806009259259259 0.07860729166666666 0.38333796296296296 0.080865625 0.3902717592592592 0.08127630208333333 0.3962930555555556 0.08127630208333333 0.3997601851851852 0.08281614583333334 0.4017671296296296
1 0.11259296875000001 0.45737083333333334 0.11586953125 0.4577847222222223 0.11864114583333334 0.45869675925925923 0.1197703125 0.46070416666666664 0.12202864583333332 0.46891481481481484 0.12592942708333335 0.47584861111111115 0.12695598958333335 0.47785601851851855 0.12675078125 0.48022777777777775 0.12449244791666667 0.4849722222222222 0.12192604166666668 0.48716157407407407 0.11987291666666668 0.48880370370370374 0.11597239583333334 0.4902634259259259 0.11361119791666667 0.4893513888888889 0.111353125 0.48679675925925925 0.11083984375 0.47603101851851853 0.10847890625 0.46672546296296297 0.10858151041666667 0.4632583333333333 0.10981328124999999 0.4599740740740741
1 0.24528723958333334 0.4043685185185185 0.24806588541666666 0.40366435185185184 0.2505294270833333 0.401475 0.2522744791666667 0.3992851851851852 0.25258255208333336 0.39654814814814815 0.24950286458333334 0.3881546296296296 0.24857916666666666 0.38304583333333336 0.24827109375 0.3797611111111111 0.24765520833333332 0.37830138888888887 0.24529427083333333 0.37757175925925923 0.24272786458333334 0.37793657407407405 0.2409828125 0.37866666666666665 0.2396484375 0.37994351851851854 0.238621875 0.38231574074074076 0.24036692708333335 0.3912564814814815 0.23985364583333332 0.4000152777777778 0.24077760416666666 0.4027523148148148 0.24283046875 0.40402916666666666
1 0.2998328125 0.4529537037037037 0.30247083333333336 0.453112962962963 0.30472916666666666 0.4556675925925926 0.3057557291666667 0.46552083333333333 0.30852734374999996 0.4724546296296296 0.30904036458333334 0.4751916666666667 0.30811666666666665 0.47756342592592593 0.30647421875 0.48066574074074075 0.30390781250000004 0.4817601851851852 0.3012390625 0.4828550925925926 0.2987752604166667 0.4828550925925926 0.2957984375 0.4813953703703704 0.29497734375 0.47847592592592597 0.29590104166666664 0.46990000000000004 0.2944640625 0.4593171296296296 0.29507994791666664 0.4562148148148148 0.29733828125 0.454025462962963
1 0.3967278645833333 0.4011560185185185 0.3996588541666667 0.4005050925925926 0.4020197916666667 0.39868009259259257 0.4030463541666667 0.39594351851851856 0.40273854166666667 0.3926587962962963 0.4011986979166667 0.38645509259259264 0.40078802083333337 0.3797037037037037 0.40037734375 0.37660185185185185 0.3989403645833333 0.37532453703703705 0.3965794270833333 0.37422962962962963 0.39421848958333333 0.37459444444444445 0.39216536458333334 0.37696666666666667 0.3917546875 0.3793388888888889 0.39216536458333334 0.38791481481481477 0.39093359375 0.39594351851851856 0.39134427083333334 0.398862962962963 0.39339713541666665 0.4008699074074074
1 0.4736341145833334 0.48226574074074074 0.47706041666666665 0.4814143518518519 0.4796268229166667 0.4786773148148148 0.4807559895833334 0.4753930555555555 0.4789080729166667 0.46626944444444446 0.47870286458333333 0.4573287037037037 0.47818958333333333 0.45459166666666667 0.47654713541666666 0.45240185185185183 0.47408359375 0.4516722222222222 0.47182526041666667 0.45221944444444445 0.469875 0.45349675925925925 0.4689510416666666 0.4562337962962963 0.4689510416666666 0.4666342592592592 0.4675138020833333 0.47283842592592595 0.46741119791666663 0.47557546296296294 0.4687458333333333 0.4783125 0.47069609375 0.4814143518518519
1 0.5437624999999999 0.40041574074074077 0.5464315104166667 0.400050462962963 0.5487924479166666 0.39804351851851855 0.5498190104166666 0.39512407407407407 0.5485872395833333 0.38654814814814814 0.54899765625 0.3788842592592592 0.54899765625 0.3763300925925926 0.5482791666666667 0.374687962962963 0.54561015625 0.3730453703703704 0.5432492187500001 0.3730453703703704 0.5415041666666667 0.3743226851851852 0.5402723958333334 0.3768773148148148 0.53986171875 0.3852708333333333 0.5380140625000001 0.39348194444444445 0.5379114583333333 0.3954888888888889 0.5396565104166666 0.3982259259259259
1 0.6399817708333334 0.4770458333333334 0.64238984375 0.4767041666666667 0.645571875 0.47542685185185185 0.6473169270833333 0.472325 0.6460851562500001 0.4628365740740741 0.64741953125 0.4526185185185185 0.6470091145833333 0.45006388888888893 0.6445453125 0.44732685185185184 0.6411578124999999 0.4458671296296296 0.63828359375 0.446962037037037 0.6369492187500001 0.4496990740740741 0.6360252604166666 0.4590046296296296 0.6351015624999999 0.46247175925925926 0.6340749999999999 0.4664861111111111 0.6343830729166666 0.47086527777777776 0.6357174479166667 0.47414953703703705
1 0.6833471354166666 0.3957351851851852 0.6865296875 0.3960537037037037 0.6889932291666666 0.3951412037037037 0.6905330729166667 0.39295185185185183 0.690225 0.3843759259259259 0.6913541666666667 0.3763472222222222 0.6912515625 0.3741574074074074 0.6899171875000001 0.37196805555555557 0.6885825520833334 0.37087314814814815 0.6862216145833333 0.37050833333333333 0.6844765625 0.37069074074074077 0.6826289062500001 0.37288009259259264 0.6816023437500001 0.3794490740740741 0.6800627604166666 0.3847407407407407 0.6794466145833333 0.388025 0.6798572916666666 0.3909444444444445 0.6809864583333333 0.39368148148148147
2 0.11066458333333333 0.3905356481481482 0.1124234375 0.40791481481481484 0.11591822916666666 0.40899537037037037 0.11971692708333334 0.4071046296296296 0.11819765625 0.3963009259259259 0.11682994791666666 0.38900833333333334 0.11455078125 0.38765787037037036 0.111815625 0.3884680555555556
2 0.14576953125 0.47374675925925924 0.14676380208333334 0.48948379629629635 0.14797942708333334 0.4948856481481481 0.15314583333333334 0.4943458333333334 0.1560328125 0.4916449074074074 0.15268984375 0.47354814814814816 0.15086640625 0.4708472222222222 0.14813151041666667 0.4708472222222222
2 0.26913776041666665 0.3902384259259259 0.2686265625 0.39495046296296293 0.26923437499999997 0.40872546296296297 0.27090572916666666 0.4106162037037037 0.27440078125 0.4108861111111111 0.27576822916666666 0.40818518518518515 0.27455260416666666 0.39197916666666666 0.27348906250000005 0.3898185185185185 0.27090572916666666 0.38927824074074074 0.26893046875 0.3895486111111111
2 0.3284815104166666 0.46899212962962966 0.327871875 0.48281527777777783 0.32832786458333335 0.4855162037037037 0.33182265625 0.4876768518518519 0.3348614583333333 0.48632638888888885 0.33425390625 0.4763328703703703 0.3345578125 0.4693101851851852 0.3337979166666667 0.4663393518518519 0.33151875 0.4652587962962963 0.32984739583333333 0.4652587962962963
2 0.41975416666666665 0.38726666666666665 0.41873723958333336 0.40340694444444447 0.42025677083333335 0.405837962962963 0.4235994791666667 0.40664814814814815 0.4251190104166667 0.405837962962963 0.42542291666666665 0.38963194444444443 0.424359375 0.3861208333333333 0.421928125 0.3858509259259259
2 0.49999375 0.46572268518518517 0.4980544270833333 0.48173472222222224 0.49957369791666667 0.4849759259259259 0.5026127604166667 0.48686666666666667 0.5045880208333333 0.48470601851851847 0.5059557291666666 0.4676898148148148 0.5056518229166667 0.4652587962962963 0.5029166666666667 0.46390833333333337
2 0.5698690104166667 0.40420601851851856 0.57116484375 0.39238657407407407 0.57177265625 0.3869847222222222 0.5693414062500001 0.38482361111111113 0.5670622395833332 0.3853638888888889 0.5640231770833334 0.4010296296296296 0.5644791666666666 0.40562129629629634 0.5672140625 0.40724166666666667
2 0.7092851562500001 0.40242268518518515 0.7119294270833334 0.3905740740740741 0.7123854166666667 0.3854421296296296 0.71101796875 0.3827412037037037 0.7084346354166667 0.3822009259259259 0.7050919270833333 0.39003379629629625 0.70372421875 0.3981365740740741 0.7053958333333333 0.4011078703703704
2 0.6718401041666666 0.464237037037037 0.671359375 0.4599884259259259 0.6696877604166667 0.4575578703703704 0.666496875 0.4575578703703704 0.6614825520833333 0.4721430555555555 0.6622424479166666 0.47673472222222224 0.66558515625 0.479975462962963 0.66862421875 0.4791652777777778
0 0.03984375 0.5078703703703704 0.03958333333333333 0.5152777777777777 0.045572916666666664 0.5277777777777778 0.04895833333333333 0.5314814814814814 0.05531119791666667 0.5423041666666667 0.0620546875 0.5425893518518519 0.06751380208333332 0.5608518518518518 0.07345468749999999 0.5696972222222223 0.08051927083333334 0.5748337962962964 0.08629947916666666 0.577687037037037 0.10222812499999999 0.6204180555555556 0.11380208333333333 0.6277777777777778 0.13020833333333334 0.6300925925925925 0.14088541666666668 0.6282407407407408 0.15442708333333333 0.6226851851851852 0.16536458333333334 0.6148148148148148 0.17760416666666667 0.5986111111111111 0.18385416666666668 0.5879629629629629 0.18697916666666667 0.5782407407407407 0.19114583333333332 0.5532407407407407 0.19427083333333334 0.5449074074074074 0.19973958333333333 0.5361111111111111 0.2078125 0.5157407407407407 0.21015625 0.5060185185185185 0.21015625 0.49907407407407406 0.20338541666666668 0.487962962962963 0.18359375 0.4847222222222222 0.18229166666666666 0.475 0.17942708333333332 0.4666666666666667 0.17161458333333332 0.4583333333333333 0.16432291666666668 0.45416666666666666 0.14244791666666667 0.45185185185185184 0.13020833333333334 0.4532407407407407 0.1171875 0.45925925925925926 0.1125 0.45925925925925926 0.10989583333333333 0.46296296296296297 0.09088541666666666 0.475462962962963 0.08116145833333334 0.48666111111111116 0.07313359375 0.4863759259259259 0.06744791666666666 0.48657407407407405 0.06301796875 0.4875171296296296 0.05677083333333333 0.48842592592592593 0.04953072916666667 0.48951481481481485 0.045516666666666664 0.4929388888888889 0.04053932291666666 0.5029259259259259
0 0.019791666666666666 0.41574074074074074 0.0234375 0.43472222222222223 0.029166666666666667 0.4462962962962963 0.03802083333333333 0.4527777777777778 0.04348958333333333 0.45925925925925926 0.046614583333333334 0.4666666666666667 0.05364583333333333 0.4740740740740741 0.059375 0.47638888888888886 0.0671875 0.4842592592592593 0.07369791666666667 0.48657407407407405 0.08151041666666667 0.4847222222222222 0.11692708333333333 0.45787037037037037 0.11953125 0.45787037037037037 0.13020833333333334 0.45046296296296295 0.140625 0.44722222222222224 0.14739583333333334 0.45 0.153125 0.4486111111111111 0.16119791666666666 0.43842592592592594 0.16484375 0.43194444444444446 0.16666666666666666 0.425 0.16588541666666667 0.41759259259259257 0.16328125 0.4078703703703704 0.16145833333333334 0.4050925925925926 0.14635416666666667 0.40046296296296297 0.14505208333333333 0.3939814814814815 0.14114583333333333 0.3861111111111111 0.13020833333333334 0.37916666666666665 0.11927083333333334 0.3763888888888889 0.10052083333333334 0.3773148148148148 0.09296875 0.37962962962962965 0.07916666666666666 0.38456805555555557 0.05703125 0.40046296296296297 0.03515625 0.4009259259259259 0.02578125 0.4060185185185185
0 0.22447916666666667 0.49675925925925923 0.225 0.5092592592592593 0.22708333333333333 0.5222222222222223 0.23108984375 0.534175 0.23776041666666667 0.5430555555555555 0.25364583333333335 0.5481481481481482 0.26276041666666666 0.5587962962962963 0.26640625 0.5643518518518519 0.27265625 0.5935185185185186 0.2765625 0.6041666666666666 0.2838541666666667 0.6138888888888889 0.29453125 0.6208333333333333 0.31171875 0.6217592592592592 0.31796875 0.6203703703703703 0.32916666666666666 0.6143518518518518 0.34088541666666666 0.6023148148148149 0.3497395833333333 0.5884259259259259 0.35390625 0.5712962962962963 0.3536458333333333 0.5564814814814815 0.3545166666666667 0.5481462962962963 0.3547786458333333 0.5416263888888889 0.366046875 0.5411606481481481 0.36953125 0.5361111111111111 0.3729166666666667 0.5305555555555556 0.37786458333333334 0.5305555555555556 0.38203125 0.5259259259259259 0.3796875 0.4875 0.37838541666666664 0.4824074074074074 0.37526041666666665 0.48009259259259257 0.359375 0.4787037037037037 0.3546875 0.47638888888888886 0.34921875 0.4634259259259259 0.33828125 0.45185185185185184 0.32135416666666666 0.4476851851851852 0.3046875 0.44814814814814813 0.2828125 0.45694444444444443 0.2669270833333333 0.4708333333333333 0.2598958333333333 0.48055555555555557 0.24244791666666668 0.4824074074074074 0.23098958333333333 0.4861111111111111 0.22760416666666666 0.48935185185185187
0 0.17890625 0.4166666666666667 0.18098958333333334 0.4351851851851852 0.18541666666666667 0.44583333333333336 0.19244791666666666 0.4537037037037037 0.2 0.4532407407407407 0.20494791666666667 0.4587962962962963 0.21432291666666667 0.47175925925925927 0.21744791666666666 0.4810185185185185 0.22005208333333334 0.49444444444444446 0.2242765625 0.5132175925925926 0.22453854166666665 0.49598657407407404 0.22846927083333332 0.48667222222222223 0.23449661458333332 0.4824805555555555 0.24895833333333334 0.48148148148148145 0.2513020833333333 0.4828703703703704 0.25833333333333336 0.48194444444444445 0.26145833333333335 0.4791666666666667 0.2693494791666666 0.4685092592592593 0.28690703125 0.45407222222222227 0.3106770833333333 0.44583333333333336 0.31484375 0.4398148148148148 0.3184895833333333 0.425 0.31666666666666665 0.41203703703703703 0.3145833333333333 0.4074074074074074 0.29907005208333337 0.40555555555555556 0.2950520833333333 0.40185185185185185 0.29401041666666666 0.3972222222222222 0.29010416666666666 0.3912037037037037 0.28359375 0.3851851851851852 0.27317708333333335 0.37962962962962965 0.26276041666666666 0.37777777777777777 0.24140625 0.37824074074074077 0.23880208333333333 0.3814814814814815 0.22057291666666667 0.3925925925925926 0.21091171874999998 0.40191203703703704 0.19739583333333333 0.4009259259259259 0.18567708333333333 0.4023148148148148 0.18125 0.4083333333333333
0 0.33177083333333335 0.41898148148148145 0.33203125 0.4287037037037037 0.33187656249999997 0.4397513888888889 0.34419296875 0.45698287037037033 0.36122630208333334 0.45651712962962965 0.36541927083333337 0.47840555555555553 0.37642526041666663 0.4788712962962963 0.3806182291666667 0.4835287037037037 0.3809895833333333 0.4986111111111111 0.3815104166666667 0.5111111111111111 0.384375 0.5194444444444445 0.39401041666666664 0.5259259259259259 0.39739583333333334 0.5254629629629629 0.39817708333333335 0.5226851851851851 0.39947916666666666 0.4930555555555556 0.4009765625 0.4866898148148148 0.40390625 0.48148148148148145 0.40729166666666666 0.4787037037037037 0.4122395833333333 0.47962962962962963 0.42578125 0.47685185185185186 0.42864583333333334 0.47453703703703703 0.4359375 0.4648148148148148 0.43828125 0.4537037037037037 0.4490138020833333 0.4537226851851852 0.4550411458333333 0.4499972222222222 0.46211640625 0.43835416666666666 0.4635416666666667 0.4273148148148148 0.46328125 0.41805555555555557 0.46211640625 0.40109675925925925 0.44765625 0.4 0.4395799479166667 0.3997 0.43224244791666666 0.3875912037037037 0.4205729166666667 0.37962962962962965 0.40546875 0.375 0.39479166666666665 0.375 0.37552083333333336 0.38333333333333336 0.35965390625 0.3997 0.35022005208333334 0.3987685185185185 0.34235859375 0.4038912037037037 0.3347591145833333 0.4076171296296296
0 0.39869791666666665 0.5023148148148148 0.3984375 0.5259259259259259 0.4 0.5300925925925926 0.4119791666666667 0.5407407407407407 0.42109375 0.5421296296296296 0.42552083333333335 0.5407407407407407 0.4317708333333333 0.5449074074074074 0.43385416666666665 0.5537037037037037 0.43411458333333336 0.5689814814814815 0.4361979166666667 0.5837962962962963 0.44192708333333336 0.5995370370370371 0.4440104166666667 0.6037037037037037 0.45364583333333336 0.6129629629629629 0.4661458333333333 0.6189814814814815 0.4791666666666667 0.6189814814814815 0.4869791666666667 0.6166666666666667 0.5026041666666666 0.6037037037037037 0.5104166666666666 0.5851851851851851 0.5130208333333334 0.5486111111111112 0.51484375 0.5421296296296296 0.5205208333333333 0.5370370370370371 0.5333333333333333 0.537962962962963 0.5359375 0.5365740740740741 0.5395833333333333 0.5310185185185186 0.5455729166666666 0.5273148148148148 0.5484375 0.5189814814814815 0.54609375 0.48703703703703705 0.54375 0.48148148148148145 0.5372395833333333 0.47824074074074074 0.5265625 0.47824074074074074 0.5223958333333333 0.48055555555555557 0.51796875 0.4787037037037037 0.5166666666666667 0.4736111111111111 0.5119791666666667 0.46620370370370373 0.5049479166666667 0.45925925925925926 0.49765625 0.4532407407407407 0.48072916666666665 0.4462962962962963 0.45651041666666664 0.44907407407407407 0.440625 0.45787037037037037 0.43359375 0.4699074074074074 0.425 0.47962962962962963 0.40729166666666666 0.48009259259259257 0.4005208333333333 0.48703703703703705
0 0.4786458333333333 0.41574074074074074 0.4791666666666667 0.4324074074074074 0.48754921875 0.44929861111111113 0.49488671875 0.4530240740740741 0.5043205729166667 0.4544212962962963 0.5056307291666667 0.4600097222222222 0.5148026041666667 0.4688583333333334 0.5195195312499999 0.47817268518518524 0.5381252604166666 0.47724120370370365 0.5452007812499999 0.47956990740740746 0.5475591145833333 0.4930754629629629 0.5486979166666667 0.5092592592592593 0.5502604166666667 0.5148148148148148 0.55234375 0.5152777777777777 0.5580729166666667 0.513425925925926 0.5630208333333333 0.5083333333333333 0.56640625 0.48333333333333334 0.5716145833333334 0.4736111111111111 0.5760416666666667 0.4564814814814815 0.57734375 0.45416666666666666 0.5847221354166667 0.45092592592592595 0.59375 0.45046296296296295 0.5984375 0.44675925925925924 0.6041666666666666 0.4356481481481482 0.60625 0.41944444444444445 0.6052083333333333 0.4083333333333333 0.6013020833333333 0.4009259259259259 0.5919270833333333 0.39861111111111114 0.5825520833333333 0.40046296296296297 0.56875 0.3851851851851852 0.5544270833333333 0.3763888888888889 0.5466145833333333 0.37407407407407406 0.5223958333333333 0.37777777777777777 0.5072916666666667 0.38935185185185184 0.5044270833333333 0.39444444444444443 0.49947916666666664 0.3972222222222222 0.4859375 0.3990740740740741 0.48046875 0.4041666666666667
0 0.5653645833333333 0.49953703703703706 0.5651041666666666 0.5120370370370371 0.5684895833333333 0.5291666666666667 0.5815104166666667 0.5365740740740741 0.58515625 0.5337962962962963 0.5869791666666667 0.5361111111111111 0.5910591145833333 0.5365740740740741 0.59453125 0.5421296296296296 0.5921875 0.5537037037037037 0.5924479166666666 0.5671296296296297 0.5971354166666667 0.5819444444444445 0.6033854166666667 0.5925925925925926 0.61171875 0.6027777777777777 0.6231770833333333 0.6101851851851852 0.6408854166666667 0.6111111111111112 0.6544270833333333 0.6050925925925926 0.66484375 0.5902777777777778 0.6738684895833333 0.5517555555555556 0.68146796875 0.5410444444444444 0.6859229166666666 0.5307986111111112 0.6953567708333334 0.5312643518518518 0.7013838541666666 0.5214842592592592 0.7065104166666667 0.5069444444444444 0.7091145833333333 0.4962962962962963 0.7091145833333333 0.4875 0.7057291666666666 0.47685185185185186 0.70078125 0.4722222222222222 0.6901041666666666 0.4699074074074074 0.6791666666666667 0.4722222222222222 0.6721354166666667 0.4666666666666667 0.66862734375 0.46094120370370373 0.6546875 0.45046296296296295 0.6460908854166667 0.4446412037037037 0.63359375 0.44212962962962965 0.62578125 0.44212962962962965 0.6158854166666666 0.4439814814814815 0.5979166666666667 0.45416666666666666 0.5908854166666667 0.46574074074074073 0.5895833333333333 0.4722222222222222 0.5815104166666667 0.47685185185185186 0.57109375 0.4773148148148148 0.5669270833333333 0.48564814814814816
0 0.61875 0.40185185185185185 0.6174479166666667 0.4111111111111111 0.6177083333333333 0.41805555555555557 0.6229166666666667 0.4337962962962963 0.6265625 0.4388888888888889 0.6322916666666667 0.44027777777777777 0.6442565104166668 0.4446412037037037 0.6570971354166667 0.45069537037037033 0.6765625 0.46944444444444444 0.6942708333333333 0.4689814814814815 0.7065104166666667 0.475 0.7151041666666667 0.45555555555555555 0.7220861979166667 0.45069537037037033 0.7296856770833333 0.4497643518518518 0.7375471354166667 0.4460384259259259 0.7435744791666666 0.4353268518518519 0.7455729166666667 0.41574074074074074 0.7447916666666666 0.4101851851851852 0.7393229166666667 0.40046296296296297 0.7346354166666667 0.39861111111111114 0.7182291666666667 0.39861111111111114 0.7119791666666667 0.3921296296296296 0.70546875 0.3824074074074074 0.7033854166666667 0.3800925925925926 0.6916666666666667 0.37592592592592594 0.67963359375 0.37245555555555554 0.66484375 0.3712962962962963 0.6513020833333333 0.3763888888888889 0.64375 0.38287037037037036 0.6403645833333333 0.3907407407407407 0.6372395833333333 0.39305555555555555 0.6265625 0.39166666666666666 0.6203125 0.39675925925925926