1 0.91897890625 0.5465032407407406 0.9152695312500001 0.5225990740740741 0.91696953125 0.49979351851851855 0.9160421875 0.49429861111111106 0.9118692708333334 0.4896273148148148 0.90615078125 0.48687962962962966 0.9012052083333334 0.4863300925925926 0.8939411458333333 0.4890777777777777 0.89085 0.4945731481481482 0.8891497395833333 0.5184777777777778 0.88250390625 0.5401837962962963 0.8832768229166666 0.5484268518518519 0.8865223958333334 0.5544712962962962 0.8902317708333333 0.5583180555555556 0.8957955729166667 0.5618902777777778 0.9015140625 0.5632638888888889 0.9084690104166667 0.5621648148148148 0.9141877604166667 0.5585930555555555 0.9172786458333333 0.5544712962962962
1 0.69889375 0.3442777777777778 0.7035304687499999 0.34537685185185185 0.7100216145833333 0.34262916666666665 0.71419453125 0.33548564814814813 0.7120307291666667 0.3135046296296296 0.7126489583333334 0.29152361111111114 0.7097125 0.2879513888888889 0.7056940104166666 0.28602824074074074 0.70167578125 0.2857532407407407 0.6965755208333333 0.2863027777777778 0.69425703125 0.289875 0.6927114583333334 0.3115810185185185 0.6883841145833334 0.33246296296296296 0.6894658854166666 0.33823333333333333 0.6927114583333334 0.3415300925925926 0.6965755208333333 0.3442777777777778
1 0.4686080729166667 0.4948481481481482 0.47030807291666665 0.47094351851851857 0.46829895833333335 0.4489625 0.46876276041666665 0.44566527777777776 0.47139010416666666 0.44099444444444447 0.47556302083333335 0.4379722222222222 0.48097239583333334 0.43632361111111106 0.48452708333333333 0.43687314814814815 0.48746380208333334 0.4390712962962963 0.48900911458333335 0.4437421296296296 0.49101848958333333 0.464074537037037 0.49750963541666665 0.48358287037037034 0.49689140625 0.49100138888888895 0.49287317708333334 0.4975953703703704 0.4883911458333333 0.5019916666666666 0.48329062500000003 0.5050143518518518 0.4766447916666667 0.5047393518518519 0.4723174479166667 0.5022666666666666
1 0.38422161458333337 0.30498657407407403 0.38932187500000004 0.3019643518518519 0.39164010416666667 0.2986671296296296 0.3934947916666667 0.29289722222222225 0.38700364583333335 0.274762962962963 0.3839125 0.2555296296296296 0.38128489583333336 0.25278194444444446 0.37726666666666664 0.2536060185185185 0.37216640624999997 0.25635370370370375 0.3687661458333333 0.26075000000000004 0.3678388020833333 0.26459675925925924 0.37092994791666667 0.28300555555555557 0.37108437499999997 0.303612962962963 0.37386640625 0.3066351851851852 0.378503125 0.30745972222222223
1 0.15409036458333333 0.44429166666666664 0.15980885416666668 0.44126898148148147 0.16583645833333333 0.4344 0.16707291666666665 0.4308282407407408 0.16722760416666665 0.4272564814814815 0.16042708333333333 0.40774814814814814 0.15609973958333334 0.38686620370370367 0.1539359375 0.38439305555555553 0.15038125000000002 0.3835689814814815 0.14466276041666667 0.38521759259259264 0.13956249999999998 0.3893388888888889 0.13708958333333332 0.3937351851851852 0.13724401041666667 0.39923055555555553 0.14064427083333333 0.41681527777777777 0.14126249999999999 0.4393458333333333 0.14450807291666665 0.44264305555555555 0.14899010416666666 0.4451157407407408
1 0.12704348958333334 0.2547050925925926 0.12364322916666667 0.2376699074074074 0.12101588541666668 0.23547175925925928 0.11792473958333334 0.23547175925925928 0.11267005208333333 0.2376699074074074 0.10988802083333334 0.24014259259259257 0.10787890625 0.24426435185185186 0.10818776041666665 0.2503087962962963 0.11081536458333334 0.2618490740740741 0.11096979166666668 0.28025833333333333 0.11390651041666668 0.28328055555555554 0.11916119791666667 0.28437962962962965 0.12457057291666666 0.28245601851851854 0.13168020833333333 0.2772356481481481 0.13353463541666669 0.2689930555555555
2 0.15889375 0.29588842592592596 0.16115755208333335 0.2994773148148148 0.16833619791666665 0.298262037037037 0.1709 0.2934009259259259 0.16953255208333334 0.2818555555555555 0.16645598958333335 0.26544953703703705 0.16560130208333332 0.2621074074074074 0.16184114583333334 0.25967685185185185 0.15688437500000002 0.2618037037037037 0.15585885416666667 0.2684875
2 0.1995421875 0.461762962962963 0.20313151041666666 0.4629787037037037 0.20791744791666666 0.46267453703703704 0.21219036458333335 0.46145925925925924 0.21560885416666667 0.45507916666666665 0.212703125 0.44019212962962967 0.21031041666666667 0.4216587962962963 0.20757552083333333 0.4195319444444444 0.20364427083333334 0.4174050925925926 0.1995421875 0.4192282407407407 0.1973203125 0.4253046296296296 0.19783307291666666 0.43897685185185187 0.19885859374999998 0.451737037037037
2 0.42384036458333335 0.3239689814814815 0.42679218750000003 0.32677962962962964 0.4336291666666667 0.3273875 0.43670572916666667 0.3225259259259259 0.43619296875 0.29822037037037036 0.43653463541666665 0.2891060185185185 0.43431276041666667 0.2857638888888889 0.43055260416666663 0.28424490740740743 0.42610859375000004 0.2863712962962963 0.4257666666666667 0.30308148148148145
2 0.5391080729166667 0.5201976851851852 0.5435315104166667 0.5230481481481482 0.54848828125 0.524263425925926 0.5534450520833333 0.5197060185185185 0.5537869791666666 0.5039074074074075 0.5548125 0.4832476851851852 0.5542997395833333 0.477475 0.55071015625 0.473525 0.54626640625 0.47230972222222223 0.5421643229166667 0.47625972222222224 0.5380619791666666 0.5105912037037037
2 0.7530960937500001 0.36074074074074075 0.7570078124999999 0.36391574074074073 0.7619645833333333 0.36391574074074073 0.7653830729166666 0.36118101851851847 0.76777578125 0.340825 0.7698270833333333 0.32654537037037035 0.7696559895833333 0.3219884259259259 0.76640859375 0.31864629629629626 0.76247734375 0.3174310185185185 0.7590588541666666 0.31955787037037037 0.7529057291666666 0.3459902777777778 0.7513674479166668 0.35480092592592594
2 0.9680244791666667 0.5766930555555555 0.9719434895833333 0.5838162037037037 0.978609375 0.5871578703703704 0.9851044270833333 0.5832083333333333 0.98937734375 0.5668018518518518 0.9951888020833334 0.5418888888888889 0.9943341145833333 0.5345972222222223 0.9895484375 0.5300398148148148 0.9818567708333333 0.5282166666666667 0.97313984375 0.5519148148148147 0.9673286458333333 0.5701439814814815
0 0.6942708333333333 0.6013888888888889 0.69375 0.6148148148148148 0.696875 0.6333333333333333 0.6989583333333333 0.6407407407407407 0.7072916666666667 0.6583333333333333 0.71171875 0.674074074074074 0.7140625 0.6782407407407407 0.728125 0.6875 0.7489583333333333 0.6907407407407408 0.7549479166666667 0.6930555555555555 0.7653645833333333 0.6930555555555555 0.76796875 0.6958333333333333 0.7723958333333333 0.6962962962962963 0.7752604166666667 0.6995370370370371 0.77109375 0.7101851851851851 0.7705729166666667 0.7208333333333333 0.7684895833333333 0.7305555555555555 0.7690104166666667 0.7412037037037037 0.7682291666666666 0.7462962962962963 0.7697916666666667 0.7722222222222223 0.7716145833333333 0.7861111111111111 0.77890625 0.812037037037037 0.7916666666666666 0.8407407407407408 0.80078125 0.8569444444444444 0.8044270833333333 0.8597222222222223 0.8122395833333333 0.8708333333333333 0.8278645833333333 0.887962962962963 0.8348958333333333 0.8921296296296296 0.8421875 0.899537037037037 0.84921875 0.9041666666666667 0.8661458333333333 0.9115740740740741 0.8809895833333333 0.9152777777777777 0.9098958333333333 0.9171296296296296 0.9299479166666667 0.9115740740740741 0.9494791666666667 0.899537037037037 0.9643229166666667 0.8824074074074074 0.97265625 0.8666666666666667 0.9872395833333333 0.8171296296296297 0.9888020833333333 0.8032407407407407 0.99375 0.7828703703703703 0.9973958333333334 0.774074074074074 0.9997395833333333 0.7731481481481481 0.9997395833333333 0.5680555555555555 0.99453125 0.5680555555555555 0.9919270833333333 0.5699074074074074 0.9890625 0.5680555555555555 0.9908854166666666 0.5597222222222222 0.9924479166666667 0.5583333333333333 0.9916666666666667 0.5537037037037037 0.9932291666666667 0.549537037037037 0.9932291666666667 0.5375 0.9888020833333333 0.5314814814814814 0.9815104166666667 0.5282407407407408 0.9799479166666667 0.5222222222222223 0.97578125 0.5171296296296296 0.9635416666666666 0.5078703703703704 0.96015625 0.5074074074074074 0.9572916666666667 0.500462962962963 0.9494791666666667 0.49907407407407406 0.9361979166666666 0.487962962962963 0.928125 0.48564814814814816 0.921875 0.48055555555555557 0.9182291666666667 0.48148148148148145 0.9169270833333333 0.4773148148148148 0.90078125 0.4740740740740741 0.86640625 0.46944444444444444 0.85546875 0.4703703703703704 0.85 0.4726851851851852 0.8497395833333333 0.4740740740740741 0.8458333333333333 0.4726851851851852 0.8427083333333333 0.47453703703703703 0.8380208333333333 0.4736111111111111 0.8278645833333333 0.48148148148148145 0.80703125 0.4912037037037037 0.7955729166666666 0.49953703703703706 0.7817708333333333 0.513425925925926 0.7713541666666667 0.5291666666666667 0.76953125 0.5342592592592592 0.7671875 0.5365740740740741 0.7440104166666667 0.5370370370370371 0.740625 0.5398148148148149 0.73515625 0.5351851851851852 0.7169270833333333 0.5333333333333333 0.7088541666666667 0.5361111111111111 0.7044270833333334 0.5407407407407407 0.70078125 0.549537037037037
0 0.3221354166666667 0.5254629629629629 0.3221354166666667 0.5361111111111111 0.32369791666666664 0.5462962962962963 0.32421875 0.5583333333333333 0.32526041666666666 0.5638888888888889 0.3328125 0.5745370370370371 0.33255208333333336 0.5819444444444445 0.33489583333333334 0.5916666666666667 0.3346354166666667 0.5953703703703703 0.3419270833333333 0.6087962962962963 0.35052083333333334 0.6203703703703703 0.35520833333333335 0.6226851851851852 0.35885416666666664 0.6212962962962963 0.3729166666666667 0.6226851851851852 0.37552083333333336 0.6273148148148148 0.378125 0.6375 0.3828125 0.6476851851851851 0.39739583333333334 0.6717592592592593 0.4010416666666667 0.6902777777777778 0.40390625 0.7157407407407408 0.409375 0.7481481481481481 0.4109375 0.7550925925925925 0.41692708333333334 0.7685185185185185 0.42552083333333335 0.7842592592592592 0.43020833333333336 0.788425925925926 0.4390625 0.8009259259259259 0.45390625 0.8125 0.4625 0.8166666666666667 0.47369791666666666 0.8194444444444444 0.48411458333333335 0.8212962962962963 0.50546875 0.8194444444444444 0.5263020833333333 0.8097222222222222 0.5286458333333334 0.8064814814814815 0.5359375 0.8037037037037037 0.5434895833333333 0.7986111111111112 0.5502604166666667 0.7870370370370371 0.55390625 0.7842592592592592 0.5567708333333333 0.7782407407407408 0.5611979166666666 0.7731481481481481 0.5703125 0.7550925925925925 0.5708333333333333 0.7513888888888889 0.5760416666666667 0.7398148148148148 0.5778645833333333 0.7305555555555555 0.5807291666666666 0.7236111111111111 0.5802083333333333 0.7203703703703703 0.58203125 0.7166666666666667 0.5828125 0.711574074074074 0.5817708333333333 0.6995370370370371 0.5828125 0.6856481481481481 0.5828125 0.6583333333333333 0.58515625 0.6564814814814814 0.5940104166666667 0.6560185185185186 0.6119791666666666 0.6597222222222222 0.6200520833333333 0.6597222222222222 0.6276041666666666 0.6546296296296297 0.6388020833333333 0.637962962962963 0.640625 0.6370370370370371 0.6526041666666667 0.6134259259259259 0.6552083333333333 0.6055555555555555 0.6572916666666667 0.586574074074074 0.6572916666666667 0.5638888888888889 0.6557291666666667 0.5513888888888889 0.6565104166666667 0.5361111111111111 0.6549479166666666 0.5300925925925926 0.65078125 0.5231481481481481 0.6447916666666667 0.5194444444444445 0.63515625 0.5185185185185185 0.62734375 0.5152777777777777 0.61953125 0.5148148148148148 0.61328125 0.5125 0.6057291666666667 0.513425925925926 0.5971354166666667 0.5115740740740741 0.5950520833333334 0.5087962962962963 0.5940104166666667 0.5018518518518519 0.5875 0.4842592592592593 0.5721354166666667 0.46296296296296297 0.55 0.4444444444444444 0.5309895833333333 0.43425925925925923 0.5192708333333333 0.4300925925925926 0.5057291666666667 0.42777777777777776 0.4940104166666667 0.42777777777777776 0.4830729166666667 0.4305555555555556 0.46927083333333336 0.43148148148148147 0.45286458333333335 0.4361111111111111 0.4471354166666667 0.44074074074074077 0.4375 0.4444444444444444 0.42109375 0.4564814814814815 0.4049479166666667 0.47314814814814815 0.396875 0.48518518518518516 0.39375 0.4875 0.3765625 0.48518518518518516 0.36822916666666666 0.4861111111111111 0.3533854166666667 0.4824074074074074 0.34322916666666664 0.4837962962962963 0.3385416666666667 0.48657407407407405 0.33125 0.49444444444444446 0.32447916666666665 0.5138888888888888
0 0.02890625 0.4597222222222222 0.028645833333333332 0.4638888888888889 0.03125 0.48009259259259257 0.03619791666666667 0.49398148148148147 0.04635416666666667 0.5092592592592593 0.05026041666666667 0.5074074074074074 0.05286458333333333 0.5120370370370371 0.05416666666666667 0.5393518518518519 0.062239583333333334 0.5745370370370371 0.0640625 0.5791666666666667 0.07760416666666667 0.600462962962963 0.08854166666666667 0.6074074074074074 0.09244791666666667 0.6125 0.11458333333333333 0.6856481481481481 0.11953125 0.6949074074074074 0.13020833333333334 0.7097222222222223 0.14114583333333333 0.7185185185185186 0.15104166666666666 0.7231481481481481 0.17786458333333333 0.725 0.19635416666666666 0.7203703703703703 0.20989583333333334 0.7134259259259259 0.22057291666666667 0.7050925925925926 0.23046875 0.6953703703703704 0.23463541666666668 0.6930555555555555 0.24348958333333334 0.6810185185185185 0.2484375 0.6768518518518518 0.25677083333333334 0.6625 0.26927083333333335 0.6277777777777778 0.27265625 0.6027777777777777 0.271875 0.5884259259259259 0.275 0.5847222222222223 0.2760416666666667 0.5805555555555556 0.28020833333333334 0.5763888888888888 0.2830729166666667 0.5708333333333333 0.28359375 0.5675925925925925 0.29322916666666665 0.5527777777777778 0.296875 0.5430555555555555 0.2984375 0.5356481481481481 0.3072916666666667 0.5189814814814815 0.30963541666666666 0.5060185185185185 0.30833333333333335 0.49722222222222223 0.30703125 0.4949074074074074 0.30520833333333336 0.4777777777777778 0.2989583333333333 0.46574074074074073 0.2908854166666667 0.46111111111111114 0.2674479166666667 0.45601851851851855 0.2671875 0.44583333333333336 0.2643229166666667 0.42824074074074076 0.2604166666666667 0.41435185185185186 0.2557291666666667 0.4060185185185185 0.2421875 0.3925925925925926 0.23463541666666668 0.38796296296296295 0.22682291666666668 0.38425925925925924 0.21276041666666667 0.38101851851851853 0.19921875 0.37962962962962965 0.17734375 0.3814814814814815 0.16666666666666666 0.38425925925925924 0.15928645833333333 0.38758935185185184 0.14896223958333332 0.3895212962962963 0.13776041666666666 0.3962962962962963 0.13541666666666666 0.4 0.12994791666666666 0.4013888888888889 0.11666666666666667 0.4101851851851852 0.11119791666666666 0.41203703703703703 0.10911458333333333 0.4152777777777778 0.10677083333333333 0.41574074074074074 0.10026041666666667 0.425462962962963 0.0953125 0.42916666666666664 0.08802083333333334 0.4263888888888889 0.07447916666666667 0.4263888888888889 0.07135416666666666 0.4236111111111111 0.06458333333333334 0.425462962962963 0.059895833333333336 0.42407407407407405 0.05677083333333333 0.42453703703703705 0.04505208333333333 0.43148148148148147 0.04001510416666666 0.4421615740740741 0.0328125 0.45046296296296295
0 0.0183328125 0.3094851851851852 0.02109375 0.32175925925925924 0.022522135416666665 0.33859629629629634 0.02480729166666667 0.3504435185185185 0.028425520833333332 0.35755185185185184 0.03177083333333333 0.36018518518518516 0.03229166666666667 0.362962962962963 0.04296875 0.3736111111111111 0.046614583333333334 0.387037037037037 0.050520833333333334 0.39490740740740743 0.055989583333333336 0.4013888888888889 0.06784427083333333 0.4083263888888889 0.07070078125 0.42558981481481484 0.08003177083333333 0.42592824074074076 0.09401041666666667 0.4263888888888889 0.09869791666666666 0.42453703703703705 0.10755208333333334 0.41203703703703703 0.12994791666666666 0.40046296296296297 0.13359375 0.40046296296296297 0.13958333333333334 0.38842592592592595 0.146875 0.3837962962962963 0.153125 0.3837962962962963 0.1578125 0.3875 0.17864583333333334 0.37824074074074077 0.20234375 0.3773148148148148 0.22421875 0.3814814814814815 0.22916666666666666 0.37592592592592594 0.23307291666666666 0.36666666666666664 0.2453125 0.34444444444444444 0.24817708333333333 0.33564814814814814 0.24791666666666667 0.3277777777777778 0.24114583333333334 0.300462962962963 0.2375 0.2967592592592593 0.22552083333333334 0.2953703703703704 0.21380208333333334 0.2912037037037037 0.21302083333333333 0.27870370370370373 0.21015625 0.26944444444444443 0.20703125 0.26435185185185184 0.20026041666666666 0.2574074074074074 0.18567708333333333 0.24861111111111112 0.16822916666666668 0.2449074074074074 0.1578125 0.24444444444444444 0.13697916666666668 0.24861111111111112 0.12994791666666666 0.25 0.11785729166666667 0.254249537037037 0.11347734375 0.2569574074074074 0.10833333333333334 0.2587962962962963 0.10703125 0.26064814814814813 0.09895833333333333 0.26342592592592595 0.07109375 0.2847222222222222 0.06015625 0.2800925925925926 0.055847395833333334 0.27969768518518523 0.05280052083333333 0.2776666666666667 0.0425171875 0.27868194444444444 0.03737578125 0.2803745370370371 0.028425520833333332 0.28849861111111114 0.0183328125 0.29763796296296297
0 0.2598958333333333 0.324537037037037 0.2596354166666667 0.33194444444444443 0.26119791666666664 0.3449074074074074 0.26171875 0.36157407407407405 0.26536458333333335 0.3763888888888889 0.2786458333333333 0.40185185185185185 0.28567708333333336 0.4078703703703704 0.29765625 0.40879629629629627 0.30520833333333336 0.42268518518518516 0.3140625 0.43472222222222223 0.32317708333333334 0.4837962962962963 0.328125 0.49537037037037035 0.33125 0.49444444444444446 0.33645833333333336 0.48657407407407405 0.34869791666666666 0.48055555555555557 0.36640625 0.48148148148148145 0.36953125 0.4837962962962963 0.3736979166666667 0.4828703703703704 0.3828125 0.48518518518518516 0.39401041666666664 0.48518518518518516 0.3971354166666667 0.4828703703703704 0.40208333333333335 0.475 0.41171875 0.46574074074074073 0.41744791666666664 0.45787037037037037 0.4354166666666667 0.4444444444444444 0.4484375 0.43796296296296294 0.45286458333333335 0.43333333333333335 0.4700520833333333 0.42916666666666664 0.47942708333333334 0.42916666666666664 0.49505208333333334 0.425 0.5020833333333333 0.41574074074074074 0.509375 0.4009259259259259 0.5153645833333333 0.3861111111111111 0.5190104166666667 0.37222222222222223 0.5182291666666666 0.36342592592592593 0.51640625 0.35648148148148145 0.5166666666666667 0.33796296296296297 0.5119791666666667 0.3287037037037037 0.49375 0.32175925925925924 0.4747395833333333 0.3212962962962963 0.47109375 0.30648148148148147 0.46380208333333334 0.29305555555555557 0.4510416666666667 0.28055555555555556 0.43776041666666665 0.2712962962962963 0.41354166666666664 0.26342592592592595 0.38697916666666665 0.26435185185185184 0.36614583333333334 0.27037037037037037 0.36276041666666664 0.27037037037037037 0.3450520833333333 0.2791666666666667 0.32838541666666665 0.2912037037037037 0.3177083333333333 0.30185185185185187 0.303125 0.29953703703703705 0.2981770833333333 0.29907407407407405 0.29375 0.2967592592592593 0.2884830729166667 0.29686990740740743 0.28546197916666666 0.29735787037037037 0.28177083333333336 0.29814814814814816 0.2791666666666667 0.29768518518518516 0.26875 0.3055555555555556 0.26328125 0.3148148148148148
0 0.5515625 0.3680555555555556 0.55234375 0.38333333333333336 0.5513020833333333 0.40555555555555556 0.5533854166666666 0.41712962962962963 0.55625 0.42453703703703705 0.57109375 0.45046296296296295 0.5778645833333333 0.4564814814814815 0.6028645833333334 0.45694444444444443 0.6036458333333333 0.4564814814814815 0.603125 0.45185185185185184 0.6057291666666667 0.45092592592592595 0.6072916666666667 0.45601851851851855 0.6127604166666667 0.4634259259259259 0.6143229166666667 0.5087962962962963 0.615625 0.5111111111111111 0.64453125 0.5171296296296296 0.6494791666666667 0.5199074074074074 0.65546875 0.5268518518518519 0.6567708333333333 0.5296296296296297 0.6578125 0.5375 0.65703125 0.5509259259259259 0.65859375 0.5662037037037037 0.65859375 0.5893518518518519 0.6567708333333333 0.5990740740740741 0.6567708333333333 0.612037037037037 0.66484375 0.6166666666666667 0.6690104166666667 0.6208333333333333 0.6817708333333333 0.624537037037037 0.68984375 0.625462962962963 0.69296875 0.6231481481481481 0.6919270833333333 0.6087962962962963 0.6955729166666667 0.5888888888888889 0.6958333333333333 0.5800925925925926 0.69921875 0.5537037037037037 0.7015625 0.5439814814814815 0.70546875 0.5375 0.71015625 0.5337962962962963 0.7169270833333333 0.5319444444444444 0.7361111979166667 0.5333333333333333 0.7385416666666667 0.5342592592592592 0.740625 0.5375 0.74375 0.5347222222222222 0.7658854166666667 0.5347222222222222 0.778125 0.5152777777777777 0.7791666666666667 0.4986111111111111 0.7825520833333334 0.47962962962962963 0.7880208333333333 0.4773148148148148 0.8205729166666667 0.4828703703703704 0.828125 0.4791666666666667 0.8427083333333333 0.46296296296296297 0.8486979166666667 0.4537037037037037 0.8559895833333333 0.4388888888888889 0.8578125 0.4287037037037037 0.8572916666666667 0.4166666666666667 0.8588541666666667 0.38564814814814813 0.8559895833333333 0.37083333333333335 0.8528645833333334 0.36527777777777776 0.8442708333333333 0.36018518518518516 0.8276041666666667 0.35648148148148145 0.7950520833333333 0.35462962962962963 0.78515625 0.33796296296296297 0.7760416666666666 0.3277777777777778 0.7700520833333333 0.324537037037037 0.7674479166666667 0.3194444444444444 0.7622395833333333 0.3138888888888889 0.7471354166666667 0.3037037037037037 0.7276041666666667 0.29583333333333334 0.7190104166666667 0.29444444444444445 0.713121875 0.2922467592592593 0.70478125 0.28934027777777777 0.6905528645833333 0.29108425925925924 0.678125 0.29305555555555557 0.66484375 0.2962962962962963 0.64609375 0.30462962962962964 0.634375 0.31296296296296294 0.62265625 0.32407407407407407 0.6182291666666667 0.32916666666666666 0.61328125 0.33796296296296297 0.5950520833333334 0.337037037037037 0.5880208333333333 0.33611111111111114 0.5815104166666667 0.3351851851851852 0.5723958333333333 0.3351851851851852 0.5638020833333334 0.33796296296296297 0.5572916666666666 0.3449074074074074 0.5536458333333333 0.35648148148148145