1 0.03400625 0.4286564814814815 0.04100052083333334 0.4368027777777778 0.042809375000000004 0.4374462962962963 0.04576380208333333 0.4350879629629629 0.047874218749999996 0.43155046296296296 0.04986380208333333 0.4270486111111111 0.05064765625 0.4196523148148148 0.05034635416666667 0.41450740740740744 0.04944192708333333 0.4113986111111111 0.04702994791666667 0.4090402777777778 0.03937265625 0.40893333333333337 0.030328385416666666 0.4032523148148148 0.028398958333333335 0.40293055555555557 0.025866406249999998 0.4040023148148148 0.02375625 0.4068967592592593 0.022309114583333334 0.4105412037037037 0.021525260416666667 0.41450740740740744 0.02158567708333333 0.41804444444444444 0.022610677083333332 0.42190324074074076 0.02460026041666667 0.42393981481481485
1 0.48251223958333334 0.4230365740740741 0.48251223958333334 0.4180527777777778 0.48416145833333335 0.41409490740740745 0.48630520833333335 0.41160324074074073 0.48927343749999996 0.4104305555555555 0.49174687499999997 0.4110166666666667 0.494303125 0.41438796296296293 0.4959520833333333 0.4186388888888889 0.49603463541666665 0.42201064814814815 0.4970239583333333 0.4245023148148148 0.49801328125000005 0.42699444444444445 0.4981783854166667 0.4310986111111111 0.49801328125000005 0.436375462962963 0.49661171875 0.4401865740740741 0.4950450520833333 0.44414444444444445 0.49174687499999997 0.4469296296296297 0.4886963541666667 0.44722268518518515 0.48589296875 0.44634305555555553 0.48366666666666663 0.44370462962962964 0.48168776041666667 0.4423851851851852 0.481028125 0.43798796296296294 0.48036848958333334 0.4325643518518519 0.4806984375 0.4287532407407407 0.48160546875 0.42567499999999997
1 0.6160731770833333 0.696111111111111 0.6118611979166667 0.695687037037037 0.60820546875 0.6934268518518518 0.6061390625 0.6907421296296296 0.6047085937500001 0.6876337962962963 0.60351640625 0.6824064814814815 0.603278125 0.6776027777777778 0.603278125 0.6718101851851851 0.6040726562500001 0.6664412037037036 0.6053442708333333 0.6626263888888888 0.6079669270833333 0.659800925925926 0.6105101562499999 0.6578226851851852 0.6136890625 0.6572578703703703 0.6167088541666667 0.6581055555555556 0.6187752604166668 0.6600833333333334 0.6194109375 0.6626263888888888 0.6202057291666667 0.6650282407407407 0.62092109375 0.6668652777777778 0.6223515625 0.6699736111111111 0.6228283854166666 0.6725166666666667 0.6233846354166667 0.6770375000000001 0.6230666666666667 0.6814175925925926 0.6219541666666667 0.684949537037037 0.6212388020833333 0.687775462962963 0.6199674479166667 0.6914486111111111 0.6183778645833333 0.693850462962963 0.6166294270833333 0.6955458333333333
2 0.07025624999999999 0.4227861111111111 0.07881067708333332 0.4303976851851852 0.08465859375 0.43497129629629633 0.08910286458333333 0.429150462962963 0.08933697916666666 0.42249722222222225 0.087465625 0.4191708333333333 0.07413229166666667 0.4108550925925926 0.07132526041666667 0.41127083333333336 0.06945390624999999 0.41667638888888886
2 0.52729921875 0.44200138888888885 0.5318518229166667 0.4432699074074074 0.53559453125 0.43828009259259254 0.5367640625 0.42830092592592595 0.5348927083333332 0.4237273148148148 0.5316177083333333 0.42081666666666667 0.52834296875 0.42539027777777777 0.5253020833333334 0.4357851851851852
2 0.65262578125 0.6922541666666666 0.6621440104166666 0.6894236111111111 0.6668223958333334 0.6844337962962963 0.6654187500000001 0.6765337962962964 0.6628455729166667 0.6711282407407407 0.6548924479166666 0.6723754629629629 0.6518515625 0.6732074074074074 0.65068203125 0.6806916666666667
0 0.82421875 0.6819444444444445 0.82421875 0.6935185185185185 0.8260416666666667 0.700462962962963 0.8265625 0.7092592592592593 0.8307291666666666 0.7236111111111111 0.8453510416666667 0.7298356481481482 0.8488932291666667 0.7419787037037037 0.8531942708333333 0.7532217592592593 0.8591145833333333 0.7712962962962963 0.8630208333333333 0.7824074074074074 0.8661458333333333 0.7851851851851852 0.8692708333333333 0.7907407407407407 0.8856770833333333 0.8069444444444445 0.9020833333333333 0.8166666666666667 0.925 0.8421296296296297 0.9361979166666666 0.85 0.9565104166666667 0.8597222222222223 0.9796875 0.8583333333333333 0.9997395833333333 0.8481481481481481 0.9997395833333333 0.6101851851851852 0.9981770833333333 0.6101851851851852 0.98125 0.5888888888888889 0.9643229166666667 0.5773148148148148 0.9434895833333333 0.5699074074074074 0.9268229166666667 0.5694444444444444 0.9111979166666667 0.5740740740740741 0.8940104166666667 0.5879629629629629 0.8854166666666666 0.5986111111111111 0.8765625 0.6125 0.8731770833333333 0.6129629629629629 0.8645833333333334 0.6194444444444445 0.8515625 0.6388888888888888 0.8458333333333333 0.6513888888888889 0.8388020833333333 0.6523148148148148 0.834375 0.6560185185185186 0.8299479166666667 0.6657407407407407 0.8296875 0.6712962962962963 0.8265625 0.675
0 0.6841145833333333 0.44537037037037036 0.6838541666666667 0.4546296296296296 0.68515625 0.462037037037037 0.6856770833333333 0.4740740740740741 0.68828125 0.4847222222222222 0.6983 0.497150462962963 0.7140625 0.5027777777777778 0.7213541666666666 0.5291666666666667 0.7286458333333333 0.5398148148148149 0.72890625 0.5435185185185185 0.73984375 0.5555555555555556 0.7427083333333333 0.5611111111111111 0.7619791666666667 0.5708333333333333 0.7734375 0.5712962962962963 0.7979166666666667 0.5782407407407407 0.8096354166666667 0.5777777777777777 0.8213541666666667 0.5745370370370371 0.8419270833333333 0.5601851851851852 0.8591145833333333 0.5333333333333333 0.8611979166666667 0.5231481481481481 0.8666666666666667 0.5083333333333333 0.8697916666666666 0.48657407407407405 0.871875 0.48009259259259257 0.88359375 0.47685185185185186 0.8963541666666667 0.4703703703703704 0.9083333333333333 0.4597222222222222 0.9122395833333333 0.4527777777777778 0.9122395833333333 0.44212962962962965 0.9098958333333333 0.43194444444444446 0.9091145833333333 0.42314814814814816 0.9080729166666667 0.41805555555555557 0.9046875 0.4111111111111111 0.8986979166666667 0.4074074074074074 0.8916666666666667 0.4064814814814815 0.88359375 0.4074074074074074 0.8776041666666666 0.4101851851851852 0.8658854166666666 0.4101851851851852 0.85546875 0.38657407407407407 0.8419270833333333 0.36666666666666664 0.8348958333333333 0.35833333333333334 0.8213541666666667 0.3449074074074074 0.8169270833333333 0.3425925925925926 0.8138020833333334 0.33796296296296297 0.7950520833333333 0.33101851851851855 0.7861979166666667 0.3337962962962963 0.7684895833333333 0.3347222222222222 0.7622395833333333 0.3365740740740741 0.7549479166666667 0.34120370370370373 0.7479166666666667 0.3486111111111111 0.7341145833333333 0.3685185185185185 0.72734375 0.38472222222222224 0.72421875 0.3939814814814815 0.7200520833333334 0.41712962962962963 0.71953125 0.42453703703703705 0.71842265625 0.4311685185185185 0.7072916666666667 0.43194444444444446 0.6927083333333334 0.4305555555555556 0.6856770833333333 0.4388888888888889
0 0.4979166666666667 0.6675925925925926 0.4979166666666667 0.6888888888888889 0.5010416666666667 0.6990740740740741 0.5036458333333333 0.7027777777777777 0.5125 0.7074074074074074 0.525 0.7083333333333334 0.53359375 0.7069444444444445 0.5372395833333333 0.7097222222222223 0.53671875 0.7134259259259259 0.5388020833333333 0.7240740740740741 0.546875 0.7560185185185185 0.559375 0.7842592592592592 0.56640625 0.7944444444444444 0.578125 0.8074074074074075 0.5880208333333333 0.8148148148148148 0.5971354166666667 0.8189814814814815 0.6119791666666666 0.8222222222222222 0.6234375 0.8222222222222222 0.6364583333333333 0.8175925925925925 0.653125 0.8041666666666667 0.6578125 0.7972222222222223 0.66015625 0.7962962962962963 0.6692708333333334 0.7810185185185186 0.6783854166666666 0.7583333333333333 0.6817708333333333 0.7476851851851852 0.6817708333333333 0.7444444444444445 0.6846354166666667 0.7333333333333333 0.6856770833333333 0.725925925925926 0.6846354166666667 0.7203703703703703 0.6854166666666667 0.7189814814814814 0.7138020833333333 0.7222222222222222 0.7236979166666667 0.7166666666666667 0.7268229166666667 0.7074074074074074 0.7255208333333333 0.7 0.7263020833333333 0.6893518518518519 0.7234375 0.6759259259259259 0.7236979166666667 0.6675925925925926 0.7200520833333334 0.6587962962962963 0.7171875 0.6564814814814814 0.7078125 0.6541666666666667 0.68515625 0.6518518518518519 0.6825520833333333 0.6444444444444445 0.67734375 0.6217592592592592 0.671875 0.6064814814814815 0.6552083333333333 0.5773148148148148 0.65 0.5703703703703704 0.6369791666666667 0.5587962962962963 0.6184895833333334 0.5486111111111112 0.6049479166666667 0.5476851851851852 0.5942708333333333 0.55 0.5809895833333333 0.5560185185185185 0.5713541666666667 0.5638888888888889 0.5614583333333333 0.575462962962963 0.5518229166666667 0.5907407407407408 0.5463541666666667 0.6037037037037037 0.54140625 0.6208333333333333 0.5377604166666666 0.637962962962963 0.5364583333333334 0.6402777777777777 0.5111979166666667 0.6402777777777777 0.5059895833333333 0.6425925925925926 0.5015625 0.6476851851851851 0.49947916666666664 0.6546296296296297
0 0.38958333333333334 0.4305555555555556 0.3888020833333333 0.44212962962962965 0.3893229166666667 0.4564814814814815 0.3927083333333333 0.4666666666666667 0.3953125 0.4699074074074074 0.39739583333333334 0.475462962962963 0.4049479166666667 0.4810185185185185 0.41067708333333336 0.4828703703703704 0.41822916666666665 0.48333333333333334 0.42083333333333334 0.4810185185185185 0.42265625 0.48148148148148145 0.42578125 0.48657407407407405 0.428125 0.4976851851851852 0.43671875 0.5208333333333334 0.44427083333333334 0.5351851851851852 0.45234375 0.5472222222222223 0.47213541666666664 0.5643518518518519 0.47994791666666664 0.5680555555555555 0.48776041666666664 0.5694444444444444 0.4984375 0.5689814814814815 0.5098958333333333 0.5652777777777778 0.5268229166666667 0.5518518518518518 0.5395833333333333 0.5351851851851852 0.5424479166666667 0.5282407407407408 0.5481770833333334 0.5189814814814815 0.5536458333333333 0.5050925925925925 0.55703125 0.4898148148148148 0.5606770833333333 0.4837962962962963 0.5661458333333333 0.4875 0.5705729166666667 0.48842592592592593 0.5778645833333333 0.487962962962963 0.58515625 0.4842592592592593 0.5921875 0.4773148148148148 0.5958333333333333 0.4638888888888889 0.59609375 0.43657407407407406 0.5953125 0.425 0.5916666666666667 0.4162037037037037 0.5880208333333333 0.41388888888888886 0.575 0.41574074074074074 0.56015625 0.41435185185185186 0.5588541666666667 0.4115740740740741 0.5583333333333333 0.4041666666666667 0.5559895833333334 0.39444444444444443 0.55078125 0.3787037037037037 0.546875 0.36944444444444446 0.53671875 0.3523148148148148 0.5236979166666667 0.3375 0.51875 0.3337962962962963 0.5065104166666666 0.3277777777777778 0.49921875 0.32592592592592595 0.4864583333333333 0.32592592592592595 0.4765625 0.32916666666666666 0.46953125 0.33287037037037037 0.45807291666666666 0.3421296296296296 0.4471354166666667 0.35555555555555557 0.43984375 0.3680555555555556 0.43333333333333335 0.38333333333333336 0.42526041666666664 0.4074074074074074 0.42135416666666664 0.4101851851851852 0.396875 0.4125 0.39401041666666664 0.41435185185185186 0.39036458333333335 0.4217592592592593
0 0.26171875 0.6458333333333334 0.26145833333333335 0.6754629629629629 0.26458333333333334 0.6828703703703703 0.27395833333333336 0.6893518518518519 0.2830729166666667 0.6888888888888889 0.28984375 0.6851851851851852 0.29140625 0.6888888888888889 0.29713541666666665 0.6921296296296297 0.29973958333333334 0.7023148148148148 0.30182291666666666 0.7203703703703703 0.31145833333333334 0.7518518518518519 0.31666666666666665 0.7625 0.32838541666666665 0.7791666666666667 0.3385416666666667 0.788425925925926 0.3578125 0.7962962962962963 0.3690104166666667 0.7958333333333333 0.37994791666666666 0.7925925925925926 0.39453125 0.7828703703703703 0.40989583333333335 0.7643518518518518 0.42421875 0.7407407407407407 0.42526041666666664 0.7351851851851852 0.42994791666666665 0.7305555555555555 0.42942708333333335 0.7268518518518519 0.43046875 0.7245370370370371 0.4317708333333333 0.7097222222222223 0.43515625 0.7023148148148148 0.4421875 0.7 0.4635416666666667 0.6976851851851852 0.4674479166666667 0.6935185185185185 0.46901041666666665 0.6898148148148148 0.47161458333333334 0.675 0.471875 0.6564814814814814 0.47109375 0.6476851851851851 0.4666666666666667 0.6365740740740741 0.46015625 0.6342592592592593 0.44557291666666665 0.6356481481481482 0.4361979166666667 0.6324074074074074 0.43385416666666665 0.6259259259259259 0.4315104166666667 0.6092592592592593 0.4276041666666667 0.5949074074074074 0.415625 0.5689814814814815 0.40130208333333334 0.5509259259259259 0.3890625 0.5425925925925926 0.37890625 0.5388888888888889 0.3611979166666667 0.5393518518518519 0.3484375 0.5458333333333333 0.34088541666666666 0.5518518518518518 0.3265625 0.5671296296296297 0.31276041666666665 0.5925925925925926 0.30703125 0.6092592592592593 0.30364583333333334 0.625462962962963 0.30130208333333336 0.6277777777777778 0.2903645833333333 0.6259259259259259 0.27421875 0.6263888888888889 0.26588541666666665 0.6319444444444444
0 0.175 0.4476851851851852 0.175 0.45740740740740743 0.17473958333333334 0.4703703703703704 0.17864583333333334 0.48194444444444445 0.1890625 0.49074074074074076 0.20564244791666667 0.49212962962962964 0.21041666666666667 0.49444444444444446 0.21223958333333334 0.49907407407407406 0.21354166666666666 0.5083333333333333 0.2234375 0.5342592592592592 0.23723958333333334 0.5541666666666667 0.24479166666666666 0.5601851851851852 0.2557291666666667 0.5652777777777778 0.271875 0.5652777777777778 0.2833333333333333 0.562037037037037 0.28619791666666666 0.5597222222222222 0.30052083333333335 0.5601851851851852 0.30911458333333336 0.5569444444444445 0.3221354166666667 0.5472222222222223 0.328125 0.5375 0.33229166666666665 0.5291666666666667 0.334375 0.5259259259259259 0.33749947916666667 0.5212148148148148 0.33958333333333335 0.5152777777777777 0.3424479166666667 0.5050925925925925 0.34375 0.49027777777777776 0.3459794270833333 0.48147500000000004 0.34765625 0.4787037037037037 0.35911458333333335 0.47685185185185186 0.36614583333333334 0.4666666666666667 0.3692708333333333 0.45 0.37005208333333334 0.43703703703703706 0.3692708333333333 0.43194444444444446 0.37005208333333334 0.42824074074074076 0.3690104166666667 0.425 0.3692708333333333 0.4217592592592593 0.3671875 0.4162037037037037 0.359375 0.40879629629629627 0.34453125 0.41435185185185186 0.34296875 0.41898148148148145 0.340625 0.41944444444444445 0.3380208333333333 0.4152777777777778 0.3359375 0.4009259259259259 0.3296875 0.3824074074074074 0.32578125 0.3726851851851852 0.3171875 0.3574074074074074 0.3078125 0.3486111111111111 0.296875 0.3421296296296296 0.28046875 0.3398148148148148 0.2755208333333333 0.3435185185185185 0.26640625 0.3449074074074074 0.2559895833333333 0.35 0.23385416666666667 0.3680555555555556 0.22578125 0.3824074074074074 0.21458333333333332 0.41574074074074074 0.21015625 0.4236111111111111 0.20911458333333333 0.4287037037037037 0.20729166666666668 0.43148148148148147 0.18515625 0.4287037037037037 0.18125 0.43287037037037035
0 0.04739583333333333 0.6541666666666667 0.04635416666666667 0.6657407407407407 0.04762552083333334 0.6817935185185185 0.053688020833333336 0.6865597222222223 0.0671875 0.6884259259259259 0.07760416666666667 0.6875 0.07916666666666666 0.6902777777777778 0.07942708333333333 0.6981481481481482 0.08333333333333333 0.7134259259259259 0.08619791666666667 0.7337962962962963 0.0953125 0.7583333333333333 0.10234375 0.7726851851851851 0.11614583333333334 0.7851851851851852 0.13229166666666667 0.7902777777777777 0.14765625 0.7888888888888889 0.1609375 0.7828703703703703 0.17265625 0.7736111111111111 0.1828125 0.7611111111111111 0.19348958333333333 0.7583333333333333 0.20182291666666666 0.7513888888888889 0.21692708333333333 0.7351851851851852 0.22913151041666666 0.7028291666666667 0.2362609375 0.7034787037037037 0.2421875 0.6921296296296297 0.243025 0.6771574074074075 0.2450359375 0.6566851851851853 0.24583333333333332 0.6435185185185185 0.2428421875 0.6378375000000001 0.23808906249999998 0.633612962962963 0.2344328125 0.6345879629629629 0.23205625 0.6235393518518518 0.2296796875 0.6137907407407407 0.22369791666666666 0.600925925925926 0.21171875 0.5856481481481481 0.203125 0.5824074074074074 0.19661458333333334 0.5694444444444444 0.18463541666666666 0.5532407407407407 0.17526041666666667 0.5462962962962963 0.16484375 0.5425925925925926 0.15859375 0.5421296296296296 0.15052083333333333 0.5421296296296296 0.14244791666666667 0.5449074074074074 0.13098958333333333 0.5523148148148148 0.11692708333333333 0.5648148148148148 0.10833333333333334 0.5745370370370371 0.10208333333333333 0.5851851851851851 0.0984375 0.5949074074074074 0.09427083333333333 0.6134259259259259 0.0921875 0.6162037037037037 0.08828125 0.6277777777777778 0.08151041666666667 0.6273148148148148 0.06744791666666666 0.625462962962963 0.060683072916666664 0.6266685185185186 0.05703125 0.6305555555555555 0.052522135416666664 0.6339217592592592 0.04844166666666667 0.6442837962962963
0 0.005989583333333334 0.39861111111111114 0.0020833333333333333 0.41435185185185186 0.0018229166666666667 0.41898148148148145 0 0.41944444444444445 0 0.49907407407407406 0.0018229166666666667 0.49953703703703706 0.007291666666666667 0.5166666666666667 0.011458333333333333 0.525 0.013802083333333333 0.5287037037037037 0.026302083333333334 0.5407407407407407 0.0421875 0.5481481481481482 0.05703125 0.5518518518518518 0.06640625 0.5509259259259259 0.08489583333333334 0.5435185185185185 0.09973958333333334 0.5476851851851852 0.10911458333333333 0.5476851851851852 0.12291666666666666 0.5425925925925926 0.1290359375 0.5383930555555556 0.13461875 0.5330347222222223 0.13863828125 0.5290652777777778 0.14120651041666665 0.5256912037037037 0.14401041666666667 0.5203703703703704 0.14924557291666665 0.5112027777777778 0.15415833333333331 0.4998898148148148 0.15729166666666666 0.49074074074074076 0.15963541666666667 0.47685185185185186 0.16035546875 0.4707398148148148 0.16041666666666668 0.4652777777777778 0.1609375 0.4597222222222222 0.16145833333333334 0.44907407407407407 0.16119791666666666 0.4388888888888889 0.1604671875 0.42945740740740745 0.16035546875 0.4177476851851852 0.15868072916666665 0.4125875 0.15651041666666668 0.4111111111111111 0.14947916666666666 0.4046296296296296 0.14114583333333333 0.39166666666666666 0.12838541666666667 0.38101851851851853 0.11640625 0.3537037037037037 0.11302083333333333 0.3490740740740741 0.10807291666666667 0.3453703703703704 0.10364583333333334 0.3388888888888889 0.08828125 0.3287037037037037 0.078125 0.32546296296296295 0.06380208333333333 0.32592592592592595 0.048177083333333336 0.3337962962962963 0.03854166666666667 0.34120370370370373 0.024739583333333332 0.3587962962962963 0.014583333333333334 0.3773148148148148 0.008854166666666666 0.39351851851851855
0 0.004427083333333333 0.5634259259259259 0 0.5643518518518519 0 0.7412037037037037 0.009114583333333334 0.7361111111111112 0.02109375 0.725462962962963 0.02734375 0.7185185185185186 0.03828125 0.700462962962963 0.04296875 0.6861111111111111 0.04583333333333333 0.6814814814814815 0.04609375 0.6620370370370371 0.050520833333333334 0.6333333333333333 0.04973958333333333 0.6259259259259259 0.04662526041666667 0.6008833333333333 0.03307291666666667 0.5791666666666667 0.02578125 0.5722222222222222 0.01484375 0.5657407407407408