0 0.525 0.7833333333333333 0.5234375 0.8375 0.540625 0.8916666666666667 0.5453125 0.9291666666666667 0.5625 0.9666666666666667 0.5796875 0.9875 0.5984375 0.9979166666666667 0.6953125 0.9979166666666667 0.6984375 0.9729166666666667 0.709375 0.9625 0.721875 0.93125 0.7421875 0.9104166666666667 0.753125 0.8854166666666666 0.76875 0.8270833333333333 0.7640625 0.7833333333333333 0.7484375 0.74375 0.721875 0.7125 0.6953125 0.69375 0.66875 0.6854166666666667 0.66875 0.66875 0.6578125 0.6354166666666666 0.6453125 0.6208333333333333 0.6078125 0.6354166666666666 0.6046875 0.6833333333333333 0.575 0.7 0.5484375 0.725 0.5328125 0.7520833333333333
0 0.2953125 0.6104166666666667 0.29375 0.64375 0.3015625 0.69375 0.31875 0.7229166666666667 0.328125 0.7625 0.3484375 0.7958333333333333 0.3890625 0.81875 0.421875 0.8166666666666667 0.4640625 0.7979166666666667 0.484375 0.7645833333333333 0.490625 0.71875 0.5125 0.66875 0.5125 0.6041666666666666 0.4859375 0.55625 0.428125 0.5229166666666667 0.4203125 0.4791666666666667 0.384375 0.4791666666666667 0.378125 0.5041666666666667 0.3796875 0.5229166666666667 0.3296875 0.5520833333333334 0.3078125 0.5791666666666667
0 0.4953125 0.44583333333333336 0.4953125 0.4895833333333333 0.5109375 0.525 0.5140625 0.5770833333333333 0.540625 0.6166666666666667 0.575 0.63125 0.6 0.63125 0.6578125 0.5979166666666667 0.6640625 0.55 0.68125 0.5166666666666667 0.690625 0.48125 0.6890625 0.45208333333333334 0.671875 0.4166666666666667 0.628125 0.3854166666666667 0.596875 0.3770833333333333 0.5921875 0.35 0.5828125 0.33958333333333335 0.5640625 0.33958333333333335 0.55625 0.34375 0.5578125 0.375 0.5171875 0.40208333333333335 0.503125 0.42083333333333334
0 0.3265625 0.3375 0.3265625 0.375 0.34375 0.4270833333333333 0.346875 0.46041666666666664 0.3625 0.48541666666666666 0.378125 0.49166666666666664 0.390625 0.47708333333333336 0.4140625 0.47708333333333336 0.428125 0.4979166666666667 0.4453125 0.4979166666666667 0.465625 0.48333333333333334 0.4796875 0.4625 0.4859375 0.4083333333333333 0.5 0.375 0.5 0.35 0.4953125 0.31875 0.475 0.29583333333333334 0.428125 0.27708333333333335 0.4234375 0.25416666666666665 0.4171875 0.25 0.4 0.25 0.390625 0.25416666666666665 0.3875 0.28125 0.34375 0.30625
0 0.478125 0.23125 0.4765625 0.26458333333333334 0.4875 0.28958333333333336 0.4890625 0.30625 0.4984375 0.3229166666666667 0.5015625 0.3625 0.5078125 0.37083333333333335 0.53125 0.38333333333333336 0.5484375 0.38125 0.5546875 0.3729166666666667 0.55625 0.34375 0.56875 0.3375 0.58125 0.33958333333333335 0.5984375 0.37083333333333335 0.6046875 0.36875 0.6125 0.35625 0.6203125 0.30416666666666664 0.6359375 0.2604166666666667 0.634375 0.24166666666666667 0.6171875 0.21458333333333332 0.5984375 0.2 0.56875 0.18958333333333333 0.5625 0.18125 0.5640625 0.175 0.5546875 0.16666666666666666 0.5375 0.16666666666666666 0.5328125 0.17291666666666666 0.5296875 0.19166666666666668 0.4921875 0.20833333333333334
0 0.3375 0.15833333333333333 0.3359375 0.1875 0.3484375 0.21666666666666667 0.35 0.25 0.3546875 0.26666666666666666 0.3671875 0.2833333333333333 0.3859375 0.2791666666666667 0.3875 0.25625 0.3921875 0.25 0.4015625 0.24791666666666667 0.4203125 0.25 0.425 0.25625 0.425 0.26875 0.43125 0.275 0.4484375 0.27708333333333335 0.459375 0.26666666666666666 0.465625 0.20833333333333334 0.475 0.18958333333333333 0.475 0.15208333333333332 0.465625 0.1375 0.4484375 0.125 0.4265625 0.11875 0.4203125 0.10208333333333333 0.4015625 0.10208333333333333 0.3890625 0.12083333333333333 0.365625 0.12708333333333333 0.3515625 0.1375
0 0.4640625 0.09166666666666666 0.4625 0.12291666666666666 0.4765625 0.15 0.4765625 0.1875 0.4828125 0.2 0.4953125 0.20416666666666666 0.525 0.19166666666666668 0.53125 0.1875 0.53125 0.175 0.5359375 0.16666666666666666 0.553125 0.16666666666666666 0.559375 0.17916666666666667 0.571875 0.1875 0.5765625 0.18541666666666667 0.58125 0.17083333333333334 0.5828125 0.14375 0.59375 0.11458333333333333 0.59375 0.09791666666666667 0.584375 0.08333333333333333 0.5640625 0.06875 0.5453125 0.0625 0.5375 0.04583333333333333 0.521875 0.04375 0.5140625 0.04583333333333333 0.5140625 0.05625 0.509375 0.0625 0.4859375 0.06875 0.4765625 0.075
0 0.35 0.04375 0.3484375 0.06041666666666667 0.3546875 0.08125 0.359375 0.0875 0.3609375 0.12916666666666668 0.3890625 0.11875 0.4 0.10208333333333333 0.4140625 0.09791666666666667 0.4234375 0.10416666666666667 0.421875 0.11458333333333333 0.4515625 0.125 0.4609375 0.12083333333333333 0.4609375 0.09791666666666667 0.4640625 0.08541666666666667 0.4625 0.075 0.465625 0.06875 0.4671875 0.052083333333333336 0.4640625 0.035416666666666666 0.45625 0.027083333333333334 0.446875 0.020833333333333332 0.421875 0.014583333333333334 0.4171875 0.004166666666666667 0.4140625 0.00625 0.4109375 0.0020833333333333333 0.403125 0.0020833333333333333 0.3953125 0.016666666666666666 0.36875 0.025
0 0.5734375 0 0.46875 0 0.46875 0.010416666666666666 0.475 0.03125 0.4765625 0.07083333333333333 0.4828125 0.07083333333333333 0.4984375 0.0625 0.5140625 0.06041666666666667 0.515625 0.05625 0.5125 0.05 0.51875 0.04375 0.5359375 0.04583333333333333 0.5421875 0.052083333333333336 0.540625 0.058333333333333334 0.54375 0.06041666666666667 0.5484375 0.06041666666666667 0.559375 0.06666666666666667 0.56875 0.06666666666666667 0.5671875 0.0625 0.5671875 0.03333333333333333 0.5765625 0.01875 0.5765625 0.010416666666666666
1 0.64375 0.7458333333333333 0.64375 0.7520833333333333 0.6421875 0.7541666666666667 0.6421875 0.7583333333333333 0.6375 0.7708333333333334 0.6375 0.7791666666666667 0.6484375 0.7916666666666666 0.659375 0.7895833333333333 0.6625 0.7854166666666667 0.6625 0.78125 0.6640625 0.7791666666666667 0.6640625 0.76875 0.665625 0.7666666666666667 0.6671875 0.74375 0.6640625 0.7395833333333334 0.6578125 0.7354166666666667 0.6515625 0.7354166666666667 0.6484375 0.7375
2 0.653125 0.8416666666666667 0.653125 0.8458333333333333 0.6515625 0.8479166666666667 0.6515625 0.8625 0.653125 0.8645833333333334 0.6609375 0.8645833333333334 0.6640625 0.8604166666666667 0.6640625 0.8541666666666666 0.6671875 0.8458333333333333 0.6671875 0.8375 0.6625 0.83125 0.6609375 0.83125 0.6578125 0.8333333333333334
2 0.396875 0.6395833333333333 0.3953125 0.6416666666666667 0.3953125 0.6625 0.396875 0.6645833333333333 0.396875 0.66875 0.403125 0.6708333333333333 0.4078125 0.6666666666666666 0.4078125 0.6520833333333333 0.40625 0.65 0.40625 0.64375 0.403125 0.6395833333333333
2 0.6015625 0.4583333333333333 0.6 0.46041666666666664 0.5984375 0.47291666666666665 0.596875 0.475 0.596875 0.4875 0.5984375 0.4895833333333333 0.6015625 0.4895833333333333 0.6078125 0.48333333333333334 0.6078125 0.47708333333333336 0.609375 0.475 0.609375 0.46041666666666664 0.6078125 0.4583333333333333
1 0.4 0.55625 0.3984375 0.5583333333333333 0.39375 0.5583333333333333 0.390625 0.5604166666666667 0.390625 0.5833333333333334 0.3890625 0.5854166666666667 0.3890625 0.5979166666666667 0.3953125 0.6041666666666666 0.4046875 0.60625 0.4109375 0.6020833333333333 0.4140625 0.5979166666666667 0.4140625 0.5895833333333333 0.4109375 0.5833333333333334 0.4109375 0.5645833333333333 0.40625 0.5583333333333333 0.403125 0.5583333333333333 0.4015625 0.55625
1 0.41805000000000003 0.284725 0.41125468749999994 0.2843145833333333 0.4046875 0.28541666666666665 0.403125 0.2875 0.403125 0.31666666666666665 0.41125468749999994 0.32137083333333333 0.4171875 0.32083333333333336 0.42268437499999995 0.31642916666666665 0.421875 0.30833333333333335 0.4202125 0.3011958333333334 0.41875 0.28958333333333336
1 0.6040171875 0.39425000000000004 0.5984375 0.39375 0.592896875 0.39383958333333335 0.590425 0.40372083333333336 0.588571875 0.4160729166666667 0.5875 0.42291666666666666 0.5875 0.43125 0.5890625 0.4354166666666667 0.59375 0.4395833333333333 0.6006203125 0.4420145833333333 0.605871875 0.435425 0.6077250000000001 0.4206020833333334 0.6105046875 0.40001458333333334
1 0.403125 0.11458333333333333 0.396875 0.12083333333333333 0.3984375 0.125 0.396875 0.12916666666666668 0.3984375 0.13333333333333333 0.3984375 0.14166666666666666 0.4015625 0.14791666666666667 0.40625 0.14791666666666667 0.409375 0.14375 0.4109375 0.14375 0.4125 0.13958333333333334 0.4109375 0.11875 0.4046875 0.11458333333333333
1 0.55625 0.18541666666666667 0.553125 0.1875 0.5515625 0.19166666666666668 0.5515625 0.2 0.55 0.20208333333333334 0.55 0.21458333333333332 0.55421875 0.22172708333333332 0.560396875 0.22213958333333333 0.566265625 0.22008124999999998 0.566884375 0.21225833333333333 0.565625 0.19166666666666668 0.5640625 0.1875 0.5609375 0.18541666666666667
2 0.40064374999999997 0.151925 0.399271875 0.15649791666666665 0.39875625000000003 0.16244166666666665 0.3991 0.16838541666666668 0.3997859375 0.17524583333333332 0.40458906250000004 0.17501666666666665 0.40681874999999995 0.17135833333333333 0.40625 0.15416666666666667 0.403903125 0.1516958333333333
2 0.56725 0.23571458333333334 0.5674187500000001 0.24964166666666668 0.565359375 0.26089166666666663 0.5626828125000001 0.2633625 0.55650625 0.2625375 0.55650625 0.25266041666666667 0.558359375 0.24003750000000001 0.5591828125 0.23372500000000002 0.5628890625 0.23454791666666666
2 0.5271171875 0.11086041666666667 0.531290625 0.11250625 0.5345859374999999 0.10893958333333333 0.5358203125000001 0.10180416666666667 0.5343796875 0.09302291666666668 0.53355625 0.08616458333333334 0.5294390625000001 0.08479166666666667 0.52635 0.08726041666666666 0.5253203125 0.09494375000000001 0.524703125 0.10207916666666667 0.5253203125 0.10838958333333333
1 0.5245453125 0.08204791666666668 0.528203125 0.08396875 0.53314375 0.08369375 0.5378796875 0.08149791666666667 0.5360265625 0.07162083333333333 0.535203125 0.06640625 0.535203125 0.06146666666666667 0.5298499999999999 0.06091875 0.52655625 0.061191666666666665 0.524496875 0.06283958333333334 0.524496875 0.06777916666666667 0.5240859375 0.07271666666666668 0.5238796875 0.07820625
1 0.40131875 0.030939583333333336 0.40530625000000003 0.034231250000000005 0.4110703125 0.032585416666666665 0.41333593750000003 0.029566666666666668 0.4131296875 0.02325625 0.41292343750000005 0.019414583333333336 0.4127171875 0.015847916666666666 0.4127171875 0.012554166666666667 0.40901249999999995 0.01145625 0.4063359375 0.01173125 0.40345312499999997 0.012829166666666668 0.4011890625 0.013927083333333333 0.400159375 0.01749375 0.399953125 0.024354166666666666
2 0.4023484375 0.03608541666666667 0.40180625000000003 0.040543749999999996 0.4011890625 0.046031249999999996 0.4016 0.05124583333333333 0.40407187499999997 0.0548125 0.4081890625 0.05426458333333333 0.410659375 0.05344166666666667 0.410453125 0.04740416666666667 0.4110703125 0.042189583333333336 0.410865625 0.03725 0.4086 0.034506249999999995 0.4061296875 0.03532916666666666 0.40180625000000003 0.03532916666666666