1 0.26484375 0.26064814814814813 0.26484296874999996 0.27093379629629627 0.2625341145833333 0.276287962962963 0.26152994791666667 0.28753240740740743 0.264240625 0.298062962962963 0.26640625 0.30324074074074076 0.27036484375000003 0.30716527777777775 0.2753846354166667 0.3096638888888889 0.28150885416666666 0.3091287037037037 0.28713098958333333 0.30448796296296293 0.29104635416666663 0.29663518518518517 0.29255234375 0.2864615740740741 0.29225104166666666 0.2784300925925926 0.2877604166666667 0.2712962962962963 0.28619791666666666 0.25833333333333336 0.28411458333333334 0.2523148148148148 0.2796875 0.24722222222222223 0.27239583333333334 0.24675925925925926 0.2669270833333333 0.2523148148148148
1 0.474475 0.6476351851851853 0.47265520833333335 0.6568550925925926 0.4732921875 0.6647805555555555 0.47483880208333334 0.6707652777777778 0.4772044270833333 0.6786907407407408 0.48129869791666663 0.6833814814814815 0.4867575520833333 0.6862930555555555 0.49376328124999996 0.6859694444444444 0.4986763020833333 0.6809550925925926 0.5015877604166666 0.6746472222222223 0.50078125 0.6638888888888889 0.5059895833333333 0.6504629629629629 0.5057291666666667 0.6407407407407407 0.5036458333333333 0.6333333333333333 0.5013020833333334 0.6291666666666667 0.4979166666666667 0.6259259259259259 0.49140625 0.625462962962963 0.48821328125 0.6288726851851852 0.48502890625 0.6345337962962964 0.48066171875 0.6361513888888889 0.47756848958333337 0.6395481481481481
1 0.8305677083333334 0.6314060185185185 0.8310424479166667 0.6408342592592593 0.83215078125 0.6454782407407407 0.8353169270833334 0.652513888888889 0.8403645833333333 0.6578703703703703 0.8450520833333334 0.6611111111111111 0.8481770833333333 0.6606481481481481 0.8526041666666667 0.6550925925925926 0.85787578125 0.6411157407407407 0.8635416666666667 0.6342592592592593 0.8658854166666666 0.6296296296296297 0.86640625 0.6203703703703703 0.86328125 0.6111111111111112 0.859375 0.6050925925925926 0.853125 0.6041666666666666 0.84448203125 0.6138 0.8362666666666667 0.6170527777777778 0.8317549479166666 0.6246518518518519
1 0.9242075520833333 0.31234675925925925 0.9236979166666667 0.3236111111111111 0.9258869791666666 0.33117916666666664 0.92872890625 0.33875833333333333 0.9317002604166666 0.3417439814814815 0.9342841145833333 0.34564814814814815 0.9453125 0.33101851851851855 0.9539205729166667 0.32405972222222224 0.9578125 0.31805555555555554 0.95859375 0.3143518518518518 0.9580729166666667 0.30787037037037035 0.9559895833333333 0.300462962962963 0.9533854166666667 0.29583333333333334 0.9497395833333333 0.29398148148148145 0.9438440104166667 0.2978777777777778 0.9364802083333333 0.3047675925925926 0.9284705729166667 0.3079828703703704
1 0.63141796875 0.3083402777777778 0.6322916666666667 0.3175925925925926 0.6343674479166667 0.3256722222222222 0.6400205729166667 0.33368333333333333 0.64632890625 0.33674166666666666 0.6526375000000001 0.33455694444444445 0.6547674479166666 0.3277115740740741 0.6571434895833334 0.3147486111111111 0.6638614583333333 0.30062083333333334 0.6645169270833333 0.2962513888888889 0.6640625 0.29259259259259257 0.66171875 0.2847222222222222 0.6583333333333333 0.2796296296296296 0.6552083333333333 0.2773148148148148 0.650015625 0.2776078703703704 0.6460013020833333 0.28561898148148146 0.6390625 0.29953703703703705 0.6325651041666667 0.3048444444444445
2 0.3397135416666667 0.3106615740740741 0.34522109375 0.3121046296296296 0.35034401041666663 0.30755185185185185 0.35404375 0.28225787037037037 0.35205156249999997 0.2721398148148148 0.3466442708333333 0.26809305555555557 0.34265989583333334 0.2701162037037037 0.33383723958333333 0.29541064814814816 0.3344065104166667 0.30552824074074075
2 0.55136796875 0.6685675925925926 0.5592166666666666 0.6575398148148148 0.5649085937499999 0.6489398148148149 0.5640546875 0.6403398148148148 0.5620625 0.6342694444444444 0.5572244791666667 0.6322458333333334 0.5438484375 0.6438810185185184 0.5404330729166666 0.6539986111111111 0.5415716145833334 0.6656342592592592 0.54697890625 0.6717046296296296
2 0.6844346354166666 0.3251337962962963 0.6975304687499999 0.30645601851851856 0.7017994791666666 0.30443287037037037 0.70749140625 0.3079740740740741 0.7083453125 0.31809166666666666 0.69354609375 0.3428800925925926 0.6901309895833333 0.34186805555555555 0.6855776041666667 0.33883287037037035
2 0.9696671875 0.34517175925925925 0.9891013020833334 0.32486527777777774 0.9888166666666667 0.31828842592592593 0.9865401041666666 0.3112064814814815 0.9814171875 0.3091828703703704 0.9617802083333333 0.32941805555555553 0.9626338541666667 0.3395356481481482 0.96633359375 0.3466180555555556
2 0.8835651041666667 0.6501990740740741 0.9020148437500001 0.6349722222222222 0.9054299479166666 0.6304194444444444 0.9048606770833333 0.6228310185185185 0.9017302083333333 0.6162546296296296 0.8971765625 0.6157486111111111 0.8792471354166668 0.6253606481481482 0.8772549479166667 0.6334546296296296 0.8789625 0.6425606481481482
0 0.08932291666666667 0.3 0.08854166666666667 0.3347222222222222 0.09088541666666666 0.3453703703703704 0.09140625 0.3592592592592593 0.09895833333333333 0.38055555555555554 0.10703125 0.3912037037037037 0.115625 0.3976851851851852 0.125 0.4009259259259259 0.12890625 0.4050925925925926 0.13671875 0.4060185185185185 0.14244791666666667 0.4041666666666667 0.16536458333333334 0.41064814814814815 0.16588541666666667 0.4152777777777778 0.17369791666666667 0.4361111111111111 0.1875 0.4638888888888889 0.20364583333333333 0.4888888888888889 0.20989583333333334 0.5032407407407408 0.21822916666666667 0.5162037037037037 0.23463541666666668 0.5333333333333333 0.24739583333333334 0.5421296296296296 0.2708333333333333 0.5486111111111112 0.2828125 0.5481481481481482 0.30364583333333334 0.5412037037037037 0.3151041666666667 0.5328703703703703 0.32786458333333335 0.5189814814814815 0.3385416666666667 0.5027777777777778 0.34140625 0.4930555555555556 0.34869791666666666 0.4837962962962963 0.36614583333333334 0.4550925925925926 0.37473958333333335 0.43425925925925923 0.37994791666666666 0.41805555555555557 0.38125 0.4115740740740741 0.3807291666666667 0.40694444444444444 0.4078125 0.3990740740740741 0.41848958333333336 0.39537037037037037 0.4283854166666667 0.38657407407407407 0.4361979166666667 0.3763888888888889 0.4427083333333333 0.3490740740740741 0.4434895833333333 0.33240740740740743 0.4434895833333333 0.32083333333333336 0.4401041666666667 0.28888888888888886 0.43515625 0.2796296296296296 0.42604166666666665 0.274537037037037 0.40130208333333334 0.27175925925925926 0.38984375 0.27314814814814814 0.38307291666666665 0.26990740740740743 0.37786458333333334 0.24953703703703703 0.36666666666666664 0.2222222222222222 0.3489583333333333 0.19212962962962962 0.33828125 0.17916666666666667 0.32135416666666666 0.16342592592592592 0.30859375 0.15601851851851853 0.29401041666666666 0.14953703703703702 0.27447916666666666 0.14537037037037037 0.25833333333333336 0.14537037037037037 0.23776041666666667 0.15 0.21927083333333333 0.16018518518518518 0.20651041666666667 0.17037037037037037 0.18828125 0.1912037037037037 0.17291666666666666 0.21712962962962962 0.17265625 0.22037037037037038 0.16901041666666666 0.22685185185185186 0.16328125 0.24444444444444444 0.15859375 0.2625 0.14817708333333332 0.2662037037037037 0.13645833333333332 0.2652777777777778 0.13307291666666668 0.26666666666666666 0.13072916666666667 0.26481481481481484 0.11328125 0.26435185185185184 0.09869791666666666 0.2689814814814815 0.0953125 0.2726851851851852 0.09244791666666667 0.2791666666666667
0 0.2981770833333333 0.6893518518518519 0.2984375 0.7277777777777777 0.30026041666666664 0.7425925925925926 0.30416666666666664 0.7574074074074074 0.3106770833333333 0.7675925925925926 0.315625 0.7726851851851851 0.32083333333333336 0.7736111111111111 0.3268229166666667 0.7703703703703704 0.3463541666666667 0.7717592592592593 0.3484375 0.7685185185185185 0.36223958333333334 0.7652777777777777 0.36640625 0.7703703703703704 0.3723958333333333 0.7819444444444444 0.37552083333333336 0.7967592592592593 0.38307291666666665 0.8157407407407408 0.39765625 0.8430555555555556 0.40234375 0.8481481481481481 0.409375 0.8601851851851852 0.41640625 0.8685185185185185 0.4393229166666667 0.8870370370370371 0.45677083333333335 0.8953703703703704 0.4739583333333333 0.899074074074074 0.490625 0.8976851851851851 0.503125 0.8939814814814815 0.5322916666666667 0.8777777777777778 0.5552083333333333 0.8458333333333333 0.5671875 0.8245370370370371 0.57578125 0.8041666666666667 0.58203125 0.7837962962962963 0.5877604166666667 0.7583333333333333 0.59140625 0.7305555555555555 0.5971354166666667 0.725 0.6059895833333333 0.7231481481481481 0.6130208333333333 0.7189814814814814 0.6197916666666666 0.7111111111111111 0.6302083333333334 0.7060185185185185 0.6354166666666666 0.6986111111111111 0.6424479166666667 0.6824074074074075 0.6442708333333333 0.6694444444444444 0.6421875 0.6435185185185185 0.6388020833333333 0.6231481481481481 0.6359375 0.6148148148148148 0.63203125 0.6087962962962963 0.6268229166666667 0.6050925925925926 0.6192708333333333 0.6046296296296296 0.584375 0.6106481481481482 0.5796875 0.6055555555555555 0.57578125 0.5898148148148148 0.56171875 0.5560185185185185 0.5395833333333333 0.5217592592592593 0.52734375 0.5083333333333333 0.5046875 0.49166666666666664 0.48671875 0.48518518518518516 0.4635416666666667 0.4828703703703704 0.45 0.4861111111111111 0.4348958333333333 0.4925925925925926 0.41953125 0.5046296296296297 0.40208333333333335 0.5236111111111111 0.3888020833333333 0.5453703703703704 0.375 0.5777777777777777 0.36640625 0.612037037037037 0.3625 0.6421296296296296 0.3580729166666667 0.6444444444444445 0.32135416666666666 0.6504629629629629 0.3109375 0.6560185185185186 0.3033854166666667 0.6671296296296296
0 0.4796875 0.32407407407407407 0.48020833333333335 0.3592592592592593 0.484375 0.3851851851851852 0.49192708333333335 0.4013888888888889 0.5020833333333333 0.412962962962963 0.509375 0.4148148148148148 0.5177083333333333 0.4125 0.52265625 0.41712962962962963 0.5302083333333333 0.4703703703703704 0.5377604166666666 0.49074074074074076 0.5416666666666666 0.49907407407407406 0.5432291666666667 0.5 0.5442708333333334 0.5050925925925925 0.5591145833333333 0.525 0.5690104166666666 0.5347222222222222 0.5953125 0.5481481481481482 0.609375 0.5486111111111112 0.6236979166666666 0.5439814814814815 0.6466145833333333 0.525 0.6635416666666667 0.5199074074074074 0.6825520833333333 0.5055555555555555 0.6940104166666666 0.49074074074074076 0.7072916666666667 0.46805555555555556 0.7184895833333333 0.4388888888888889 0.72109375 0.425462962962963 0.7458333333333333 0.4115740740740741 0.7518229166666667 0.4060185185185185 0.7640625 0.38657407407407407 0.76875 0.3763888888888889 0.7700520833333333 0.36944444444444446 0.7653645833333333 0.3282407407407407 0.7588541666666667 0.3162037037037037 0.7515625 0.3148148148148148 0.7309895833333333 0.3060185185185185 0.71484375 0.30416666666666664 0.7075520833333333 0.2791666666666667 0.6981770833333333 0.2574074074074074 0.6903645833333333 0.24305555555555555 0.6776041666666667 0.225 0.66484375 0.21064814814814814 0.6497395833333334 0.19814814814814816 0.6346354166666667 0.19027777777777777 0.6200520833333333 0.18611111111111112 0.6075520833333333 0.18564814814814815 0.59375 0.1884259259259259 0.5848958333333333 0.19212962962962962 0.5734375 0.20046296296296295 0.5604166666666667 0.21435185185185185 0.5510416666666667 0.23055555555555557 0.54140625 0.25462962962962965 0.5328125 0.28703703703703703 0.5294270833333333 0.28935185185185186 0.50078125 0.287962962962963 0.49453125 0.2902777777777778 0.490625 0.2935185185185185 0.48723958333333334 0.29953703703703705
0 0.6796875 0.6402777777777777 0.6783854166666666 0.6518518518518519 0.6760416666666667 0.6546296296296297 0.6739583333333333 0.662962962962963 0.6778645833333333 0.6851851851851852 0.68203125 0.7203703703703703 0.6888020833333334 0.7342592592592593 0.703125 0.7412037037037037 0.715625 0.7824074074074074 0.7338541666666667 0.8106481481481481 0.7401041666666667 0.8180555555555555 0.7536458333333333 0.8296296296296296 0.7645833333333333 0.8361111111111111 0.7786458333333334 0.8388888888888889 0.7984375 0.836574074074074 0.8151041666666666 0.8444444444444444 0.834375 0.8476851851851852 0.8520833333333333 0.8425925925925926 0.8661458333333333 0.8351851851851851 0.8786458333333333 0.825 0.8901041666666667 0.8106481481481481 0.9005208333333333 0.7902777777777777 0.909375 0.7666666666666667 0.9151041666666667 0.7310185185185185 0.9166666666666666 0.6930555555555555 0.9205729166666666 0.6898148148148148 0.9325520833333333 0.6861111111111111 0.95078125 0.6722222222222223 0.9565104166666667 0.662962962962963 0.9578125 0.6513888888888889 0.9510416666666667 0.6129629629629629 0.94609375 0.6013888888888889 0.9359375 0.5935185185185186 0.9098958333333333 0.5962962962962963 0.9033854166666667 0.5962962962962963 0.8997395833333334 0.5939814814814814 0.8921875 0.5731481481481482 0.8776041666666666 0.5402777777777777 0.8567708333333334 0.5115740740740741 0.8458333333333333 0.500462962962963 0.8309895833333333 0.48935185185185187 0.8080729166666667 0.48055555555555557 0.7973958333333333 0.48009259259259257 0.7799479166666666 0.4847222222222222 0.7708333333333334 0.49027777777777776 0.7442708333333333 0.5199074074074074 0.7341145833333333 0.5416666666666666 0.72421875 0.5708333333333333 0.7190104166666667 0.5981481481481481 0.7190104166666667 0.6083333333333333 0.7166666666666667 0.6166666666666667 0.69140625 0.625462962962963 0.6833333333333333 0.6333333333333333
0 0.784375 0.33611111111111114 0.7830729166666667 0.3416666666666667 0.7893229166666667 0.3902777777777778 0.7940104166666667 0.4115740740740741 0.7942708333333334 0.42685185185185187 0.79921875 0.44907407407407407 0.80625 0.4726851851851852 0.8104166666666667 0.4787037037037037 0.8268229166666666 0.48518518518518516 0.8484375 0.500462962962963 0.8606770833333334 0.513425925925926 0.8765625 0.5361111111111111 0.8802083333333334 0.5361111111111111 0.8934895833333333 0.5282407407407408 0.9106770833333333 0.513425925925926 0.92890625 0.5148148148148148 0.94609375 0.5092592592592593 0.9606770833333333 0.4981481481481482 0.9760416666666667 0.4810185185185185 0.9848958333333333 0.46296296296296297 0.9934895833333334 0.4356481481481482 0.99375 0.42824074074074076 0.99609375 0.41574074074074074 0.9963541666666667 0.38935185185185184 0.9997395833333333 0.3819444444444444 0.9997395833333333 0.31157407407407406 0.99453125 0.3101851851851852 0.98359375 0.3111111111111111 0.9795138020833334 0.30895046296296297 0.9653645833333333 0.275 0.95859375 0.26296296296296295 0.9403645833333333 0.2388888888888889 0.921875 0.2212962962962963 0.9067708333333333 0.2125 0.8934895833333333 0.20833333333333334 0.88203125 0.20833333333333334 0.8723958333333334 0.21064814814814814 0.865625 0.21435185185185185 0.8546875 0.22407407407407406 0.8385416666666666 0.24675925925925926 0.8309895833333333 0.2638888888888889 0.8270833333333333 0.275 0.821875 0.30925925925925923 0.80234375 0.31574074074074077 0.79375 0.32592592592592595 0.7861979166666667 0.3314814814814815