1 0.33489583333333334 0.42962962962962964 0.3346354166666667 0.4337962962962963 0.3363302083333333 0.4487041666666667 0.3344828125 0.46286620370370374 0.3359838541666667 0.4690236111111111 0.3375 0.4703703703703704 0.34143411458333334 0.47427731481481483 0.34857005208333336 0.4741550925925926 0.35480520833333334 0.46922916666666664 0.35815390625 0.46286620370370374 0.35803828125 0.45711944444444447 0.3559598958333333 0.449525 0.35341953125000003 0.44357268518518517 0.35234375 0.43287037037037035 0.35052083333333334 0.425 0.3453125 0.42083333333333334 0.3416666666666667 0.4212962962962963 0.3375 0.42453703703703705
1 0.49591223958333336 0.6105435185185185 0.49764427083333335 0.6310685185185185 0.49579687499999997 0.6497462962962963 0.49672057291666666 0.6554935185185186 0.5026096354166667 0.6622666666666667 0.5081520833333334 0.6628824074074074 0.5143872395833333 0.6616509259259259 0.5203916666666667 0.6548777777777778 0.52293203125 0.6474888888888889 0.52293203125 0.641536574074074 0.5173895833333334 0.6236796296296296 0.5161192708333333 0.6062333333333333 0.5143872395833333 0.6015125 0.5083828125000001 0.5988444444444444 0.5023786458333334 0.599049537037037 0.4979166666666667 0.6046296296296296
1 0.6459596354166667 0.4568921296296296 0.6487911458333334 0.45892037037037037 0.6532942708333334 0.4601523148148148 0.6577976562500001 0.4572787037037037 0.6609153645833333 0.45296851851851855 0.6611463541666667 0.44947916666666665 0.660684375 0.4344958333333333 0.66299375 0.42156481481481484 0.66357109375 0.4176652777777778 0.6627627604166667 0.41458657407407407 0.6607997395833334 0.41068657407407405 0.6571049479166666 0.4069921296296296 0.6542182291666666 0.40617129629629634 0.6513315104166666 0.40617129629629634 0.64867578125 0.40801851851851856 0.64694375 0.41068657407407405 0.6444033854166666 0.4264912037037037 0.63816796875 0.44065324074074075 0.6385143229166667 0.4457847222222222 0.6407083333333333 0.4513263888888889 0.6431330729166667 0.45481574074074077
1 0.8541002604166666 0.6093884259259259 0.8541002604166666 0.6169828703703704 0.8602203125 0.6276560185185186 0.8677255208333333 0.6323763888888889 0.8758083333333333 0.6315555555555556 0.88019609375 0.6286819444444445 0.8828520833333333 0.6227296296296296 0.881928125 0.6077462962962963 0.8815817708333333 0.6032310185185186 0.88359375 0.5902777777777778 0.8842375 0.5818847222222223 0.8816973958333333 0.5757273148148148 0.8777713541666666 0.5724435185185186 0.87107421875 0.5699805555555555 0.8650697916666666 0.5724435185185186 0.8627604166666667 0.5805555555555556 0.86015625 0.5967592592592592
1 0.9322916666666666 0.41203703703703703 0.9307291666666667 0.41759259259259257 0.9307291666666667 0.4217592592592593 0.9331013020833333 0.4276949074074074 0.9379510416666667 0.43221018518518517 0.9431471354166666 0.4352888888888889 0.9494979166666667 0.4352888888888889 0.9531927083333334 0.43262083333333334 0.9541166666666666 0.4281050925925926 0.95423203125 0.41271157407407405 0.9575520833333333 0.3976851851851852 0.9575520833333333 0.3939814814814815 0.9559895833333333 0.3902777777777778 0.9520833333333333 0.38657407407407407 0.9471354166666667 0.38472222222222224 0.9424479166666667 0.3851851851851852 0.9408854166666667 0.387037037037037 0.9372395833333333 0.4027777777777778
2 0.4041151041666666 0.4788236111111111 0.4045708333333333 0.45533564814814814 0.4041151041666666 0.4407564814814815 0.39773619791666665 0.43751666666666666 0.3931796875 0.44399629629629633 0.3909013020833333 0.4780138888888889 0.39682473958333336 0.4844930555555556
2 0.5645033854166667 0.6189425925925925 0.5585799479166667 0.6553898148148148 0.5622252604166668 0.6659189814814814 0.5731606770833333 0.6667291666666667 0.57726171875 0.6351416666666666 0.5777171875 0.6189425925925925 0.5704268229166666 0.612463425925926
2 0.6977851562499999 0.42786805555555557 0.6916294270833333 0.45938518518518523 0.6952744791666666 0.47153425925925924 0.7043874999999999 0.4699143518518518 0.7103109375 0.43589675925925925 0.7080328125 0.42617777777777777
2 0.9230989583333333 0.5905949074074074 0.9126190104166666 0.6270421296296297 0.9162640625 0.6367615740740741 0.9235544270833334 0.6375712962962963 0.9290223958333333 0.6367615740740741 0.93585703125 0.6003143518518519 0.93585703125 0.5914050925925926 0.9294778645833334 0.5881652777777777
2 0.9990546874999999 0.4162828703703704 0.9913294270833333 0.44642407407407403 0.9835833333333334 0.44561388888888886 0.9776598958333333 0.43670462962962964 0.9817606770833333 0.4196958333333333 0.9899625000000001 0.4010675925925926 0.9981640625 0.402687037037037
0 0.2109375 0.5148148148148148 0.21223958333333334 0.5486111111111112 0.2140625 0.5569444444444445 0.2203125 0.5712962962962963 0.22317708333333333 0.5731481481481482 0.234375 0.5879629629629629 0.240625 0.5916666666666667 0.24453125 0.5916666666666667 0.2537333333333333 0.5908125 0.262965625 0.5890546296296296 0.26848958333333334 0.5898148148148148 0.27682291666666664 0.6023148148148149 0.2791666666666667 0.6083333333333333 0.28203125 0.6324074074074074 0.28932291666666665 0.6731481481481482 0.2911458333333333 0.6791666666666667 0.3046875 0.7018518518518518 0.3182291666666667 0.7157407407407408 0.33828125 0.7236111111111111 0.3458333333333333 0.7231481481481481 0.34765625 0.7138888888888889 0.3484375 0.6898148148148148 0.35130208333333335 0.6782407407407407 0.3575520833333333 0.6722222222222223 0.3723958333333333 0.6680555555555555 0.38038203125 0.6625 0.39088541666666665 0.6652777777777777 0.40458203125000003 0.663913425925926 0.4088684895833333 0.6498499999999999 0.4192544270833333 0.6289013888888888 0.42914609375 0.6136657407407408 0.42947578124999997 0.576749074074074 0.45750234375 0.5732333333333334 0.4635416666666667 0.5680555555555555 0.47369791666666666 0.5518518518518518 0.48072916666666665 0.5365740740740741 0.4830729166666667 0.5259259259259259 0.4828125 0.4837962962962963 0.48020833333333335 0.47175925925925927 0.47760416666666666 0.4666666666666667 0.4739583333333333 0.46435185185185185 0.4518229166666667 0.462037037037037 0.43645833333333334 0.4648148148148148 0.43203125 0.4615740740740741 0.42994791666666665 0.45601851851851855 0.4197916666666667 0.44166666666666665 0.4078125 0.4310185185185185 0.39453125 0.42268518518518516 0.37734375 0.41574074074074074 0.36328125 0.4134259259259259 0.35104166666666664 0.41435185185185186 0.33828125 0.4162037037037037 0.328125 0.4199074074074074 0.30494791666666665 0.43148148148148147 0.2877604166666667 0.44675925925925924 0.271484375 0.46782407407407406 0.2390625 0.47962962962962963 0.23776041666666667 0.47685185185185186 0.23333333333333334 0.48055555555555557 0.221875 0.4837962962962963 0.21640625 0.4912037037037037 0.21276041666666667 0.5009259259259259
0 0.34817708333333336 0.6958333333333333 0.34817708333333336 0.7179013888888889 0.34609375 0.7240740740740741 0.3489583333333333 0.737037037037037 0.34869791666666666 0.7486111111111111 0.3502604166666667 0.7652777777777777 0.35208333333333336 0.7722222222222223 0.35546875 0.7782407407407408 0.37213541666666666 0.7981481481481482 0.3802083333333333 0.8046296296296296 0.3841145833333333 0.8055555555555556 0.3919270833333333 0.8023148148148148 0.41041666666666665 0.8004629629629629 0.41354166666666664 0.7986111111111112 0.41796875 0.8013888888888889 0.4236979166666667 0.8157407407407408 0.4239583333333333 0.8375 0.42682291666666666 0.8597222222222223 0.43385416666666665 0.8856481481481482 0.4432291666666667 0.9069444444444444 0.44765625 0.9120370370370371 0.45416666666666666 0.9236111111111112 0.46770833333333334 0.937037037037037 0.47760416666666666 0.9439814814814815 0.5015625 0.9518518518518518 0.5161458333333333 0.9518518518518518 0.5395833333333333 0.9444444444444444 0.5518229166666667 0.9361111111111111 0.5731770833333333 0.9097222222222222 0.5838541666666667 0.8861111111111111 0.5888020833333333 0.8703703703703703 0.5927083333333333 0.8439814814814814 0.5940104166666667 0.8134259259259259 0.6104166666666667 0.7694444444444445 0.614453125 0.7662037037037037 0.63828125 0.7625 0.6453125 0.7555555555555555 0.6536458333333334 0.7439814814814815 0.6596354166666667 0.7388888888888889 0.6671875 0.7208333333333333 0.6666666666666666 0.7060185185185185 0.66875 0.6995370370370371 0.6653645833333334 0.6875 0.6651041666666667 0.6675925925925926 0.6635416666666667 0.6578703703703703 0.6578125 0.6407407407407407 0.65078125 0.6324074074074074 0.6401041666666667 0.6314814814814815 0.6229166666666667 0.6333333333333333 0.60546875 0.6361111111111111 0.6028645833333334 0.637962962962963 0.5984375 0.6328703703703704 0.5958333333333333 0.6259259259259259 0.5846354166666666 0.6111111111111112 0.56875 0.5944444444444444 0.5604166666666667 0.5888888888888889 0.55703125 0.5833333333333334 0.5263020833333333 0.5736111111111111 0.51328125 0.5726851851851852 0.4934895833333333 0.5731481481481482 0.48098958333333336 0.575925925925926 0.4596354166666667 0.586574074074074 0.4434895833333333 0.5990740740740741 0.4283854166666667 0.6152777777777778 0.41302083333333334 0.6412037037037037 0.40677083333333336 0.6546296296296297 0.4049479166666667 0.6615740740740741 0.38697916666666665 0.6685185185185185 0.37942708333333336 0.6680555555555555 0.35833333333333334 0.6726851851851852 0.35182291666666665 0.6796296296296296
0 0.5158854166666667 0.4912037037037037 0.5151041666666667 0.5120370370370371 0.5177083333333333 0.5296296296296297 0.5221354166666666 0.5412037037037037 0.5369791666666667 0.5675925925925925 0.54296875 0.5717592592592593 0.5578809895833333 0.572787962962963 0.5605661458333333 0.590512037037037 0.5708333333333333 0.5953703703703703 0.5830729166666667 0.6069444444444444 0.5994791666666667 0.6333333333333333 0.6018229166666667 0.6351851851851852 0.640625 0.6305555555555555 0.6526041666666667 0.6333333333333333 0.6591145833333333 0.6425925925925926 0.6622395833333333 0.6523148148148148 0.6658854166666667 0.6736111111111112 0.6658854166666667 0.6944444444444444 0.6682291666666667 0.6995370370370371 0.68671875 0.6907407407407408 0.6994791666666667 0.674074074074074 0.7096354166666666 0.6430555555555556 0.7158854166666667 0.6055555555555555 0.7166666666666667 0.5893518518518519 0.71953125 0.586574074074074 0.7364583333333333 0.5574074074074075 0.7453125 0.5574074074074075 0.7520833333333333 0.5601851851851852 0.7552083333333334 0.5592592592592592 0.7661458333333333 0.5467592592592593 0.7723958333333333 0.5361111111111111 0.7794270833333333 0.5180555555555556 0.7817708333333333 0.4837962962962963 0.78046875 0.47638888888888886 0.7731770833333333 0.4601851851851852 0.7653645833333333 0.4550925925925926 0.7520833333333333 0.45046296296296295 0.7252604166666666 0.4527777777777778 0.7171875 0.44212962962962965 0.7088541666666667 0.43425925925925923 0.7057291666666666 0.4287037037037037 0.7013020833333333 0.425462962962963 0.6994791666666667 0.4212962962962963 0.6640625 0.40324074074074073 0.6401041666666667 0.40046296296296297 0.61953125 0.4027777777777778 0.6059895833333333 0.4078703703703704 0.5916666666666667 0.4166666666666667 0.5778645833333333 0.4287037037037037 0.56640625 0.44675925925925924 0.5630208333333333 0.45601851851851855 0.5583333333333333 0.4587962962962963 0.5533854166666666 0.4583333333333333 0.5494791666666666 0.46111111111111114 0.5440104166666667 0.4587962962962963 0.5328125 0.4597222222222222 0.5229166666666667 0.4634259259259259 0.5177083333333333 0.4736111111111111
0 0.7067708333333333 0.6583333333333333 0.70625 0.6689814814814815 0.7075520833333333 0.6925925925925925 0.7122395833333334 0.7097222222222223 0.7138020833333333 0.7111111111111111 0.7138020833333333 0.7157407407407408 0.7127604166666667 0.7175925925925926 0.7143229166666667 0.725925925925926 0.7140625 0.7305555555555555 0.7231770833333333 0.7481481481481481 0.7341145833333333 0.7648148148148148 0.7411458333333333 0.7694444444444445 0.7489583333333333 0.7685185185185185 0.7536458333333333 0.7708333333333334 0.75703125 0.799074074074074 0.7630208333333334 0.8268518518518518 0.77734375 0.8592592592592593 0.78359375 0.8689814814814815 0.7890625 0.8736111111111111 0.79609375 0.8837962962962963 0.8111979166666666 0.8976851851851851 0.8283854166666667 0.9101851851851852 0.84609375 0.9148148148148149 0.8731770833333333 0.9152777777777777 0.8947916666666667 0.9046296296296297 0.9052083333333333 0.8953703703703704 0.9184895833333333 0.8726851851851852 0.92578125 0.85 0.9268229166666667 0.8430555555555556 0.9373619791666666 0.8139898148148148 0.9576950520833333 0.793663425925926 0.9695559895833333 0.7658092592592592 0.9737921875000001 0.7364490740740741 0.9997395833333333 0.7244037037037037 0.9997395833333333 0.6143518518518518 0.99140625 0.6097222222222223 0.9747395833333333 0.6078703703703704 0.9424479166666667 0.6134259259259259 0.9369791666666667 0.6069444444444444 0.9322916666666666 0.5935185185185186 0.9205729166666666 0.5893518518518519 0.9153645833333334 0.5833333333333334 0.89296875 0.5662037037037037 0.86875 0.5541666666666667 0.8533854166666667 0.55 0.8333333333333334 0.5476851851851852 0.8171875 0.549074074074074 0.7971354166666667 0.5550925925925926 0.7791666666666667 0.5657407407407408 0.7643229166666666 0.5851851851851851 0.7598958333333333 0.5944444444444444 0.7546875 0.612037037037037 0.7528645833333333 0.6282407407407408 0.7473958333333334 0.6319444444444444 0.7380208333333333 0.6324074074074074 0.73359375 0.6365740740740741 0.7236979166666667 0.638425925925926 0.7151041666666667 0.6425925925925926 0.71015625 0.6486111111111111
0 0.8028645833333333 0.48009259259259257 0.80234375 0.48842592592592593 0.8033854166666666 0.49444444444444446 0.8161458333333333 0.5226851851851851 0.8283854166666667 0.5439814814814815 0.8661458333333333 0.5509259259259259 0.8921875 0.5648148148148148 0.91875 0.5851851851851851 0.9346354166666667 0.5921296296296297 0.93828125 0.6041666666666666 0.9427083333333334 0.6101851851851852 0.9518229166666666 0.6106481481481482 0.9567708333333333 0.6129629629629629 0.9778645833333334 0.6083333333333333 0.99375 0.6083333333333333 0.9997395833333333 0.6060185185185185 0.9997395833333333 0.42470833333333335 0.9841145833333333 0.4111111111111111 0.9747395833333333 0.4023148148148148 0.95859375 0.3939814814814815 0.947515625 0.3891305555555556 0.9315104166666667 0.38333333333333336 0.9161458333333333 0.38101851851851853 0.89765625 0.3814814814814815 0.8828125 0.3851851851851852 0.8682291666666667 0.3921296296296296 0.8549479166666667 0.4027777777777778 0.84765625 0.4152777777777778 0.8442708333333333 0.42407407407407405 0.8427083333333333 0.43333333333333335 0.8380208333333333 0.43842592592592594 0.8315104166666667 0.44212962962962965 0.8166666666666667 0.4449074074074074 0.8127604166666667 0.4476851851851852 0.8091145833333333 0.45601851851851855 0.8065104166666667 0.4689814814814815