1 0.5853223958333333 0.3419055555555555 0.5856770833333333 0.3592592592592593 0.5841145833333333 0.37175925925925923 0.5853223958333333 0.37764166666666665 0.5906302083333334 0.38065324074074075 0.5976317708333333 0.37864583333333335 0.6020361979166666 0.3740282407407407 0.6028645833333334 0.3685185185185185 0.601584375 0.36318657407407406 0.6000033854166666 0.35595925925925925 0.59932578125 0.3402990740740741 0.5963895833333334 0.33768935185185184 0.59140625 0.337037037037037 0.5885416666666666 0.3384259259259259
1 0.39351328124999996 0.37178564814814813 0.39396588541666666 0.3801009259259259 0.39453125 0.3888888888888889 0.3936640625 0.39793935185185186 0.39336223958333333 0.4043773148148148 0.39660651041666667 0.40893703703703704 0.4014348958333333 0.4096078703703704 0.40633854166666666 0.4078643518518518 0.41018619791666666 0.40464537037037035 0.41237421875 0.3991462962962963 0.4098091145833333 0.38989212962962966 0.40822473958333333 0.38399074074074074 0.40701770833333334 0.37017592592592596 0.40626328125 0.3680300925925926 0.4032455729166667 0.36601805555555555 0.39909609375 0.36628657407407406 0.3952484375 0.36829814814814815
1 0.4218765625 0.25241435185185185 0.42171692708333336 0.25880277777777777 0.42291666666666666 0.2662037037037037 0.42227578125 0.2783939814814815 0.42299453124999997 0.28222685185185187 0.4258692708333333 0.284924537037037 0.4317786458333333 0.2840726851851852 0.43497291666666665 0.2818013888888889 0.4373684895833333 0.2783939814814815 0.4380072916666667 0.2748449074074074 0.43417421875 0.26291990740740745 0.4335354166666667 0.25709907407407406 0.4328125 0.25046296296296294 0.4309895833333333 0.24814814814814815 0.4278645833333333 0.24768518518518517 0.42419244791666666 0.249575
1 0.2638020833333333 0.2740740740740741 0.26224557291666667 0.27498703703703703 0.26280442708333335 0.2818013888888889 0.2634432291666667 0.2879055555555555 0.2637627604166667 0.2934421296296296 0.26384244791666667 0.29784305555555557 0.2639223958333333 0.30266990740740746 0.26504036458333335 0.3046574074074074 0.2674359375 0.30579351851851855 0.26991145833333335 0.30579351851851855 0.27526197916666667 0.3042314814814815 0.27845598958333334 0.300824537037037 0.27981354166666667 0.2995467592592592 0.27957421875 0.29585555555555554 0.27566119791666666 0.2850662037037037 0.27438359375 0.2755546296296296 0.2733453125 0.27186342592592594 0.27063020833333334 0.271012037037037 0.2669270833333333 0.27175925925925926
1 0.30872499999999997 0.18568472222222224 0.30872499999999997 0.18937962962962962 0.3098958333333333 0.19814814814814816 0.30918697916666665 0.2023787037037037 0.30918697916666665 0.20798888888888886 0.31072630208333335 0.21250462962962963 0.3136510416666667 0.2134625 0.31703776041666665 0.2131888888888889 0.3189619791666667 0.21209398148148148 0.3210401041666667 0.20976805555555555 0.32211770833333336 0.20744166666666666 0.32273359375 0.20538888888888887 0.3219638020833333 0.2026523148148148 0.32119427083333335 0.19923148148148148 0.32011666666666666 0.1951263888888889 0.31950078125000003 0.19238981481481482 0.31875 0.18611111111111112 0.31744791666666666 0.1824074074074074 0.3148825520833333 0.18157962962962962 0.31080338541666663 0.18294814814814814
2 0.33925703125 0.22561342592592593 0.3370677083333333 0.20788333333333334 0.3343916666666667 0.20442407407407406 0.32928281249999997 0.20745092592592593 0.33049921875 0.22993750000000002 0.33512135416666666 0.23209953703703703
2 0.29788229166666663 0.3231263888888889 0.2957109375 0.30388333333333334 0.29425130208333333 0.2991268518518519 0.2876828125 0.3012888888888889 0.28743958333333336 0.3203157407407407 0.28865598958333333 0.32939675925925926 0.29425130208333333 0.32939675925925926
2 0.4263484375 0.4092462962962963 0.42610598958333334 0.44053194444444443 0.43048515625 0.44139675925925925 0.43729687500000003 0.435775 0.4358369791666667 0.4072347222222222 0.43194479166666666 0.40377546296296296 0.42878203125 0.40377546296296296
2 0.44909765625000003 0.2831592592592593 0.44848723958333336 0.30777546296296293 0.4518932291666667 0.30950509259259257 0.457975 0.30647824074074076 0.45675859375 0.28009953703703705 0.45335286458333335 0.27620787037037037
2 0.6326971354166666 0.4082949074074074 0.6340486979166666 0.3806425925925926 0.6316161458333334 0.3750208333333333 0.62699375 0.3758856481481482 0.6240744791666667 0.3793449074074074 0.6209119791666667 0.40745324074074074 0.6235880208333333 0.41048009259259255 0.6282101562500001 0.4122101851851852
0 0.7432291666666667 0.7412037037037037 0.7419270833333333 0.7513888888888889 0.74296875 0.7708333333333334 0.7541666666666667 0.8060185185185185 0.7606770833333333 0.8180555555555555 0.77578125 0.8300925925925926 0.7958333333333333 0.9291666666666667 0.79453125 0.9782407407407407 0.7950520833333333 0.9842592592592593 0.8002604166666667 0.9962962962962963 0.8065104166666667 0.999537037037037 0.9997395833333333 0.999537037037037 0.9997395833333333 0.7805555555555556 0.9947916666666666 0.7754629629629629 0.978125 0.7611111111111111 0.9309895833333334 0.7347222222222223 0.9078125 0.7268518518518519 0.8934895833333333 0.7240740740740741 0.88046875 0.7175925925925926 0.8578125 0.7203703703703703 0.8520833333333333 0.7273148148148149 0.8356770833333333 0.7342592592592593 0.8106770833333333 0.7541666666666667 0.80703125 0.7537037037037037 0.784375 0.7222222222222222 0.7833333333333333 0.7171296296296297 0.7794270833333333 0.711574074074074 0.7692708333333333 0.7032407407407407 0.765625 0.7023148148148148 0.7546875 0.7097222222222223 0.75078125 0.7157407407407408 0.7473958333333334 0.7226851851851852
0 0.6989583333333333 0.5194444444444445 0.69921875 0.5361111111111111 0.7026041666666667 0.5537037037037037 0.7130208333333333 0.575 0.7236979166666667 0.5833333333333334 0.73203125 0.587037037037037 0.7385416666666667 0.6074074074074074 0.7440104166666667 0.6194444444444445 0.7453125 0.6337962962962963 0.7411458333333333 0.6615740740740741 0.7442708333333333 0.6782407407407407 0.7466145833333333 0.7097222222222223 0.7479166666666667 0.7157407407407408 0.7513020833333334 0.7148148148148148 0.75390625 0.7106481481481481 0.76484375 0.7018518518518518 0.7723958333333333 0.7046296296296296 0.7791666666666667 0.7106481481481481 0.7830729166666667 0.7166666666666667 0.7927083333333333 0.7384259259259259 0.7997395833333333 0.7435185185185185 0.8018229166666667 0.7486111111111111 0.8044270833333333 0.7509259259259259 0.8138020833333334 0.7490740740740741 0.8515625 0.7231481481481481 0.9216145833333333 0.7037037037037037 0.9322916666666666 0.7111111111111111 0.94609375 0.7069444444444445 0.9697916666666667 0.6893518518518519 0.9802083333333333 0.6717592592592593 0.9838541666666667 0.6574074074074074 0.9854166666666667 0.6439814814814815 0.9809895833333333 0.6361111111111111 0.971875 0.6333333333333333 0.9635416666666666 0.6333333333333333 0.9536458333333333 0.6291666666666667 0.9497395833333333 0.6296296296296297 0.94609375 0.6361111111111111 0.9444010416666667 0.6361111111111111 0.93203125 0.6300925925925925 0.93125 0.6268518518518519 0.9330729166666667 0.6171296296296296 0.9325520833333333 0.6023148148148149 0.92578125 0.5782407407407407 0.9083333333333333 0.5467592592592593 0.8940104166666667 0.5277777777777778 0.8661458333333333 0.5083333333333333 0.8458333333333333 0.49953703703703706 0.80859375 0.49166666666666664 0.79609375 0.4930555555555556 0.78828125 0.49444444444444446 0.7791666666666667 0.5018518518518519 0.7645833333333333 0.5101851851851852 0.7518229166666667 0.5231481481481481 0.7473958333333334 0.524537037037037 0.7369791666666666 0.5162037037037037 0.7348958333333333 0.5125 0.7341145833333333 0.5074074074074074 0.72578125 0.49444444444444446 0.7205729166666667 0.49027777777777776 0.71484375 0.4898148148148148 0.71015625 0.4925925925925926 0.7046875 0.5 0.7013020833333333 0.5074074074074074
0 0.49192708333333335 0.5365740740740741 0.49140625 0.5532407407407407 0.49557291666666664 0.5777777777777777 0.4981770833333333 0.5875 0.5002604166666667 0.5884259259259259 0.5052083333333334 0.5967592592592592 0.50625 0.6050925925925926 0.5028645833333333 0.6226851851851852 0.5036458333333333 0.6416666666666667 0.5080729166666667 0.6606481481481481 0.5151041666666667 0.6782407407407407 0.5190104166666667 0.6837962962962963 0.5213541666666667 0.6912037037037037 0.5208333333333334 0.7032407407407407 0.5268229166666667 0.7555555555555555 0.5322916666666667 0.7726851851851851 0.5393229166666667 0.787962962962963 0.5505208333333333 0.8046296296296296 0.5614583333333333 0.8148148148148148 0.5846354166666666 0.825 0.5947916666666667 0.8263888888888888 0.6130208333333333 0.825 0.63125 0.8162037037037037 0.6466145833333333 0.8027777777777778 0.6580729166666667 0.7875 0.6622395833333333 0.7796296296296297 0.6684895833333333 0.7587962962962963 0.67265625 0.7532407407407408 0.6752604166666667 0.7541666666666667 0.6783854166666666 0.7523148148148148 0.70078125 0.7314814814814815 0.7208333333333333 0.7023148148148148 0.721875 0.6944444444444444 0.7213541666666666 0.6819444444444445 0.7190104166666667 0.6768518518518518 0.7065104166666667 0.6763888888888889 0.6958333333333333 0.6712962962962963 0.6903645833333333 0.674537037037037 0.6854166666666667 0.6805555555555556 0.6846354166666667 0.6796296296296296 0.6817708333333333 0.6685185185185185 0.6890625 0.6458333333333334 0.6903645833333333 0.6375 0.6911458333333333 0.6222222222222222 0.6901041666666666 0.6087962962962963 0.6859375 0.5935185185185186 0.6721354166666667 0.5615740740740741 0.6669270833333333 0.5532407407407407 0.6606770833333333 0.5467592592592593 0.61640625 0.5273148148148148 0.6010416666666667 0.5236111111111111 0.58828125 0.5231481481481481 0.5822916666666667 0.524074074074074 0.5557291666666667 0.5365740740740741 0.5380208333333333 0.5486111111111112 0.5322916666666667 0.5439814814814815 0.5294270833333333 0.5328703703703703 0.52421875 0.524537037037037 0.5184895833333333 0.5185185185185185 0.5122395833333333 0.5152777777777777 0.5010416666666667 0.5222222222222223 0.49375 0.5319444444444444
0 0.5065104166666666 0.36574074074074076 0.50625 0.38657407407407407 0.5080729166666667 0.3976851851851852 0.5083333333333333 0.40879629629629627 0.5119791666666667 0.41759259259259257 0.5354166666666667 0.5148148148148148 0.53515625 0.5203703703703704 0.5375 0.5328703703703703 0.5393229166666667 0.5375 0.5427083333333333 0.5412037037037037 0.5481770833333334 0.5402777777777777 0.5765625 0.524537037037037 0.5962239583333333 0.5203703703703704 0.6234375 0.5273148148148148 0.63984375 0.5361111111111111 0.6466145833333333 0.5351851851851852 0.65078125 0.5398148148148149 0.65390625 0.5324074074074074 0.65390625 0.524537037037037 0.6588541666666666 0.5226851851851851 0.6794270833333333 0.49953703703703706 0.6924479166666667 0.4824074074074074 0.6953125 0.475462962962963 0.6950520833333333 0.44907407407407407 0.6924479166666667 0.4388888888888889 0.6854166666666667 0.4324074074074074 0.6690104166666667 0.42314814814814816 0.6682291666666667 0.41759259259259257 0.66953125 0.4148148148148148 0.6700520833333333 0.4046296296296296 0.6684895833333333 0.39444444444444443 0.66484375 0.3851851851851852 0.6591145833333333 0.3763888888888889 0.6481770833333333 0.36435185185185187 0.6364583333333333 0.35555555555555557 0.6127604166666667 0.34675925925925927 0.60390625 0.34814814814814815 0.5997395833333333 0.3449074074074074 0.59609375 0.33796296296296297 0.5908854166666667 0.3375 0.5526908854166667 0.35833333333333334 0.5486979166666667 0.3578703703703704 0.5473958333333333 0.35555555555555557 0.53828125 0.35185185185185186 0.5348958333333333 0.3486111111111111 0.52578125 0.3486111111111111 0.5083333333333333 0.36064814814814816
0 0.32890625 0.3907407407407407 0.32786458333333335 0.39444444444444443 0.3294270833333333 0.4009259259259259 0.3294270833333333 0.4078703703703704 0.33671875 0.4199074074074074 0.3341145833333333 0.425 0.33489583333333334 0.4287037037037037 0.3307291666666667 0.4425925925925926 0.32864583333333336 0.4546296296296296 0.32890625 0.4634259259259259 0.33229166666666665 0.48703703703703705 0.3375 0.5018518518518519 0.3453125 0.5120370370370371 0.3546875 0.5569444444444445 0.35703125 0.5814814814814815 0.36302083333333335 0.5958333333333333 0.37447916666666664 0.6106481481481482 0.378125 0.6134259259259259 0.3927083333333333 0.6208333333333333 0.40546875 0.6236111111111111 0.43307291666666664 0.6171296296296296 0.4427083333333333 0.6106481481481482 0.44609375 0.6046296296296296 0.46041666666666664 0.5898148148148148 0.46588541666666666 0.5800925925925926 0.4708333333333333 0.5745370370370371 0.48020833333333335 0.5277777777777778 0.48828125 0.5208333333333334 0.49505208333333334 0.5083333333333333 0.49505208333333334 0.4976851851851852 0.49296875 0.4898148148148148 0.49192708333333335 0.4736111111111111 0.4859375 0.4648148148148148 0.48072916666666665 0.43703703703703706 0.48125 0.4287037037037037 0.47942708333333334 0.4134259259259259 0.4713541666666667 0.3976851851851852 0.45598958333333334 0.3824074074074074 0.4359375 0.3736111111111111 0.41770833333333335 0.3726851851851852 0.4114583333333333 0.37407407407407406 0.4044270833333333 0.3675925925925926 0.40208333333333335 0.3675925925925926 0.39505208333333336 0.3699074074074074 0.39088541666666665 0.37777777777777777 0.3846354166666667 0.37824074074074077 0.3809895833333333 0.38055555555555554 0.36640625 0.3726851851851852 0.36085078125 0.37453703703703706 0.35598958333333336 0.3726851851851852 0.3515625 0.3726851851851852 0.34921875 0.375 0.3453125 0.3736111111111111 0.3333333333333333 0.3819444444444444
0 0.36791171875 0.2722222222222222 0.3676513020833333 0.2796296296296296 0.3692138020833333 0.29074074074074074 0.37207838541666666 0.3013888888888889 0.36869296874999996 0.31574074074074077 0.36947421874999997 0.3421296296296296 0.3754638020833333 0.36018518518518516 0.39056796875 0.3731481481481482 0.39291171874999997 0.36944444444444446 0.40176588541666663 0.36574074074074076 0.40723463541666666 0.3685185185185185 0.41088046875 0.3736111111111111 0.41478671875 0.37222222222222223 0.4356200520833333 0.3726851851851852 0.45463046874999996 0.3800925925925926 0.47338046875 0.39814814814814814 0.47876250000000004 0.4091050925925926 0.48457838541666665 0.43842592592592594 0.4864013020833333 0.4356481481481482 0.49525546875 0.38425925925925924 0.5012450520833334 0.37916666666666665 0.5051513020833334 0.362962962962963 0.5028075520833333 0.3384259259259259 0.49838046874999997 0.3263888888888889 0.49499505208333333 0.2962962962962963 0.4934325520833333 0.2898148148148148 0.4895263020833333 0.2824074074074074 0.47884921874999997 0.2712962962962963 0.46556796875 0.2638888888888889 0.4504638020833333 0.26064814814814813 0.43692213541666663 0.2625 0.42155755208333334 0.26435185185185184 0.41791171875 0.26666666666666666 0.40176588541666663 0.26851851851851855 0.39681796874999997 0.262037037037037 0.38614088541666663 0.2587962962962963 0.3723388020833333 0.2652777777777778
0 0.21666666666666667 0.2967592592592593 0.21640625 0.3037037037037037 0.21979166666666666 0.3199074074074074 0.21901041666666668 0.324537037037037 0.2140625 0.3347222222222222 0.2109375 0.3449074074074074 0.21119791666666668 0.3625 0.21640625 0.38287037037037036 0.22630208333333332 0.39444444444444443 0.23541666666666666 0.4462962962962963 0.23958333333333334 0.462037037037037 0.24401041666666667 0.47129629629629627 0.2591145833333333 0.4842592592592593 0.2796875 0.48703703703703705 0.3033854166666667 0.4791666666666667 0.3190104166666667 0.46805555555555556 0.32760416666666664 0.4597222222222222 0.328125 0.4486111111111111 0.33229166666666665 0.43287037037037035 0.3333333333333333 0.4236111111111111 0.33307291666666666 0.41805555555555557 0.33046875 0.41064814814814815 0.32838541666666665 0.3976851851851852 0.32864583333333336 0.39282407407407405 0.33307291666666666 0.38101851851851853 0.33645833333333336 0.37592592592592594 0.34088541666666666 0.3726851851851852 0.3421875 0.36666666666666664 0.3377604166666667 0.31712962962962965 0.3338541666666667 0.30185185185185187 0.32421875 0.2916666666666667 0.3109375 0.2851851851851852 0.28984375 0.28379629629629627 0.28064765625 0.2838833333333333 0.2696591145833333 0.2864148148148148 0.259375 0.29305555555555557 0.25286458333333334 0.29259259259259257 0.24114583333333334 0.28425925925925927 0.23645833333333333 0.28425925925925927 0.22630208333333332 0.28703703703703703 0.21848958333333332 0.29305555555555557
0 0.26510416666666664 0.24444444444444444 0.26510416666666664 0.2523148148148148 0.26666666666666666 0.25925925925925924 0.27708333333333335 0.2810185185185185 0.3106770833333333 0.28379629629629627 0.32369791666666664 0.2902777777777778 0.3346354166666667 0.29953703703703705 0.33880208333333334 0.3162037037037037 0.3375 0.3282407407407407 0.34296875 0.33935185185185185 0.34401041666666665 0.35 0.3473091145833333 0.350462962962963 0.35234375 0.3560185185185185 0.36328125 0.34629629629629627 0.36640625 0.3416666666666667 0.36796875 0.3337962962962963 0.3679453125 0.31905231481481483 0.36998020833333334 0.3082032407407408 0.36774166666666663 0.272762962962963 0.37526041666666665 0.2587962962962963 0.3723958333333333 0.22361111111111112 0.37005208333333334 0.21574074074074073 0.36666666666666664 0.2111111111111111 0.3541666666666667 0.20277777777777778 0.33984375 0.1986111111111111 0.33541666666666664 0.1986111111111111 0.32005208333333335 0.19583333333333333 0.3078125 0.1986111111111111 0.303515625 0.2037037037037037 0.3 0.20416666666666666 0.29348958333333336 0.19907407407407407 0.28203125 0.19675925925925927 0.26875 0.2050925925925926 0.2677083333333333 0.21666666666666667 0.26901041666666664 0.2310185185185185
0 0.24817708333333333 0.7935185185185185 0.24765625 0.8037037037037037 0.25078125 0.812962962962963 0.25026041666666665 0.8185185185185185 0.24635416666666668 0.8273148148148148 0.23932291666666666 0.8347222222222223 0.23359375 0.8486111111111111 0.23385416666666667 0.8555555555555555 0.23567708333333334 0.8601851851851852 0.24947916666666667 0.8736111111111111 0.25104166666666666 0.8800925925925925 0.253125 0.8833333333333333 0.26953125 0.8907407407407407 0.2760416666666667 0.8953703703703704 0.27578125 0.8976851851851851 0.2796875 0.8967592592592593 0.28489583333333335 0.9009259259259259 0.2872395833333333 0.9009259259259259 0.29921875 0.8953703703703704 0.30572916666666666 0.8902777777777777 0.30885416666666665 0.8763888888888889 0.30755208333333334 0.8666666666666667 0.2908854166666667 0.836574074074074 0.27734375 0.8171296296296297 0.26223958333333336 0.7851851851851852 0.2552083333333333 0.7777777777777778 0.2515625 0.7819444444444444
0 0.2786458333333333 0.9148148148148149 0.2794270833333333 0.9310185185185185 0.28541666666666665 0.9425925925925925 0.28932291666666665 0.9444444444444444 0.30703125 0.9453703703703704 0.30833333333333335 0.9481481481481482 0.30963541666666666 0.9583333333333334 0.30520833333333336 0.9648148148148148 0.29375 0.9726851851851852 0.29270833333333335 0.975925925925926 0.29322916666666665 0.9861111111111112 0.29635416666666664 0.9916666666666667 0.30546875 0.999537037037037 0.36484375 0.999537037037037 0.36744791666666665 0.9944444444444445 0.3684895833333333 0.9856481481481482 0.37057291666666664 0.9842592592592593 0.37005208333333334 0.9791666666666666 0.37109375 0.975925925925926 0.3731770833333333 0.9740740740740741 0.36302083333333335 0.950462962962963 0.34765625 0.9231481481481482 0.33046875 0.9027777777777778 0.32265625 0.8833333333333333 0.3143229166666667 0.875 0.3104166666666667 0.8768518518518519 0.3065104166666667 0.8907407407407407 0.28463541666666664 0.9037037037037037 0.28125 0.9078703703703703