1 0.37419921875 0.4787212962962963 0.37880625 0.47713611111111115 0.38296718750000003 0.4721166666666667 0.3857908854166666 0.4644550925925926 0.38088671875 0.4483388888888889 0.3789549479166666 0.4290527777777778 0.3759825520833333 0.4256180555555556 0.3725645833333333 0.4250898148148148 0.36855208333333334 0.4256180555555556 0.36468828125 0.4287884259259259 0.36245911458333335 0.4343365740740741 0.3639453125 0.45230185185185184 0.36231041666666663 0.4689462962962963 0.3639453125 0.47396620370370374 0.36870078125 0.4781930555555555
1 0.5477755208333334 0.6359175925925926 0.5477755208333334 0.6168953703703703 0.5461408854166667 0.6126685185185186 0.54391171875 0.6094981481481482 0.5401963541666667 0.6071203703703704 0.5361838541666667 0.6071203703703704 0.5317255208333334 0.6084412037037037 0.5283075520833334 0.6126685185185186 0.52771328125 0.6190092592592592 0.5272674479166667 0.6364458333333333 0.5235520833333334 0.6533546296296296 0.52370078125 0.6581097222222222 0.5262270833333333 0.664450462962963 0.5302395833333333 0.6694703703703704 0.5361838541666667 0.6721125 0.5409393229166667 0.6715837962962964 0.5474781249999999 0.6665643518518518 0.550153125 0.6602236111111112 0.5510447916666668 0.6557324074074075
1 0.6766200520833333 0.46921064814814817 0.6800380208333333 0.47053148148148144 0.6850908854166666 0.4689462962962963 0.6894005208333333 0.46656851851851855 0.6920755208333333 0.4612847222222222 0.6886575520833333 0.4425268518518518 0.6889546875 0.4237689814814815 0.6870229166666667 0.42059861111111113 0.6836046875 0.4190134259259259 0.6795921875000001 0.4187490740740741 0.6749854166666667 0.4198060185185185 0.6721617187500001 0.42350462962962965 0.6718645833333333 0.4430550925925926 0.6687437500000001 0.4612847222222222 0.67201328125 0.46709675925925925
1 0.9141434895833334 0.626475 0.9184184895833333 0.6095375000000001 0.9184184895833333 0.6054115740740741 0.9171971354166666 0.6010685185185185 0.9151205729166667 0.5973773148148148 0.9108455729166667 0.5934685185185186 0.9077919270833333 0.5915143518518519 0.9042494791666668 0.5910796296296296 0.9011958333333333 0.5919486111111111 0.8987528645833333 0.5945541666666667 0.8946000000000001 0.6099717592592593 0.8856833333333333 0.6251722222222222 0.88507265625 0.631686574074074 0.8867825520833333 0.6377671296296297 0.8909356770833334 0.6455842592592592 0.8953328125 0.6499273148148148 0.901684375 0.6536189814814815 0.9062039062499999 0.6538361111111112 0.9115783854166666 0.6499273148148148 0.9142656250000001 0.6442814814814815
1 0.9859653645833333 0.45232175925925927 0.9864541666666666 0.43299537037037034 0.9901184895833333 0.4149717592592593 0.9896299479166667 0.41106342592592593 0.9862098958333333 0.4075888888888889 0.9825453125 0.40563472222222224 0.9791252604166666 0.40476574074074073 0.97509453125 0.4052 0.9726515625 0.40650324074074073 0.9688651041666667 0.42278935185185185 0.9614140624999999 0.4401611111111111 0.9628796875 0.44580694444444446 0.9670328125 0.4499328703703704 0.9728958333333334 0.45362453703703703 0.9825453125 0.4551444444444444
2 0.41840078125 0.48185 0.42273671875 0.48736759259259255 0.42973489583333335 0.4852347222222222 0.43133463541666667 0.4799032407407407 0.43133463541666667 0.4671078703703704 0.432334375 0.45182453703703707 0.4305348958333333 0.4472041666666667 0.42693567708333335 0.4450717592592593 0.42193671875 0.4479148148148148 0.4191375 0.46924074074074074
2 0.5891041666666667 0.668000925925926 0.5922973958333333 0.6746777777777778 0.59809609375 0.6760995370370371 0.6030950520833334 0.6707680555555555 0.6064942708333334 0.637713425925926 0.6062942708333333 0.6327375 0.6022953125 0.6281166666666667 0.5974963541666667 0.627050462962963 0.5936971354166667 0.6316712962962964 0.5894981770833333 0.6583282407407408
2 0.7206515625000001 0.4740287037037037 0.72238828125 0.4785541666666666 0.7251875 0.479975925925926 0.7319859375 0.4810421296296296 0.7349854166666667 0.4650476851851852 0.7375846354166666 0.4462101851851852 0.73598515625 0.4426560185185185 0.7319859375 0.4408787037037037 0.7281869791666666 0.442300462962963 0.72218828125 0.46540324074074074
2 0.9465695312500001 0.6472740740740741 0.9487359375000001 0.6541351851851852 0.9547346354166667 0.6573342592592593 0.95993359375 0.6566231481481482 0.9641325520833333 0.6445388888888889 0.96973125 0.6193032407407407 0.9665320312500001 0.6139722222222223 0.95953359375 0.6100625 0.9541348958333333 0.623924074074074 0.9483361979166667 0.6402736111111111
0 0.23776041666666667 0.513425925925926 0.23828125 0.5476851851851852 0.24088541666666666 0.5583333333333333 0.24505208333333334 0.5680555555555555 0.2520833333333333 0.5782407407407407 0.265625 0.5930555555555556 0.2721354166666667 0.5935185185185186 0.27630208333333334 0.5925925925925926 0.2791666666666667 0.5898148148148148 0.28932291666666665 0.5893518518518519 0.29348958333333336 0.5902777777777778 0.30104166666666665 0.5986111111111111 0.30364583333333334 0.6027777777777777 0.31302083333333336 0.6689814814814815 0.3182291666666667 0.6861111111111111 0.328125 0.7037037037037037 0.34088541666666666 0.7175925925925926 0.35208333333333336 0.7226851851851852 0.35703125 0.7231481481481481 0.36223958333333334 0.7263888888888889 0.36822916666666666 0.7268518518518519 0.37421875 0.725462962962963 0.37526041666666665 0.7023148148148148 0.3768229166666667 0.6916666666666667 0.37890625 0.6847222222222222 0.38333333333333336 0.6777777777777778 0.39010416666666664 0.674537037037037 0.40286458333333336 0.6722222222222223 0.4078125 0.6685185185185185 0.41901041666666666 0.6712962962962963 0.42890625 0.6689814814814815 0.4322916666666667 0.6666666666666666 0.440625 0.6439814814814815 0.44947916666666665 0.6300925925925925 0.45416666666666666 0.6199074074074075 0.45364583333333336 0.5847222222222223 0.4596354166666667 0.5745370370370371 0.45989583333333334 0.5671296296296297 0.46171875 0.5671296296296297 0.4630208333333333 0.5717592592592593 0.4671875 0.5708333333333333 0.46953125 0.5745370370370371 0.4700520833333333 0.5777777777777777 0.4739583333333333 0.5814814814814815 0.48723958333333334 0.5791666666666667 0.49895833333333334 0.5625 0.5052083333333334 0.549074074074074 0.509375 0.5375 0.5104166666666666 0.5273148148148148 0.5096354166666667 0.4981481481481482 0.5083333333333333 0.48518518518518516 0.5065104166666666 0.4787037037037037 0.5033854166666667 0.4736111111111111 0.4986979166666667 0.4708333333333333 0.49140625 0.4699074074074074 0.45989583333333334 0.4703703703703704 0.44635416666666666 0.44907407407407407 0.4278645833333333 0.43287037037037035 0.40989583333333335 0.4236111111111111 0.39140625 0.41944444444444445 0.3796875 0.41944444444444445 0.36666666666666664 0.425 0.36302083333333335 0.42268518518518516 0.3578125 0.42314814814814816 0.3377604166666667 0.43148148148148147 0.32786458333333335 0.43796296296296294 0.31640625 0.4486111111111111 0.30390625 0.46296296296296297 0.2989583333333333 0.4703703703703704 0.29635416666666664 0.4773148148148148 0.29375 0.4787037037037037 0.278125 0.47824074074074074 0.25052083333333336 0.4824074074074074 0.24348958333333334 0.4888888888888889 0.23958333333333334 0.5018518518518519
0 0.3765625 0.6976851851851852 0.3765625 0.7490740740740741 0.37838541666666664 0.7611111111111111 0.3776041666666667 0.7662037037037037 0.37864583333333335 0.7726851851851851 0.38307291666666665 0.7824074074074074 0.40390625 0.8074074074074075 0.41015625 0.8106481481481481 0.41510416666666666 0.8106481481481481 0.4192708333333333 0.8083333333333333 0.43307291666666664 0.8078703703703703 0.43515625 0.8074074074074075 0.4356770833333333 0.8050925925925926 0.43828125 0.8069444444444445 0.44166666666666665 0.8009259259259259 0.44244791666666666 0.8013888888888889 0.4432291666666667 0.8032407407407407 0.44296875 0.8069444444444445 0.44583333333333336 0.8078703703703703 0.44973958333333336 0.8171296296296297 0.4505208333333333 0.8236111111111111 0.45 0.8277777777777777 0.45234375 0.8416666666666667 0.45260416666666664 0.8634259259259259 0.4546875 0.8768518518518519 0.4640625 0.9046296296296297 0.46953125 0.9157407407407407 0.48723958333333334 0.9407407407407408 0.49583333333333335 0.9453703703703704 0.5015625 0.9513888888888888 0.5127604166666667 0.9574074074074074 0.5309895833333333 0.962037037037037 0.5388020833333333 0.9625 0.5567708333333333 0.9574074074074074 0.5614583333333333 0.9574074074074074 0.5684895833333333 0.9541666666666667 0.5815104166666667 0.9439814814814815 0.5872395833333334 0.937037037037037 0.59296875 0.9263888888888889 0.5953125 0.925 0.6033854166666667 0.9115740740740741 0.61171875 0.8935185185185185 0.6177083333333333 0.8685185185185185 0.6197916666666666 0.8277777777777777 0.63125 0.8032407407407407 0.63828125 0.7833333333333333 0.6403645833333333 0.7796296296296297 0.6463541666666667 0.7791666666666667 0.6544270833333333 0.775 0.6653645833333334 0.7759259259259259 0.66953125 0.7731481481481481 0.6833333333333333 0.7574074074074074 0.6919270833333333 0.7412037037037037 0.6955729166666667 0.7138888888888889 0.69453125 0.7097222222222223 0.6947916666666667 0.6916666666666667 0.6934895833333333 0.6777777777777778 0.68828125 0.6578703703703703 0.6833333333333333 0.649074074074074 0.6752604166666667 0.6449074074074074 0.6265625 0.649074074074074 0.6247395833333333 0.6402777777777777 0.61953125 0.6319444444444444 0.6065104166666667 0.6152777777777778 0.5942708333333333 0.6037037037037037 0.5776041666666667 0.5935185185185186 0.57109375 0.5879629629629629 0.5479166666666667 0.5824074074074074 0.528125 0.5819444444444445 0.5111979166666667 0.5842592592592593 0.5015625 0.5875 0.4942708333333333 0.5925925925925926 0.4825520833333333 0.5976851851851852 0.45703125 0.6199074074074075 0.44088541666666664 0.6472222222222223 0.43697916666666664 0.6564814814814814 0.43515625 0.6648148148148149 0.43307291666666664 0.6685185185185185 0.42916666666666664 0.6708333333333333 0.41171875 0.675 0.40651041666666665 0.6731481481481482 0.39036458333333335 0.6759259259259259 0.38515625 0.6782407407407407 0.3802083333333333 0.6837962962962963
0 0.54296875 0.4898148148148148 0.5419270833333333 0.5212962962962963 0.5440104166666667 0.5393518518518519 0.5494791666666666 0.5537037037037037 0.5552083333333333 0.5625 0.5604166666666667 0.5745370370370371 0.5671875 0.5814814814814815 0.57109375 0.5833333333333334 0.5963541666666666 0.5782407407407407 0.5979166666666667 0.5814814814814815 0.59609375 0.5847222222222223 0.59609375 0.5893518518518519 0.5979166666666667 0.6050925925925926 0.6151041666666667 0.6240740740740741 0.6244791666666667 0.638425925925926 0.6265625 0.6398148148148148 0.6270833333333333 0.6439814814814815 0.6296875 0.6467592592592593 0.63984375 0.6472222222222223 0.6721354166666667 0.6435185185185185 0.6825520833333333 0.6472222222222223 0.6856770833333333 0.6509259259259259 0.6903645833333333 0.6611111111111111 0.6942708333333333 0.6763888888888889 0.6963541666666667 0.7101851851851851 0.6984375 0.7125 0.7088541666666667 0.711574074074074 0.7098958333333333 0.7138888888888889 0.7109375 0.7111111111111111 0.7135416666666666 0.7106481481481481 0.7174479166666666 0.7069444444444445 0.7169270833333333 0.7032407407407407 0.72890625 0.6842592592592592 0.7377604166666667 0.6578703703703703 0.7375 0.6476851851851851 0.7388020833333333 0.6449074074074074 0.7401041666666667 0.6351851851851852 0.7432291666666667 0.6226851851851852 0.7440104166666667 0.6125 0.74609375 0.6092592592592593 0.746875 0.6023148148148149 0.7494791666666667 0.5967592592592592 0.7619791666666667 0.5736111111111111 0.7830729166666667 0.575462962962963 0.79375 0.5643518518518519 0.8002604166666667 0.5546296296296296 0.8049479166666667 0.5453703703703704 0.8072916666666666 0.537962962962963 0.80859375 0.5305555555555556 0.8083333333333333 0.5222222222222223 0.8104166666666667 0.5050925925925925 0.8091145833333333 0.49444444444444446 0.8036458333333333 0.4810185185185185 0.7932291666666667 0.46944444444444444 0.77734375 0.4652777777777778 0.7565104166666666 0.4671296296296296 0.7513020833333334 0.46620370370370373 0.7494791666666667 0.4615740740740741 0.7388020833333333 0.45092592592592595 0.7354166666666667 0.4444444444444444 0.7286458333333333 0.44027777777777777 0.7200520833333334 0.43148148148148147 0.7083333333333334 0.42407407407407405 0.6927083333333334 0.41759259259259257 0.6794270833333333 0.4162037037037037 0.6731770833333334 0.4134259259259259 0.6471354166666666 0.4148148148148148 0.6375 0.41759259259259257 0.6252604166666667 0.4236111111111111 0.609375 0.43472222222222223 0.6026041666666667 0.44212962962962965 0.59375 0.4564814814814815 0.5893229166666667 0.4675925925925926 0.5651041666666666 0.46944444444444444 0.55078125 0.4722222222222222 0.5455729166666666 0.4787037037037037
0 0.7359375 0.6967592592592593 0.7361979166666667 0.7171296296296297 0.7440104166666667 0.7412037037037037 0.74453125 0.7481481481481481 0.7481770833333333 0.7560185185185185 0.7526041666666666 0.7615740740740741 0.753125 0.7652777777777777 0.7559895833333333 0.7685185185185185 0.7611979166666667 0.7800925925925926 0.7692708333333333 0.7861111111111111 0.7733072916666667 0.7870370370370371 0.7817708333333333 0.799537037037037 0.7877604166666666 0.8361111111111111 0.790625 0.8472222222222222 0.8020833333333334 0.8726851851851852 0.80546875 0.8787037037037037 0.8091145833333333 0.8814814814814815 0.8140625 0.8935185185185185 0.8205729166666667 0.8972222222222223 0.8260416666666667 0.9078703703703703 0.83203125 0.9143518518518519 0.8421875 0.9208333333333333 0.84453125 0.924074074074074 0.8692708333333333 0.9365740740740741 0.903125 0.9393518518518519 0.9184895833333333 0.9347222222222222 0.9317708333333333 0.925 0.9447916666666667 0.9078703703703703 0.95078125 0.8958333333333334 0.95703125 0.8777777777777778 0.9583333333333334 0.8694444444444445 0.9640625 0.8532407407407407 0.9661458333333334 0.8430555555555556 0.9690104166666667 0.8379629629629629 0.9885416666666667 0.8194444444444444 0.9997395833333333 0.799537037037037 0.9997395833333333 0.6990740740740741 0.9979166666666667 0.6962962962962963 0.9942708333333333 0.6787037037037037 0.9859375 0.6564814814814814 0.9640625 0.6180555555555556 0.934375 0.5930555555555556 0.8973958333333333 0.5726851851851852 0.8716145833333333 0.5662037037037037 0.8552083333333333 0.5652777777777778 0.82421875 0.5731481481481482 0.8083333333333333 0.5833333333333334 0.79453125 0.600925925925926 0.7890625 0.612037037037037 0.784375 0.6277777777777778 0.78195625 0.6483305555555555 0.7559895833333333 0.6537037037037037 0.7442708333333333 0.6578703703703703 0.740625 0.6611111111111111 0.73671875 0.6717592592592593
0 0.8309895833333333 0.5 0.83125 0.5087962962962963 0.8369791666666667 0.5236111111111111 0.8518229166666667 0.5537037037037037 0.8575520833333333 0.5606481481481481 0.86484375 0.5638888888888889 0.8786458333333333 0.5648148148148148 0.88359375 0.5675925925925925 0.89609375 0.5689814814814815 0.9291666666666667 0.5851851851851851 0.9302083333333333 0.5884259259259259 0.93828125 0.5958333333333333 0.9447916666666667 0.5986111111111111 0.94609375 0.6023148148148149 0.9536458333333333 0.6092592592592593 0.9635416666666666 0.6106481481481482 0.9674479166666666 0.6138888888888889 0.9736979166666667 0.6300925925925925 0.9997395833333333 0.6925509259259259 0.9997395833333333 0.6277777777777778 0.9997395833333333 0.4203703703703704 0.9924479166666667 0.41712962962962963 0.984375 0.40694444444444444 0.98046875 0.40555555555555556 0.9674479166666666 0.40694444444444444 0.95 0.4013888888888889 0.93046875 0.4009259259259259 0.9153645833333334 0.40324074074074073 0.890625 0.4148148148148148 0.884375 0.4217592592592593 0.878125 0.4324074074074074 0.8684895833333334 0.4597222222222222 0.8486979166666667 0.4615740740740741 0.8416666666666667 0.4652777777777778 0.83828125 0.47129629629629627