1 0.8094888020833333 0.41588194444444443 0.8129802083333334 0.41635694444444443 0.8160830729166667 0.41392361111111114 0.816721875 0.405812962962963 0.818090625 0.40078425925925926 0.8183643229166666 0.39818888888888887 0.8174518229166666 0.39543148148148144 0.8156265625 0.3931601851851852 0.8133453125 0.392025 0.8117940104166668 0.3928361111111111 0.8097861979166667 0.3938092592592593 0.8081437499999999 0.4014333333333333 0.8052234375 0.4064615740740741 0.8047671875 0.40954398148148147 0.80577109375 0.41213935185185185
1 0.7993489583333333 0.4935208333333334 0.8027104166666666 0.4947763888888889 0.8059955729166667 0.4941277777777778 0.8078208333333333 0.49266759259259263 0.8088244791666667 0.48309722222222223 0.8104671875 0.47595972222222227 0.8108322916666667 0.4730402777777778 0.8093721354166666 0.4701203703703704 0.8071820312500001 0.46849814814814816 0.8044442708333333 0.46720046296296297 0.8016153645833334 0.4683361111111111 0.8003377604166667 0.4704449074074074 0.7993338541666667 0.47677083333333337 0.7956835937500001 0.4824486111111111 0.7949536458333333 0.4852060185185186 0.7954098958333333 0.48812592592592596 0.7966875000000001 0.4902347222222222
1 0.68640390625 0.4280185185185185 0.6891804687499999 0.42899629629629626 0.6925567708333333 0.4273740740740741 0.694290625 0.42558981481481484 0.6941080729166667 0.4197504629629629 0.6934692708333333 0.4171546296296296 0.6941994791666667 0.41326157407407405 0.6945645833333334 0.41001759259259263 0.6934692708333333 0.40742222222222224 0.6912791666666667 0.40547546296296294 0.6886328125 0.4040157407407407 0.6866252604166667 0.4058 0.68580390625 0.4085574074074074 0.68525625 0.4129375 0.6846174479166667 0.41601944444444444 0.6838875000000001 0.4179657407407408 0.6828835937500001 0.420237037037037 0.6827924479166666 0.42348101851851855 0.6838875000000001 0.42591435185185184
1 0.6555825520833333 0.512975462962963 0.65911640625 0.5123643518518519 0.6619453125 0.5107421296296296 0.6632229166666667 0.5078222222222222 0.6626752604166666 0.5008472222222222 0.6636791666666666 0.49549444444444446 0.6640440104166667 0.4914388888888889 0.6628578125 0.48803240740740744 0.6605763020833333 0.485761574074074 0.65765625 0.48511250000000006 0.65619609375 0.4859236111111111 0.6549184895833334 0.4873837962962963 0.6539145833333334 0.49046574074074073 0.6536408854166668 0.4953319444444444 0.6524546875 0.49808981481481485 0.650446875 0.5013337962962964 0.650446875 0.5053893518518519 0.6519070312499999 0.5091199074074074 0.6537322916666667 0.5115532407407407
1 0.5541833333333333 0.43997685185185187 0.5559890625 0.44035879629629626 0.5582703124999999 0.43906111111111107 0.5599130208333333 0.4372768518518519 0.5599130208333333 0.4359791666666667 0.5590005208333333 0.4293282407407408 0.5594567708333333 0.4225152777777778 0.5595479166666667 0.4192712962962963 0.5587265625000001 0.4171625 0.5569927083333333 0.4153777777777778 0.5551677083333334 0.4147291666666667 0.5536164062500001 0.41586481481481485 0.5518825520833333 0.4174865740740741 0.5512437499999999 0.42186666666666667 0.5510611979166666 0.42657083333333334 0.5503309895833334 0.4296527777777778 0.54932734375 0.4335458333333333 0.5492359375 0.4359791666666667 0.5503309895833334 0.43695231481481484 0.5523388020833334 0.4392231481481481
1 0.4962552083333333 0.5295740740740741 0.49974609375 0.528425925925926 0.5023013020833333 0.5266412037037037 0.5036700520833334 0.5233972222222222 0.5038526041666667 0.5203152777777779 0.5028486979166666 0.5162597222222223 0.5019361979166667 0.5141509259259259 0.5019361979166667 0.5086356481481482 0.5022098958333333 0.5049050925925926 0.50202734375 0.5021472222222222 0.49956354166666667 0.49987638888888886 0.49636953125 0.49922731481481475 0.4941794270833333 0.5006875 0.4929018229166667 0.5031203703703704 0.49262812500000003 0.5081490740740742 0.4924455729166667 0.5143134259259259 0.49080286458333333 0.5173953703703704 0.49043776041666665 0.521126388888889 0.4912591145833333 0.5243703703703704 0.49262812500000003 0.5276148148148148
1 0.40981458333333337 0.4542550925925926 0.41307317708333335 0.45360416666666664 0.41571953125 0.4501976851851852 0.4160846354166667 0.44711574074074073 0.4140768229166667 0.4399782407407407 0.413803125 0.4326787037037037 0.41389427083333336 0.4300833333333333 0.41234296875 0.42846157407407404 0.41024401041666664 0.42797453703703703 0.4079627604166667 0.4282990740740741 0.40650260416666667 0.42975925925925923 0.40559010416666663 0.4323546296296296 0.40586380208333334 0.4360851851851852 0.4060463541666667 0.4409518518518519 0.405225 0.4448449074074074 0.40476874999999995 0.44906250000000003 0.40559010416666663 0.45165787037037036 0.4070502604166667 0.4534421296296296
1 0.3175513020833333 0.5511703703703704 0.3205502604166667 0.5507157407407408 0.323196875 0.5490935185185185 0.32556953125 0.5460115740740741 0.3262994791666667 0.5430916666666666 0.32556953125 0.5396851851851852 0.323196875 0.5349810185185185 0.32301432291666665 0.5302768518518518 0.32228411458333334 0.5258972222222222 0.3215541666666667 0.5218421296296297 0.3200940104166667 0.5202199074074074 0.31763020833333333 0.5198953703703704 0.31553125000000004 0.5200578703703704 0.31334114583333333 0.5226532407407407 0.31215468749999997 0.5255726851851852 0.31270234375 0.531087962962963 0.31270234375 0.5364412037037037 0.31261093749999996 0.5401722222222222 0.31206354166666667 0.5437407407407407 0.31261093749999996 0.5468226851851852 0.31407109375 0.5489314814814815
1 0.24787682291666666 0.46460694444444445 0.25072057291666666 0.46471064814814816 0.25373203125 0.46292638888888893 0.25592213541666664 0.45919537037037034 0.2562872395833333 0.45627546296296295 0.2533669270833333 0.4488138888888889 0.252728125 0.44459629629629627 0.25190677083333335 0.4405412037037037 0.2509942708333333 0.43810787037037036 0.24853046874999998 0.43632361111111106 0.24551901041666666 0.43632361111111106 0.24369375 0.43859444444444445 0.24223359375 0.44313657407407403 0.24278125 0.4473537037037037 0.24351119791666667 0.45238240740740737 0.24323750000000002 0.45692453703703706 0.24314635416666666 0.4608175925925926 0.24396744791666666 0.4632509259259259
1 0.12416380208333333 0.5703263888888889 0.12754010416666667 0.5690287037037037 0.13119036458333333 0.5661087962962963 0.13374557291666667 0.5631893518518518 0.13557083333333333 0.5597828703703704 0.13575338541666668 0.5558893518518518 0.13429322916666667 0.5521587962962963 0.13128177083333334 0.5482657407407407 0.12982161458333333 0.5432370370370371 0.12909166666666666 0.5395060185185185 0.12744895833333333 0.536748611111111 0.12452864583333333 0.535775 0.12142604166666666 0.5369106481481482 0.11887083333333333 0.5386949074074073 0.11668072916666666 0.5404791666666666 0.11558567708333332 0.5427504629629629 0.11604192708333333 0.5468055555555555 0.11668072916666666 0.5510231481481481 0.11804947916666667 0.5550787037037037 0.1187796875 0.5576740740740741 0.11859713541666667 0.5607560185185185 0.11905338541666667 0.5640000000000001 0.12033098958333334 0.5669199074074074 0.12270364583333333 0.5690287037037037
2 0.15694296875 0.5466763888888888 0.16117786458333333 0.545037037037037 0.16492083333333335 0.5472550925925925 0.16700052083333333 0.5661069444444444 0.16450494791666664 0.5712819444444445 0.15909817708333335 0.5720212962962963
2 0.2745346354166667 0.44784398148148147 0.27430364583333333 0.46815092592592594 0.2784627604166667 0.4707384259259259 0.28095807291666663 0.46704212962962965 0.2797104166666667 0.44819027777777776 0.2774229166666667 0.4467115740740741
2 0.34705729166666666 0.5320342592592593 0.34583932291666664 0.5516907407407408 0.34833463541666665 0.5550175925925925 0.35332552083333335 0.5542782407407407 0.35290963541666664 0.532099537037037 0.3499981770833333 0.5298814814814815
2 0.4333065104166666 0.4388962962962963 0.43141276041666665 0.45860694444444444 0.43453203125 0.46267314814814814 0.4382752604166667 0.45971574074074073 0.43889921875 0.4419726851851852 0.4380671875 0.43901574074074073 0.43598776041666665 0.43753703703703706
2 0.5234450520833334 0.5088518518518518 0.5202083333333333 0.5251430555555555 0.5216640625 0.5288393518518518 0.5256151041666667 0.5306875000000001 0.528734375 0.5114662037037038 0.5270708333333334 0.5081393518518518
2 0.5760640625 0.4242546296296296 0.5728203125 0.440124537037037 0.5751078125000001 0.4460388888888889 0.57864296875 0.44456064814814816 0.5819700520833333 0.4268175925925926 0.5794747395833333 0.4238601851851852
2 0.68038671875 0.4954300925925926 0.6763643229166667 0.5120888888888889 0.6780281250000001 0.5157851851851852 0.68177109375 0.5168944444444444 0.68634609375 0.4991513888888888 0.6855143229166667 0.49471574074074076 0.6828109375 0.4936064814814815
2 0.7085263020833333 0.41286666666666666 0.7046458333333334 0.4285490740740741 0.7058934895833333 0.4333546296296297 0.7098447916666667 0.4337240740740741 0.7135877604166667 0.4193078703703704 0.7127559895833334 0.4145027777777778
2 0.8297786458333333 0.4026986111111111 0.8260898437499999 0.41598101851851854 0.8275455729166666 0.42189537037037034 0.8304567708333334 0.42189537037037034 0.8364875 0.4071097222222222 0.8348239583333333 0.4026740740740741
2 0.8236015625 0.47590740740740745 0.8179796874999999 0.49027962962962957 0.8196432291666667 0.49471574074074076 0.8231786458333333 0.49582453703703705 0.8296250000000001 0.48288703703703706 0.8292091145833334 0.47734212962962963 0.8265057291666668 0.47512453703703705
0 0.03802083333333333 0.5921296296296297 0.03671875 0.5953703703703703 0.03723958333333333 0.600925925925926 0.039322916666666666 0.6129629629629629 0.043229166666666666 0.6240740740740741 0.05286458333333333 0.6337962962962963 0.059895833333333336 0.6333333333333333 0.090625 0.6708333333333333 0.09166666666666666 0.675 0.10208333333333333 0.6912037037037037 0.10338541666666666 0.700462962962963 0.10598958333333333 0.7064814814814815 0.11953125 0.7162037037037037 0.13072916666666667 0.7175925925925926 0.14947916666666666 0.7143518518518519 0.15911458333333334 0.7092592592592593 0.16979166666666667 0.7069444444444445 0.19453125 0.6689814814814815 0.19973958333333333 0.638425925925926 0.19895833333333332 0.6337962962962963 0.19401041666666666 0.6300925925925925 0.19453125 0.624537037037037 0.2 0.6226851851851852 0.20494791666666667 0.6185185185185185 0.21328125 0.6064814814814815 0.22213541666666667 0.5884259259259259 0.22395833333333334 0.5810185185185185 0.22161458333333334 0.5689814814814815 0.21692708333333333 0.5555555555555556 0.19661458333333334 0.5560185185185185 0.19427083333333334 0.5537037037037037 0.19140625 0.5425925925925926 0.18671875 0.5356481481481481 0.18125 0.5310185185185186 0.17291666666666666 0.5268518518518519 0.15390625 0.5236111111111111 0.13385416666666666 0.5277777777777778 0.11770833333333333 0.5361111111111111 0.10390625 0.5458333333333333 0.078125 0.5731481481481482 0.075 0.5708333333333333 0.07005208333333333 0.5722222222222222 0.0671875 0.5703703703703704 0.06276041666666667 0.575 0.06041666666666667 0.575 0.059895833333333336 0.5726851851851852 0.05 0.5740740740740741 0.046614583333333334 0.5768518518518518
0 0.17682291666666666 0.4842592592592593 0.17838541666666666 0.5009259259259259 0.18229166666666666 0.5106481481481482 0.19244791666666666 0.5212962962962963 0.20234375 0.5212962962962963 0.20729166666666668 0.524074074074074 0.21484375 0.5365740740740741 0.21979166666666666 0.5537037037037037 0.22005208333333334 0.5578703703703703 0.22578125 0.5745370370370371 0.234375 0.5814814814814815 0.23541666666666666 0.5763888888888888 0.23802083333333332 0.5745370370370371 0.23958333333333334 0.5615740740740741 0.24088541666666666 0.5583333333333333 0.25807291666666665 0.5509259259259259 0.26197916666666665 0.5509259259259259 0.26510416666666664 0.5537037037037037 0.2716145833333333 0.5509259259259259 0.278125 0.5398148148148149 0.29296875 0.5217592592592593 0.2942708333333333 0.5189814814814815 0.29453125 0.5111111111111111 0.29609375 0.5060185185185185 0.3020833333333333 0.5050925925925925 0.3059895833333333 0.5115740740740741 0.30885416666666665 0.5125 0.31484375 0.5097222222222222 0.321875 0.4962962962962963 0.32421875 0.4875 0.32473958333333336 0.47685185185185186 0.3223958333333333 0.46620370370370373 0.32057291666666665 0.46296296296296297 0.3111979166666667 0.4601851851851852 0.30364583333333334 0.46064814814814814 0.2994791666666667 0.45694444444444443 0.29375 0.44722222222222224 0.2828125 0.4393518518518518 0.27005208333333336 0.4351851851851852 0.2578125 0.43472222222222223 0.2453125 0.43703703703703706 0.2296875 0.44583333333333336 0.22005208333333334 0.4537037037037037 0.20859375 0.46620370370370373 0.19921875 0.46435185185185185 0.18567708333333333 0.4666666666666667 0.18151041666666667 0.4708333333333333
0 0.24036458333333333 0.5643518518518519 0.24036458333333333 0.5731481481481482 0.23802083333333332 0.5851851851851851 0.24713541666666666 0.6134259259259259 0.2552083333333333 0.6175925925925926 0.25885416666666666 0.6171296296296296 0.26145833333333335 0.6194444444444445 0.27239583333333334 0.6222222222222222 0.28229166666666666 0.6370370370370371 0.2864583333333333 0.6583333333333333 0.29296875 0.6787037037037037 0.30026041666666664 0.687962962962963 0.30755208333333334 0.6921296296296297 0.31796875 0.6935185185185185 0.328125 0.6935185185185185 0.33880208333333334 0.6902777777777778 0.34453125 0.687037037037037 0.3578125 0.6736111111111112 0.36796875 0.6546296296296297 0.37057291666666664 0.6412037037037037 0.37265625 0.6194444444444445 0.3697916666666667 0.6148148148148148 0.36796875 0.6074074074074074 0.3697916666666667 0.6050925925925926 0.3807291666666667 0.6041666666666666 0.390625 0.5995370370370371 0.3971354166666667 0.5879629629629629 0.40130208333333334 0.5726851851851852 0.4 0.549537037037037 0.39791666666666664 0.5430555555555555 0.37421875 0.5402777777777777 0.35911458333333335 0.5185185185185185 0.3419270833333333 0.5115740740740741 0.33307291666666666 0.5101851851851852 0.3177083333333333 0.5101851851851852 0.30520833333333336 0.5166666666666667 0.28932291666666665 0.5287037037037037 0.2794270833333333 0.5398148148148149 0.2733072916666667 0.5502314814814815 0.24895833333333334 0.5564814814814815 0.24296875 0.5597222222222222
0 0.34296875 0.47311018518518516 0.34296875 0.4851472222222222 0.3453125 0.4948694444444444 0.3533854166666667 0.5055175925925925 0.3580729166666667 0.5082953703703703 0.37415963541666664 0.5087856481481482 0.376978125 0.5393407407407408 0.39952604166666666 0.5403421296296296 0.40260416666666665 0.5712583333333333 0.40338541666666666 0.5744990740740741 0.40729166666666666 0.5768138888888888 0.42161458333333335 0.574962037037037 0.4223559895833333 0.5398412037037037 0.42940208333333335 0.5328287037037037 0.44744036458333336 0.5288217592592593 0.44941328125 0.5082847222222222 0.4596354166666667 0.5045916666666667 0.46848958333333335 0.4976472222222222 0.47421875 0.486999074074074 0.4765625 0.4786657407407407 0.4765625 0.4707953703703704 0.4739583333333333 0.4569064814814815 0.4515625 0.4550546296296296 0.44869791666666664 0.4462583333333333 0.4432291666666667 0.43838796296296295 0.42916666666666664 0.4291287037037037 0.4200520833333333 0.42588796296296294 0.39921875 0.4277398148148148 0.39036458333333335 0.43144351851851853 0.37942708333333336 0.44023981481481483 0.36692708333333335 0.45598055555555556 0.35911458333333335 0.4550546296296296 0.34921875 0.46246203703703703 0.3453125 0.46616574074074074
0 0.4231770833333333 0.5481481481481482 0.42291666666666666 0.5574074074074075 0.4244791666666667 0.5740740740740741 0.4309895833333333 0.5810185185185185 0.4322916666666667 0.5837962962962963 0.4322916666666667 0.5888888888888889 0.43515625 0.5925925925925926 0.44921875 0.5930555555555556 0.45598958333333334 0.600462962962963 0.45546875 0.6199074074074075 0.4583333333333333 0.6351851851851852 0.4609375 0.6412037037037037 0.47369791666666666 0.6587962962962963 0.48932291666666666 0.6662037037037037 0.5020833333333333 0.6657407407407407 0.5127604166666667 0.6615740740740741 0.5231770833333333 0.6504629629629629 0.5299479166666666 0.638425925925926 0.5341145833333333 0.6125 0.534375 0.6018518518518519 0.5364583333333334 0.5944444444444444 0.5427083333333333 0.5810185185185185 0.5463541666666667 0.5791666666666667 0.55 0.5810185185185185 0.5526041666666667 0.5796296296296296 0.5578125 0.5810185185185185 0.5682291666666667 0.5717592592592593 0.5703125 0.5662037037037037 0.5677083333333334 0.5296296296296297 0.5635416666666667 0.5212962962962963 0.56015625 0.5189814814814815 0.5533854166666666 0.5185185185185185 0.5401041666666667 0.5226851851851851 0.53359375 0.5125 0.51953125 0.49953703703703706 0.49505208333333334 0.49027777777777776 0.47369791666666666 0.4930555555555556 0.45871432291666664 0.5077842592592593 0.4468768229166667 0.5283208333333334 0.42855651041666665 0.5328287037037037 0.42526041666666664 0.5402777777777777
0 0.4901041666666667 0.4597222222222222 0.4908854166666667 0.4736111111111111 0.49765625 0.48842592592592593 0.51320234375 0.495136574074074 0.5250401041666667 0.502149074074074 0.5377231770833333 0.5186787037037037 0.5636533854166667 0.5181777777777777 0.5675992187500001 0.5261921296296297 0.5703125 0.5467592592592593 0.57109375 0.55 0.5744791666666667 0.5481481481481482 0.58125 0.5328703703703703 0.5841145833333333 0.5189814814814815 0.5846354166666666 0.5060185185185185 0.5869791666666667 0.4986111111111111 0.5903645833333333 0.49212962962962964 0.5981770833333333 0.4847222222222222 0.6046875 0.4828703703703704 0.6106770833333334 0.4740740740740741 0.6130208333333333 0.4671296296296296 0.6140625 0.45 0.61328125 0.4449074074074074 0.6106770833333334 0.4393518518518518 0.6059895833333333 0.4356481481481482 0.5953125 0.43425925925925923 0.5895833333333333 0.43842592592592594 0.5825520833333333 0.4305555555555556 0.5802083333333333 0.425 0.5674479166666667 0.41805555555555557 0.55703125 0.4148148148148148 0.5515625 0.4166666666666667 0.5424479166666667 0.4152777777777778 0.5361979166666667 0.4162037037037037 0.5260416666666666 0.4212962962962963 0.5182291666666666 0.42824074074074076 0.5109375 0.44027777777777777 0.5020833333333333 0.44537037037037036 0.4942708333333333 0.44675925925925924 0.49166666666666664 0.449537037037037
0 0.5828125 0.5361111111111111 0.584375 0.5476851851851852 0.60703125 0.5939814814814814 0.6104166666666667 0.6125 0.6143229166666667 0.6175925925925926 0.61796875 0.6268518518518519 0.63125 0.6388888888888888 0.6403645833333333 0.6430555555555556 0.6559895833333333 0.6453703703703704 0.6666666666666666 0.6412037037037037 0.6794270833333333 0.6268518518518519 0.7104166666666667 0.5458333333333333 0.7190104166666667 0.5370370370370371 0.7208333333333333 0.5282407407407408 0.7177083333333333 0.5115740740740741 0.7104166666666667 0.5041666666666667 0.6901908854166667 0.5074074074074074 0.6861979166666666 0.5032407407407408 0.6848958333333334 0.4962962962962963 0.6700520833333333 0.48703703703703705 0.6635416666666667 0.48564814814814816 0.6513020833333333 0.4791666666666667 0.6369791666666667 0.4787037037037037 0.6244791666666667 0.4828703703703704 0.6151041666666667 0.48935185185185187 0.6078125 0.500462962962963 0.6049479166666667 0.5115740740740741 0.5970052083333334 0.5171296296296296 0.5911458333333334 0.5180555555555556 0.58515625 0.524537037037037
0 0.625 0.44537037037037036 0.6255208333333333 0.4564814814814815 0.6348958333333333 0.475462962962963 0.6419270833333334 0.4773148148148148 0.6502604166666667 0.47638888888888886 0.6682291666666667 0.4847222222222222 0.68515625 0.49537037037037035 0.68828125 0.5050925925925925 0.6940104166666666 0.5050925925925925 0.7080729166666667 0.5018518518518519 0.7122395833333334 0.4986111111111111 0.7286458333333333 0.4740740740740741 0.7322916666666667 0.47175925925925927 0.7388020833333333 0.4625 0.7416666666666667 0.4537037037037037 0.7427083333333333 0.44305555555555554 0.7395833333333334 0.43194444444444446 0.7346354166666667 0.4263888888888889 0.715625 0.425462962962963 0.7135416666666666 0.41805555555555557 0.71015625 0.4134259259259259 0.70546875 0.4152777777777778 0.6950520833333333 0.40925925925925927 0.6924479166666667 0.4050925925925926 0.68828125 0.4041666666666667 0.6848958333333334 0.40555555555555556 0.6658854166666667 0.4050925925925926 0.6544270833333333 0.41064814814814815 0.6473958333333333 0.41759259259259257 0.64296875 0.42777777777777776 0.6380208333333334 0.43148148148148147 0.6294270833333333 0.43333333333333335 0.62734375 0.43657407407407406
0 0.7315104166666667 0.5189814814814815 0.73125 0.5231481481481481 0.7341145833333333 0.5361111111111111 0.7377604166666667 0.5439814814814815 0.7403645833333333 0.5458333333333333 0.74453125 0.5601851851851852 0.7447916666666666 0.5643518518518519 0.7434895833333334 0.5680555555555555 0.7463541666666667 0.5814814814814815 0.7580729166666667 0.6032407407407407 0.78203125 0.6199074074074075 0.7971354166666667 0.6208333333333333 0.80859375 0.6175925925925926 0.8161458333333333 0.6101851851851852 0.8190104166666666 0.6050925925925926 0.8296875 0.5745370370370371 0.8328125 0.5699074074074074 0.8395833333333333 0.5648148148148148 0.84609375 0.5518518518518518 0.85 0.5333333333333333 0.8559895833333333 0.524074074074074 0.8596354166666667 0.5069444444444444 0.859375 0.5009259259259259 0.85625 0.49444444444444446 0.84765625 0.48657407407407405 0.8317708333333333 0.48703703703703705 0.8283854166666667 0.48194444444444445 0.8283854166666667 0.4773148148148148 0.8270833333333333 0.47638888888888886 0.8046875 0.46805555555555556 0.8002604166666667 0.4699074074074074 0.7911458333333333 0.4652777777777778 0.77734375 0.4634259259259259 0.76171875 0.4666666666666667 0.7536458333333333 0.47314814814814815 0.75 0.47824074074074074 0.7473958333333334 0.48564814814814816 0.7463541666666667 0.49722222222222223 0.7408854166666666 0.49953703703703706 0.7359375 0.5046296296296297 0.7341145833333333 0.5078703703703704
0 0.7471354166666667 0.4310185185185185 0.7473958333333334 0.4425925925925926 0.75859375 0.462037037037037 0.76171875 0.4652777777777778 0.7716145833333333 0.46064814814814814 0.7830729166666667 0.46111111111111114 0.8 0.4689814814814815 0.8052083333333333 0.4675925925925926 0.8145833333333333 0.47453703703703703 0.828125 0.4759259259259259 0.8302083333333333 0.4773148148148148 0.8315104166666667 0.48148148148148145 0.8440104166666667 0.4722222222222222 0.8557291666666667 0.45601851851851855 0.8596354166666667 0.4486111111111111 0.8627604166666667 0.43657407407407406 0.8635416666666667 0.42777777777777776 0.859375 0.42083333333333334 0.85234375 0.4152777777777778 0.8407552083333333 0.412962962962963 0.8361979166666667 0.4083333333333333 0.8348958333333333 0.40370370370370373 0.8307291666666666 0.40370370370370373 0.8270833333333333 0.4101851851851852 0.8244791666666667 0.4111111111111111 0.8184895833333333 0.40555555555555556 0.8174479166666667 0.3958333333333333 0.8135416666666667 0.3921296296296296 0.8091145833333333 0.39444444444444443 0.8083333333333333 0.3972222222222222 0.8041666666666667 0.39675925925925926 0.8002604166666667 0.3925925925925926 0.7973958333333333 0.39537037037037037 0.79375 0.39305555555555555 0.7888020833333333 0.39305555555555555 0.775 0.3972222222222222 0.765625 0.4046296296296296 0.7609375 0.41435185185185186 0.7513020833333334 0.41805555555555557 0.7479166666666667 0.425