0 0.34375 0.575 0.346875 0.625 0.3578125 0.6583333333333333 0.378125 0.6854166666666667 0.3875 0.7583333333333333 0.41875 0.7708333333333334 0.46875 0.7708333333333334 0.5203125 0.7375 0.540625 0.6979166666666666 0.5640625 0.6041666666666666 0.5640625 0.56875 0.5546875 0.5333333333333333 0.5359375 0.5041666666666667 0.5125 0.48541666666666666 0.5078125 0.47291666666666665 0.5125 0.4625 0.509375 0.43333333333333335 0.484375 0.42291666666666666 0.4671875 0.42916666666666664 0.4625 0.4479166666666667 0.4328125 0.475 0.3828125 0.4979166666666667 0.353125 0.5395833333333333
0 0.5734375 0.44166666666666665 0.571875 0.49375 0.5859375 0.5270833333333333 0.5984375 0.6 0.625 0.6291666666666667 0.653125 0.6416666666666667 0.6859375 0.6416666666666667 0.7203125 0.6229166666666667 0.7359375 0.6041666666666666 0.75 0.5541666666666667 0.7703125 0.51875 0.7734375 0.46041666666666664 0.765625 0.43333333333333335 0.7390625 0.40208333333333335 0.7328125 0.35 0.7265625 0.34375 0.7015625 0.3375 0.6921875 0.3458333333333333 0.6828125 0.375 0.6484375 0.375 0.6171875 0.3854166666666667 0.5921875 0.40625
0 0.4546875 0.27708333333333335 0.4546875 0.32083333333333336 0.4671875 0.3458333333333333 0.478125 0.40625 0.5140625 0.4375 0.5390625 0.44583333333333336 0.5703125 0.44375 0.5828125 0.41458333333333336 0.6125 0.3854166666666667 0.6171875 0.34791666666666665 0.63125 0.31875 0.6296875 0.2708333333333333 0.6203125 0.2520833333333333 0.5921875 0.22708333333333333 0.5984375 0.2 0.5859375 0.19166666666666668 0.5671875 0.18958333333333333 0.5546875 0.2 0.553125 0.21041666666666667 0.5015625 0.225 0.4703125 0.24791666666666667
0 0.646875 0.21041666666666667 0.6453125 0.23958333333333334 0.6640625 0.2916666666666667 0.671875 0.34791666666666665 0.678125 0.3541666666666667 0.7 0.33541666666666664 0.71875 0.3375 0.7359375 0.35208333333333336 0.7375 0.3770833333333333 0.7671875 0.3645833333333333 0.778125 0.35208333333333336 0.7890625 0.29583333333333334 0.803125 0.2791666666666667 0.8078125 0.2604166666666667 0.8078125 0.23125 0.790625 0.19791666666666666 0.7546875 0.17291666666666666 0.753125 0.14583333333333334 0.728125 0.13958333333333334 0.7125 0.16666666666666666 0.6734375 0.17708333333333334 0.6578125 0.18958333333333333
0 0.540625 0.09583333333333334 0.540625 0.13333333333333333 0.5515625 0.15416666666666667 0.559375 0.19583333333333333 0.5640625 0.19791666666666666 0.565625 0.18958333333333333 0.5953125 0.19375 0.5953125 0.22291666666666668 0.6125 0.23958333333333334 0.640625 0.22916666666666666 0.646875 0.20416666666666666 0.671875 0.17291666666666666 0.6859375 0.13541666666666666 0.6828125 0.09375 0.6546875 0.06875 0.65 0.04583333333333333 0.6390625 0.03958333333333333 0.5734375 0.0625
0 0.6984375 0.041666666666666664 0.69375 0.06875 0.7078125 0.16041666666666668 0.7203125 0.1625 0.7265625 0.15625 0.728125 0.1375 0.7421875 0.1375 0.7546875 0.14583333333333334 0.75625 0.17083333333333334 0.7734375 0.18125 0.7890625 0.17916666666666667 0.8046875 0.1625 0.809375 0.12708333333333333 0.8171875 0.12083333333333333 0.825 0.09583333333333334 0.825 0.07083333333333333 0.8171875 0.05416666666666667 0.765625 0.00625 0.7546875 0.010416666666666666 0.7515625 0.020833333333333332 0.7203125 0.025
0 0.721875 0 0.6046875 0 0.615625 0.035416666666666666 0.65 0.05625 0.653125 0.06666666666666667 0.68125 0.0875 0.6921875 0.08125 0.703125 0.03333333333333333 0.7140625 0.025
1 0.440625 0.5125 0.440625 0.5541666666666667 0.45625 0.5604166666666667 0.4625 0.55 0.459375 0.5166666666666667 0.4546875 0.5104166666666666
2 0.4625 0.46875 0.4625 0.5104166666666666 0.4703125 0.5145833333333333 0.4734375 0.48333333333333334 0.471875 0.47291666666666665 0.4640625 0.46875
2 0.6921875 0.3729166666666667 0.6901921875 0.37711666666666666 0.6890625 0.39166666666666666 0.6875 0.39375 0.6875 0.40625 0.6945859375000001 0.4075 0.6992546875000001 0.4100604166666667 0.700903125 0.40200833333333336 0.7 0.39166666666666666 0.700903125 0.3807770833333333 0.6984375 0.375 0.696875 0.3729166666666667
1 0.6722640625 0.4503270833333334 0.6836015625 0.4492291666666667 0.68854375 0.4437375 0.68881875 0.43275625 0.687171875 0.4269 0.6877203125 0.4144541666666666 0.6874453125 0.40823125 0.6860734374999999 0.40310625000000005 0.67975625 0.40054375 0.673165625 0.40127708333333334 0.668771875 0.4038395833333333 0.668221875 0.4140875 0.666575 0.4243375 0.6632781249999999 0.43202500000000005 0.663553125 0.4408083333333333 0.6671234375 0.44593333333333335
1 0.5432328125 0.2709645833333333 0.5498578125 0.2684020833333333 0.5559000000000001 0.26401041666666664 0.555625 0.255225 0.5526046874999999 0.2475375 0.5520562499999999 0.23692291666666668 0.5509578125 0.23033333333333333 0.545190625 0.22740416666666666 0.5388734375 0.22740416666666666 0.5339296874999999 0.2321645833333333 0.5342046875 0.24094791666666668 0.5342046875 0.24900208333333335 0.5320078125000001 0.25705416666666664 0.530909375 0.26327708333333333 0.5366765625000001 0.27059791666666666
1 0.724425 0.21239791666666666 0.732909375 0.21276250000000002 0.7381265625 0.20837083333333334 0.7394999999999999 0.19885416666666667 0.7394999999999999 0.19116666666666668 0.7386765625 0.1845770833333333 0.7381265625 0.1790875 0.7326343750000001 0.17615833333333333 0.7274171875000001 0.176525 0.7232968750000001 0.1790875 0.721375 0.1882375 0.7197265625 0.19409583333333333 0.7175296875 0.19958541666666668 0.7208249999999999 0.20727291666666667
2 0.556959375 0.2421375 0.5648375 0.23948541666666667 0.5653875 0.2321645833333333 0.5653875 0.22191458333333333 0.5648375 0.21422708333333332 0.5631906250000001 0.21130000000000002 0.558246875 0.20910208333333333 0.5555015625 0.21386249999999998 0.554403125 0.22045 0.553578125 0.23033333333333333
2 0.7397750000000001 0.1845770833333333 0.7416968749999999 0.17469374999999998 0.7416968749999999 0.16554375 0.7408734375 0.16041875 0.7348312499999999 0.15822291666666669 0.7312609375 0.16407916666666666 0.7301624999999999 0.1739625 0.732909375 0.17762291666666666 0.7364796874999999 0.17835625000000002
2 0.62868125 0.05454166666666667 0.6294296875 0.06899999999999999 0.62805625 0.07705208333333333 0.6239375 0.07741875000000001 0.6220140625 0.07192708333333334 0.6222890624999999 0.06497291666666667 0.6209156250000001 0.058383333333333336 0.61899375 0.057285416666666665 0.61871875 0.05435833333333333 0.6209156250000001 0.051429166666666665 0.6244859375 0.051429166666666665 0.62805625 0.051429166666666665
2 0.7693796875000001 0.024341666666666664 0.7670171875 0.021414583333333334 0.7626234375000001 0.020314583333333334 0.7623484375 0.015922916666666665 0.76509375 0.014458333333333333 0.7686640625 0.016654166666666668
1 0.6242203125 0.07696041666666667 0.6236625 0.08364166666666667 0.6222890624999999 0.08730208333333334 0.61871875 0.08730208333333334 0.61020625 0.08473958333333333 0.6049875 0.083275 0.6069109375 0.07046458333333333 0.6085578125 0.06094583333333334 0.6129515624999999 0.05765208333333333 0.616796875 0.05765208333333333 0.6198171875 0.05875 0.621465625 0.0664375
1 0.7604578125 0.04905 0.7689390625 0.04776875 0.7714109375 0.043741666666666665 0.7714109375 0.03568958333333334 0.7694890625 0.030197916666666665 0.7686640625 0.025075 0.76536875 0.022512499999999998 0.76125 0.022145833333333333 0.758228125 0.02324375 0.7574046875 0.029833333333333333 0.75658125 0.03568958333333334 0.7530109375 0.044475 0.754109375 0.04886666666666666