1 0.32942994791666663 0.3478925925925926 0.32759895833333336 0.33649953703703706 0.3269122395833334 0.3344652777777778 0.32614947916666664 0.33378703703703705 0.323784375 0.33215972222222223 0.3217244791666667 0.3322953703703704 0.3196645833333333 0.33270185185185186 0.31806249999999997 0.3341939814814815 0.3166890625 0.3351435185185185 0.31577369791666665 0.3367708333333333 0.31501067708333336 0.33785601851851854 0.3168416666666667 0.3525041666666667 0.3167653645833333 0.36755925925925925 0.319359375 0.36972916666666666 0.321571875 0.3706787037037037 0.3233265625 0.3706787037037037 0.32546276041666666 0.37054305555555556 0.32752265625 0.3693222222222222 0.330421875 0.3674236111111111 0.33171875 0.3652532407407407 0.3328630208333333 0.3619981481481482 0.33309192708333335 0.3606421296296296
1 0.39809296875 0.5185162037037037 0.40175494791666666 0.5179736111111112 0.404959375 0.5152611111111111 0.40808723958333337 0.5115990740740741 0.4096893229166667 0.5080726851851851 0.4103760416666667 0.5060379629629629 0.4053408854166667 0.4896268518518519 0.40404375 0.4733509259259259 0.402746875 0.47050277777777777 0.39969505208333334 0.46819722222222226 0.3964908854166667 0.4676546296296296 0.39397317708333335 0.46846851851851856 0.39046380208333337 0.47104537037037036 0.3883276041666667 0.4756569444444445 0.38802239583333337 0.47782685185185186 0.38977708333333333 0.4943740740740741 0.38802239583333337 0.5102425925925926 0.38977708333333333 0.5133620370370371 0.3926763020833333 0.5166171296296297 0.3951940104166667 0.5178379629629629
1 0.5534239583333334 0.36240509259259257 0.5539580729166667 0.34802824074074074 0.5535765625 0.3461296296296296 0.5525848958333334 0.34395925925925924 0.5497619791666666 0.3424675925925926 0.5474731770833333 0.34151805555555553 0.5438875 0.3426032407407408 0.5417513020833333 0.3454513888888889 0.5410645833333334 0.35982824074074077 0.53793671875 0.37284861111111106 0.5383182291666666 0.3761037037037037 0.5403018229166666 0.37868101851851854 0.5435822916666667 0.38180046296296294 0.5469393229166666 0.3824787037037037 0.55029609375 0.38234305555555553 0.5540343750000001 0.37840972222222224 0.5552549479166667 0.3750189814814815
1 0.6901041666666666 0.49166666666666664 0.6872395833333333 0.5087962962962963 0.6828125 0.5194444444444445 0.6830729166666667 0.5259259259259259 0.6848958333333334 0.5314814814814814 0.6893229166666667 0.5402777777777777 0.6916666666666667 0.5412037037037037 0.6994791666666667 0.5402777777777777 0.7028645833333333 0.5370370370370371 0.7049479166666667 0.5328703703703703 0.7052083333333333 0.5259259259259259 0.7044270833333334 0.5180555555555556 0.7065104166666667 0.4981481481481482 0.7059895833333333 0.4949074074074074 0.70390625 0.4898148148148148 0.6973958333333333 0.48657407407407405 0.6927083333333334 0.4875
1 0.8023575520833333 0.3702800925925926 0.8052924479166667 0.35552268518518515 0.8052924479166667 0.3531375 0.8046216145833333 0.35119953703703705 0.80218984375 0.34866574074074075 0.7990036458333333 0.34732407407407406 0.7959013020833333 0.3467277777777778 0.7927986979166667 0.34732407407407406 0.7905348958333334 0.34881481481481486 0.7878515625 0.3637212962962963 0.78248515625 0.37519953703703707 0.7818145833333333 0.3781805555555556 0.7834075520833333 0.38205648148148147 0.7853361979166666 0.3848888888888889 0.7890255208333333 0.38861527777777777 0.7918765625 0.3896587962962963 0.79598515625 0.3896587962962963 0.7993390625 0.38861527777777777 0.80244140625 0.38473981481481484
2 0.3572552083333333 0.3779578703703704 0.36053723958333334 0.3811087962962963 0.36457473958333336 0.37974166666666664 0.36668984374999997 0.3759824074074074 0.3651515625 0.3530847222222222 0.3639981770833333 0.3496671296296296 0.36015286458333334 0.3483 0.35707656249999997 0.3510342592592593
2 0.43917291666666664 0.5215712962962963 0.44359505208333333 0.5290898148148149 0.44917083333333335 0.5263560185185185 0.4512856770833333 0.5205458333333333 0.4518625 0.49320555555555556 0.44878619791666663 0.48876250000000004 0.44455651041666666 0.4880791666666667 0.44128802083333335 0.4935472222222222 0.4403265625 0.5150777777777777
2 0.5806179687499999 0.38961527777777777 0.5837552083333333 0.3937537037037037 0.58875390625 0.3930703703703704 0.5918302083333333 0.36812222222222224 0.5914455729166667 0.3640208333333333 0.5877927083333333 0.3609453703703704 0.5839473958333333 0.36470462962962963
2 0.7367182291666666 0.5445402777777778 0.7407255208333333 0.5511041666666666 0.7461088541666666 0.5511041666666666 0.7507231770833334 0.5384592592592592 0.7511078125 0.5319657407407408 0.7555296874999999 0.516587037037037 0.7524536458333333 0.5124856481481481 0.7472624999999999 0.5104351851851852 0.74130234375 0.5258143518518519 0.7361111979166667 0.5401680555555555
2 0.8257674479166667 0.39487962962962964 0.8289744791666667 0.3997060185185185 0.83647265625 0.4000476851851852 0.8391643229166666 0.3880861111111111 0.8437786458333334 0.3723652777777778 0.8428171875 0.36826435185185186 0.8378184895833333 0.36553009259259256 0.8339731770833333 0.3679222222222222 0.8257059895833333 0.3904782407407407
0 0.5596354166666667 0.5430555555555555 0.5575520833333333 0.5717592592592593 0.559375 0.5916666666666667 0.5640625 0.6083333333333333 0.5736979166666667 0.6226851851851852 0.5825520833333333 0.6300925925925925 0.5927981770833333 0.6331666666666668 0.6035776041666666 0.6371106481481482 0.6045286458333333 0.6483791666666667 0.6057291666666667 0.6652777777777777 0.60703125 0.6759259259259259 0.6151041666666667 0.7027777777777777 0.62421875 0.7245370370370371 0.6494791666666667 0.7560185185185185 0.6716145833333333 0.7685185185185185 0.6807291666666667 0.7703703703703704 0.6997395833333333 0.7703703703703704 0.70859375 0.7671296296296296 0.72421875 0.7560185185185185 0.7361979166666667 0.7388888888888889 0.7450520833333333 0.7069444444444445 0.7490976562499999 0.6943 0.7671690104166667 0.6757060185185185 0.77604609375 0.6604935185185185 0.7814359375 0.6418999999999999 0.8010924479166667 0.6402092592592593 0.8144080729166667 0.6210523148148148 0.8223341145833333 0.6120375 0.8286770833333333 0.600487037037037 0.8334328125 0.5768222222222222 0.8274091145833334 0.556538425925926 0.8198000000000001 0.5430157407407408 0.8052083333333333 0.5361111111111111 0.7901041666666667 0.5347222222222222 0.7703414062499999 0.5306203703703705 0.7645833333333333 0.5268518518518519 0.7354166666666667 0.4935185185185185 0.7169270833333333 0.47962962962962963 0.6856770833333333 0.46805555555555556 0.65390625 0.4708333333333333 0.6440104166666667 0.4736111111111111 0.6299479166666667 0.4810185185185185 0.6143229166666667 0.49675925925925923 0.6088541666666667 0.5069444444444444 0.603125 0.5231481481481481 0.5955729166666667 0.5259259259259259 0.57265625 0.5263888888888889 0.565625 0.5287037037037037 0.5619791666666667 0.5324074074074074
0 0.28072916666666664 0.5398148148148149 0.28203125 0.5611111111111111 0.29010416666666666 0.5907407407407408 0.30182291666666666 0.6064814814814815 0.3067708333333333 0.6092592592592593 0.31015625 0.6074074074074074 0.3140625 0.6092592592592593 0.32005208333333335 0.6078703703703704 0.3221354166666667 0.6097222222222223 0.33255208333333336 0.6356481481481482 0.34010416666666665 0.649537037037037 0.3458333333333333 0.6555555555555556 0.35052083333333334 0.6731481481481482 0.3541666666666667 0.6935185185185185 0.3567708333333333 0.700925925925926 0.36953125 0.7222222222222222 0.37942708333333336 0.7310185185185185 0.39348958333333334 0.7379629629629629 0.4080729166666667 0.7384259259259259 0.425 0.7347222222222223 0.434375 0.7296296296296296 0.44947916666666665 0.7162037037037037 0.4609375 0.6990740740740741 0.4627604166666667 0.6925925925925925 0.46901041666666665 0.6800925925925926 0.47291666666666665 0.6648148148148149 0.47552083333333334 0.6476851851851851 0.47552083333333334 0.6351851851851852 0.471875 0.6185185185185185 0.47608515625 0.612037037037037 0.48489583333333336 0.6125 0.5013020833333334 0.6092592592592593 0.5153645833333333 0.600925925925926 0.52109375 0.587037037037037 0.5255208333333333 0.5657407407407408 0.5234375 0.524537037037037 0.5223958333333333 0.5189814814814815 0.5200520833333333 0.5157407407407407 0.515625 0.512962962962963 0.5041666666666667 0.5111111111111111 0.48489583333333336 0.5120370370370371 0.48203125 0.5106481481481482 0.475 0.49212962962962964 0.46432291666666664 0.4759259259259259 0.4515625 0.4648148148148148 0.4427083333333333 0.4601851851851852 0.41901041666666666 0.45416666666666666 0.396875 0.45555555555555555 0.36875 0.4689814814814815 0.3484375 0.48935185185185187 0.33619791666666665 0.5074074074074074 0.29375 0.5111111111111111 0.2859375 0.524537037037037
0 0.23411458333333332 0.38657407407407407 0.23307291666666666 0.3902777777777778 0.23333333333333334 0.39861111111111114 0.23671875 0.4212962962962963 0.23932291666666666 0.4287037037037037 0.24453125 0.43703703703703706 0.25416666666666665 0.4476851851851852 0.26536458333333335 0.44814814814814813 0.2734375 0.462037037037037 0.2799479166666667 0.4699074074074074 0.2830729166666667 0.4773148148148148 0.2869791666666667 0.5009259259259259 0.29010416666666666 0.5083333333333333 0.2921875 0.5087962962962963 0.3346354166666667 0.5064814814814815 0.34270833333333334 0.49444444444444446 0.3640625 0.47175925925925927 0.38567708333333334 0.45740740740740743 0.4036458333333333 0.4532407407407407 0.4083333333333333 0.45046296296296295 0.41953125 0.4300925925925926 0.42578125 0.40879629629629627 0.4244791666666667 0.3824074074074074 0.421875 0.3763888888888889 0.40572916666666664 0.37175925925925923 0.39609375 0.37222222222222223 0.39296875 0.37037037037037035 0.38671875 0.35555555555555557 0.37864583333333335 0.34675925925925927 0.365625 0.33796296296296297 0.35078125 0.33425925925925926 0.3177083333333333 0.3333333333333333 0.3143229166666667 0.33796296296296297 0.28671875 0.3597222222222222 0.28020833333333334 0.36712962962962964 0.27630208333333334 0.36898148148148147 0.2578125 0.3675925925925926 0.24739583333333334 0.36944444444444446 0.24114583333333334 0.3736111111111111
0 0.446875 0.39444444444444443 0.44609375 0.4236111111111111 0.44973958333333336 0.43796296296296294 0.46483984375 0.46438101851851854 0.4880424479166667 0.4648657407407408 0.4907721354166667 0.4769939814814815 0.49213697916666665 0.5109523148148147 0.51479375 0.5109523148148147 0.5221638020833334 0.5153185185185185 0.5268229166666667 0.562962962962963 0.5278645833333333 0.5675925925925925 0.5322916666666667 0.5703703703703704 0.5463541666666667 0.5726851851851852 0.55390625 0.5722222222222222 0.55546875 0.5703703703703704 0.5580729166666667 0.5569444444444445 0.559375 0.5398148148148149 0.5609375 0.5328703703703703 0.5640625 0.5282407407407408 0.5708333333333333 0.525 0.5848958333333333 0.525 0.5958333333333333 0.5208333333333334 0.5979166666666667 0.5050925925925925 0.5984375 0.48194444444444445 0.6020833333333333 0.47129629629629627 0.6070963541666666 0.4671296296296296 0.6265625 0.4708333333333333 0.63046875 0.46944444444444444 0.6442708333333333 0.4513888888888889 0.6486979166666667 0.4393518518518518 0.6502604166666667 0.41574074074074074 0.6486979166666667 0.3972222222222222 0.6442708333333333 0.38981481481481484 0.6283854166666667 0.38564814814814813 0.6127604166666667 0.3851851851851852 0.6075520833333333 0.38333333333333336 0.6036458333333333 0.37546296296296294 0.5986979166666667 0.36944444444444446 0.5916666666666667 0.3648148148148148 0.58203125 0.3537037037037037 0.5713541666666667 0.3472222222222222 0.5471354166666667 0.3416666666666667 0.5216145833333333 0.34629629629629627 0.5088541666666667 0.35324074074074074 0.4947916666666667 0.36574074074074076 0.48723958333333334 0.37777777777777777 0.45989583333333334 0.3763888888888889 0.453125 0.37824074074074077 0.44921875 0.3837962962962963
0 0.6721354166666667 0.41574074074074074 0.6716145833333333 0.42407407407407405 0.6760416666666667 0.4425925925925926 0.6893229166666667 0.4675925925925926 0.7135416666666666 0.4759259259259259 0.7221354166666667 0.48055555555555557 0.7239583333333334 0.4842592592592593 0.7416666666666667 0.4976851851851852 0.7552083333333334 0.5162037037037037 0.7598958333333333 0.5199074074074074 0.76875 0.5310185185185186 0.7921875 0.5314814814814814 0.8104166666666667 0.5347222222222222 0.8184895833333333 0.5388888888888889 0.8244791666666667 0.5458333333333333 0.82890625 0.5398148148148149 0.8364583333333333 0.5143518518518518 0.84140625 0.5060185185185185 0.853125 0.49537037037037035 0.8606770833333334 0.4824074074074074 0.8645833333333334 0.4791666666666667 0.8731770833333333 0.47824074074074074 0.8848958333333333 0.4675925925925926 0.89453125 0.45555555555555555 0.89609375 0.45231481481481484 0.903125 0.41805555555555557 0.9020833333333333 0.4115740740740741 0.8989583333333333 0.4041666666666667 0.8940104166666667 0.3976851851851852 0.88671875 0.39166666666666666 0.8809895833333333 0.38981481481481484 0.8658854166666666 0.38981481481481484 0.859375 0.39305555555555555 0.8567708333333334 0.39675925925925926 0.8544270833333333 0.39675925925925926 0.84765625 0.38842592592592595 0.8421875 0.3851851851851852 0.8411458333333334 0.3819444444444444 0.8317708333333333 0.37175925925925923 0.81328125 0.3592592592592593 0.8084635416666667 0.35833333333333334 0.7987390624999999 0.35256064814814814 0.7878203125 0.3501351851851852 0.7825520833333334 0.3486111111111111 0.7739583333333333 0.34675925925925927 0.7588541666666667 0.34675925925925927 0.7427083333333333 0.3509259259259259 0.7270833333333333 0.3592592592592593 0.7200520833333334 0.36527777777777776 0.71484375 0.3736111111111111 0.7119791666666667 0.38101851851851853 0.7067708333333333 0.387037037037037 0.6817708333333333 0.38842592592592595 0.6765625 0.39675925925925926 0.6736979166666667 0.412962962962963
0 0.8489583333333334 0.575462962962963 0.8497395833333333 0.5921296296296297 0.8619489583333333 0.6256833333333334 0.8775083333333333 0.6494541666666667 0.88105703125 0.6897189814814815 0.88515625 0.7046296296296296 0.8885416666666667 0.7138888888888889 0.8955729166666667 0.7231481481481481 0.9098958333333333 0.7490740740740741 0.9265625 0.7703703703703704 0.9419270833333333 0.7842592592592592 0.9739583333333334 0.8027777777777778 0.9997395833333333 0.8097222222222222 0.9997395833333333 0.5125 0.9828125 0.5046296296296297 0.9635416666666666 0.5009259259259259 0.9372395833333333 0.5032407407407408 0.9122395833333333 0.5111111111111111 0.9013020833333333 0.5212962962962963 0.8963541666666667 0.5277777777777778 0.8934895833333333 0.5342592592592592 0.8901041666666667 0.5458333333333333 0.8888020833333333 0.575 0.8859375 0.5796296296296296 0.8713541666666667 0.575462962962963 0.8625 0.5634259259259259 0.8598958333333333 0.562037037037037 0.8557291666666667 0.5625 0.8533854166666667 0.5648148148148148 0.85078125 0.5689814814814815
0 0.9247395833333333 0.4300925925925926 0.92421875 0.44166666666666665 0.92734375 0.4527777777777778 0.9407986979166666 0.4739199074074074 0.9427083333333334 0.4861111111111111 0.9419270833333333 0.4875 0.9424479166666667 0.4986111111111111 0.9763020833333333 0.500462962962963 0.9997395833333333 0.5092592592592593 0.9997395833333333 0.3736111111111111 0.984375 0.37592592592592594 0.9669270833333333 0.38287037037037036 0.9565104166666667 0.39351851851851855 0.9528645833333333 0.4009259259259259 0.9515625 0.41064814814814815 0.9544270833333334 0.4305555555555556 0.94921875 0.43425925925925923 0.9424479166666667 0.42962962962962964 0.9380208333333333 0.425 0.9325520833333333 0.42314814814814816 0.9286458333333333 0.4236111111111111