1 0.5639802083333334 0.791836574074074 0.5597091145833333 0.7885824074074074 0.55686171875 0.7831587962962964 0.55564140625 0.776650462962963 0.55564140625 0.7705041666666667 0.5599124999999999 0.7603800925925926 0.5611328125 0.7517023148148148 0.56296328125 0.7470018518518518 0.5660140625000001 0.7444708333333333 0.5704885416666666 0.7448324074074074 0.5739458333333334 0.7488097222222223 0.5757763020833334 0.7549564814814814 0.5761830729166667 0.7585722222222222 0.5749627604166666 0.7679731481481481 0.57658984375 0.7755657407407407 0.5763864583333334 0.7817125 0.5743526041666667 0.7885824074074074 0.5708953124999999 0.7925597222222223
1 0.5170364583333333 0.5181087962962962 0.5180018229166666 0.5105578703703704 0.5180981770833334 0.5079837962962962 0.51693984375 0.5036930555555555 0.5150091145833333 0.5018055555555556 0.5132716145833334 0.5004324074074074 0.51076171875 0.49974583333333333 0.50854140625 0.5009472222222222 0.506996875 0.5030069444444444 0.5065140625 0.5045513888888888 0.5054523437499999 0.5139902777777778 0.5022666666666666 0.5211981481481481 0.5019770833333334 0.524287037037037 0.5021700520833333 0.5270328703703704 0.5028458333333333 0.5292638888888889 0.5038111979166666 0.5320097222222222 0.5048731770833333 0.5344125 0.5064177083333333 0.536300462962963 0.5089276041666666 0.5373300925925926 0.5118234375 0.5375013888888889 0.51471953125 0.5364717592592593 0.516746875 0.5332111111111112 0.5175190104166666 0.5301222222222223 0.51780859375 0.5278912037037037
1 0.205040625 0.3354421296296296 0.20674947916666667 0.33620185185185186 0.2093734375 0.33587638888888893 0.21260755208333335 0.33424907407407406 0.21468255208333334 0.3322962962962963 0.21645208333333335 0.3283907407407407 0.21700130208333332 0.3245935185185185 0.21285182291666666 0.3184097222222222 0.2105328125 0.30951388888888887 0.21004479166666667 0.3077782407407408 0.20778671875 0.3064763888888889 0.2061390625 0.3060421296296297 0.20388124999999999 0.3065847222222222 0.20205052083333333 0.3085375 0.20040286458333334 0.31059861111111114 0.19991458333333334 0.3128768518518518 0.20284375 0.3231833333333333 0.20308802083333333 0.3332726851851852
1 0.06778098958333333 0.38263703703703705 0.07033385416666667 0.3798902777777778 0.07228177083333334 0.3765462962962963 0.07335677083333333 0.3745162037037037 0.07375963541666668 0.37272500000000003 0.07315520833333333 0.37093333333333334 0.06764661458333333 0.3638875 0.06361614583333333 0.3537365740740741 0.061869531250000005 0.35182546296296296 0.059048177083333334 0.3519449074074074 0.056562499999999995 0.3527810185185185 0.05488307291666667 0.35457222222222223 0.05347239583333333 0.35696064814814815 0.05253203125000001 0.3607824074074074 0.0564953125 0.37057546296296295 0.057771875 0.38156249999999997 0.05931692708333333 0.3839509259259259 0.06146640625 0.38478703703703704 0.06442213541666666 0.38454814814814814
1 0.104728125 0.24876203703703706 0.10257838541666667 0.24279074074074075 0.10177239583333333 0.24028287037037036 0.10036171875000001 0.2394467592592593 0.09740598958333332 0.23908842592592594 0.095121875 0.24004398148148148 0.09344244791666667 0.2419546296296296 0.09263645833333332 0.24410416666666665 0.095390625 0.2541361111111111 0.09599505208333332 0.2632125 0.09760729166666667 0.2657203703703704 0.09989140625000001 0.26667546296296296 0.10277994791666667 0.2663175925925926 0.10654192708333333 0.26368981481481485 0.10882578125 0.2609430555555555 0.10929609375 0.2587935185185185 0.10849010416666666 0.2559273148148148
1 0.017160937499999997 0.20572592592592592 0.0197203125 0.20483055555555557 0.022111979166666667 0.20221990740740742 0.0240421875 0.19975833333333334 0.022363802083333332 0.19647638888888888 0.019552604166666664 0.1912550925925926 0.016615364583333334 0.18208009259259259 0.015021093749999999 0.18088657407407407 0.013048958333333333 0.18066296296296297 0.01069921875 0.18125972222222222 0.008391666666666665 0.18357175925925925 0.007888020833333334 0.1864810185185185 0.008223697916666666 0.18871898148148147 0.010657291666666667 0.19446249999999998 0.012335677083333333 0.20304074074074074 0.013804166666666668 0.2049050925925926
2 0.6131729166666666 0.8257541666666667 0.6162934895833333 0.8147953703703704 0.61809296875 0.806 0.6165184895833333 0.7992032407407408 0.6124697916666667 0.7976037037037037 0.6095458333333333 0.7996027777777778 0.6036979166666666 0.8139958333333334 0.6030231770833333 0.8207925925925926 0.6054973958333334 0.8271898148148148 0.6097708333333334 0.8287888888888889
2 0.5458674479166666 0.5644509259259259 0.5485924479166666 0.546924537037037 0.5490421875 0.5421268518518518 0.5472427083333333 0.5373291666666667 0.5440940104166666 0.5361296296296296 0.5413947916666667 0.5389282407407407 0.53779609375 0.5577189814814815 0.5400453125 0.5633166666666666
2 0.22938385416666665 0.35461666666666664 0.2326109375 0.35544166666666666 0.2355348958333333 0.35464212962962965 0.23620963541666665 0.35024444444444447 0.23396041666666667 0.33785046296296295 0.23126145833333334 0.33185324074074074 0.22856223958333333 0.33065370370370367 0.22586328125000002 0.3358513888888889
2 0.08462786458333334 0.4043259259259259 0.08798671875000001 0.40541805555555555 0.09113567708333334 0.40301898148148146 0.09248515624999999 0.3990208333333333 0.09226015625 0.3942231481481482 0.08573750000000001 0.3802300925925926 0.08326354166666668 0.3794300925925926 0.08056432291666667 0.3810296296296296 0.07988958333333333 0.38542731481481485 0.08191380208333333 0.3982212962962963
2 0.11803333333333334 0.28423194444444444 0.12307447916666667 0.2842759259259259 0.12487369791666666 0.27947824074074074 0.12374921875 0.2730814814814815 0.12037526041666666 0.2638861111111111 0.11835104166666667 0.2622865740740741 0.11565208333333334 0.261487037037037 0.11385260416666668 0.2662847222222222
2 0.03216953125 0.22044583333333334 0.03580520833333333 0.2215064814814815 0.03827916666666666 0.2187074074074074 0.038953906249999996 0.21550925925925926 0.03355598958333333 0.20031666666666667 0.03018203125 0.19911712962962963 0.027258072916666667 0.20311527777777777
0 0.8028645833333333 0.9879629629629629 0.8028645833333333 0.999537037037037 0.8411458333333334 0.999537037037037 0.8388020833333333 0.9944444444444445 0.83203125 0.9879629629629629 0.828125 0.9773148148148149 0.8182291666666667 0.9662037037037037 0.8140625 0.9666666666666667 0.8096354166666667 0.9703703703703703 0.80546875 0.9768518518518519
0 0.86484375 0.9879629629629629 0.8619791666666666 0.999537037037037 0.9752604166666666 0.999537037037037 0.971875 0.9944444444444445 0.9518229166666666 0.9773148148148149 0.93515625 0.9671296296296297 0.91484375 0.9606481481481481 0.9067708333333333 0.962037037037037 0.9 0.9601851851851851 0.8885416666666667 0.9629629629629629 0.87265625 0.975462962962963
0 0.6778645833333333 0.6884259259259259 0.67734375 0.7032407407407407 0.6822916666666666 0.7273148148148149 0.6927083333333334 0.7439814814814815 0.7049479166666667 0.7509259259259259 0.7119791666666667 0.7620370370370371 0.7104166666666667 0.7662037037037037 0.7098958333333333 0.7898148148148149 0.7153645833333333 0.8212962962962963 0.71953125 0.8347222222222223 0.7411458333333333 0.8763888888888889 0.7479166666666667 0.8828703703703704 0.7502604166666667 0.8888888888888888 0.76328125 0.8976851851851851 0.765625 0.9027777777777778 0.7721354166666666 0.9064814814814814 0.78046875 0.9074074074074074 0.7856770833333333 0.9101851851851852 0.8067708333333333 0.9078703703703703 0.8158854166666667 0.9009259259259259 0.8282221354166667 0.8868282407407407 0.8501359374999999 0.8822749999999999 0.8666427083333333 0.8665925925925926 0.8723346354166667 0.8498986111111111 0.8877028645833334 0.8605222222222223 0.91171875 0.8555555555555555 0.9166666666666666 0.8523148148148149 0.9236979166666667 0.8412037037037037 0.9244791666666666 0.8379629629629629 0.92578125 0.825462962962963 0.92421875 0.8101851851851852 0.921875 0.8 0.9182291666666667 0.7921296296296296 0.9119791666666667 0.7861111111111111 0.9046875 0.7828703703703703 0.8808723958333334 0.7810981481481482 0.87421875 0.7722222222222223 0.8671875 0.7444444444444445 0.86015625 0.7342592592592593 0.8434895833333333 0.7018518518518518 0.8171875 0.6699074074074074 0.80859375 0.6625 0.7794270833333333 0.6481481481481481 0.7690104166666667 0.6453703703703704 0.7484375 0.6453703703703704 0.7322916666666667 0.6587962962962963 0.7265625 0.6666666666666666 0.7247395833333333 0.6722222222222223 0.7151041666666667 0.6884259259259259 0.7005208333333334 0.6787037037037037 0.6940104166666666 0.6666666666666666 0.6890625 0.662962962962963 0.6854166666666667 0.6643518518518519 0.6825520833333333 0.6680555555555555
0 0.45755208333333336 0.7379629629629629 0.45729166666666665 0.7453703703703703 0.459375 0.7583333333333333 0.4614020833333334 0.7692180555555556 0.46927083333333336 0.7824074074074074 0.4739583333333333 0.788425925925926 0.4783854166666667 0.7902777777777777 0.484375 0.7962962962962963 0.48463541666666665 0.8189814814814815 0.48776041666666664 0.8523148148148149 0.4940104166666667 0.8800925925925925 0.50390625 0.9069444444444444 0.50703125 0.925 0.51484375 0.9416666666666667 0.5182291666666666 0.9453703703703704 0.5208333333333334 0.9527777777777777 0.5354166666666667 0.9694444444444444 0.55078125 0.9782407407407407 0.5716145833333334 0.9787037037037037 0.5817708333333333 0.9740740740740741 0.5890625 0.9680555555555556 0.5986979166666667 0.9564814814814815 0.6026041666666667 0.9486111111111111 0.62734375 0.925 0.6440104166666667 0.9398148148148148 0.6572916666666667 0.9421296296296297 0.6721354166666667 0.9361111111111111 0.6786458333333333 0.9236111111111112 0.6856770833333333 0.8833333333333333 0.6854166666666667 0.8694444444444445 0.68359375 0.8638888888888889 0.67734375 0.8523148148148149 0.64375 0.8222222222222222 0.64375 0.8037037037037037 0.6411458333333333 0.7828703703703703 0.634375 0.7578703703703704 0.6296875 0.7453703703703703 0.6231770833333333 0.7310185185185185 0.6138020833333333 0.7157407407407408 0.6020833333333333 0.700462962962963 0.5955729166666667 0.6944444444444444 0.58125 0.6847222222222222 0.5716145833333334 0.6805555555555556 0.5609375 0.6787037037037037 0.5455729166666666 0.6791666666666667 0.5268229166666667 0.687962962962963 0.5158854166666667 0.6972222222222222 0.50859375 0.7074074074074074 0.5018229166666667 0.7097222222222223 0.4942708333333333 0.7050925925925926 0.48203125 0.6921296296296297 0.47239583333333335 0.6912037037037037 0.4703125 0.6921296296296297 0.46328125 0.7069444444444445
0 0.42689374999999996 0.4993217592592593 0.42603984375 0.5185453703703704 0.4283166666666667 0.5347333333333333 0.4348958333333333 0.55 0.4390625 0.5564814814814815 0.44653098958333337 0.5620513888888888 0.4482385416666667 0.5807689814814815 0.4533611979166666 0.6085925925925926 0.4607606770833333 0.6212398148148148 0.46328125 0.6356481481481482 0.4635416666666667 0.6453703703703704 0.4705729166666667 0.6689814814814815 0.48333333333333334 0.6865740740740741 0.49661458333333336 0.6944444444444444 0.50859375 0.6986111111111111 0.5125 0.6981481481481482 0.5463541666666667 0.6754629629629629 0.5544270833333333 0.6476851851851851 0.5591145833333333 0.6439814814814815 0.5640625 0.6439814814814815 0.5708333333333333 0.6509259259259259 0.5778645833333333 0.65 0.5888020833333333 0.6439814814814815 0.5940104166666667 0.6365740740740741 0.6 0.6199074074074075 0.6010416666666667 0.5916666666666667 0.59921875 0.5856481481481481 0.59609375 0.5805555555555556 0.5734375 0.5643518518518519 0.5716145833333334 0.5550925925925926 0.57109375 0.5398148148148149 0.5674479166666667 0.5254629629629629 0.5609375 0.5083333333333333 0.5466145833333333 0.48935185185185187 0.53828125 0.4824074074074074 0.52265625 0.475 0.5044270833333333 0.4726851851851852 0.4942708333333333 0.47453703703703703 0.48203125 0.47962962962962963 0.46822916666666664 0.49074074074074076 0.46536458333333336 0.4912037037037037 0.44895833333333335 0.48148148148148145 0.44140625 0.48009259259259257 0.43514713541666666 0.4841449074074074
0 0.2721354166666667 0.5745370370370371 0.271875 0.5893518518518519 0.275 0.5949074074074074 0.27630208333333334 0.600925925925926 0.2791666666666667 0.6055555555555555 0.28177083333333336 0.6060185185185185 0.2828125 0.6092592592592593 0.28411458333333334 0.6092592592592593 0.2864583333333333 0.6337962962962963 0.28229166666666666 0.6620370370370371 0.2833333333333333 0.6638888888888889 0.2828125 0.675 0.2872395833333333 0.6921296296296297 0.296875 0.7166666666666667 0.29973958333333334 0.7189814814814814 0.3113473958333334 0.7289930555555556 0.31903151041666666 0.7502402777777778 0.3333333333333333 0.7699074074074074 0.3453125 0.774074074074074 0.3606770833333333 0.774537037037037 0.3770833333333333 0.7699074074074074 0.3890625 0.7583333333333333 0.3924479166666667 0.7569444444444444 0.396875 0.7467592592592592 0.40260416666666665 0.7384259259259259 0.40546875 0.7296296296296296 0.4080729166666667 0.7282407407407407 0.41484375 0.7314814814814815 0.42161458333333335 0.7300925925925926 0.425 0.7273148148148149 0.43486250000000004 0.7133106481481482 0.44482343750000003 0.6895342592592593 0.4434895833333333 0.6754629629629629 0.43984375 0.6712962962962963 0.43543177083333334 0.6708162037037037 0.43030885416666664 0.6682870370370371 0.41920963541666667 0.658675 0.41953125 0.6481481481481481 0.42135416666666664 0.6407407407407407 0.42239583333333336 0.6194444444444445 0.42135416666666664 0.6152777777777778 0.421875 0.612037037037037 0.41822916666666665 0.5967592592592592 0.41484375 0.5847222222222223 0.4049479166666667 0.5657407407407408 0.3921875 0.5523148148148148 0.38333333333333336 0.5486111111111112 0.35546875 0.5444444444444444 0.34140625 0.55 0.33046875 0.5601851851851852 0.328125 0.5601851851851852 0.31953125 0.5666666666666667 0.31588541666666664 0.5731481481481482 0.3028645833333333 0.5643518518518519 0.3020833333333333 0.5597222222222222 0.29322916666666665 0.5513888888888889 0.28932291666666665 0.5518518518518518 0.2859375 0.5537037037037037 0.27786458333333336 0.5634259259259259
0 0.2718953125 0.4175087962962963 0.27149557291666665 0.43172592592592596 0.27649427083333333 0.44274444444444444 0.28129322916666666 0.45163009259259257 0.28829166666666667 0.45980462962962965 0.2872395833333333 0.47824074074074074 0.2908854166666667 0.49398148148148147 0.29609375 0.5046296296296297 0.30494791666666665 0.5171296296296296 0.30859375 0.5268518518518519 0.31223958333333335 0.5462962962962963 0.3216145833333333 0.5625 0.32786458333333335 0.5611111111111111 0.3377604166666667 0.5513888888888889 0.3502604166666667 0.5444444444444444 0.35963541666666665 0.5435185185185185 0.38385416666666666 0.5481481481481482 0.38828125 0.5449074074074074 0.39010416666666664 0.5393518518518519 0.3948671875 0.520938425925926 0.4 0.5231481481481481 0.4041666666666667 0.5166666666666667 0.40703125 0.5078703703703704 0.4119791666666667 0.5037037037037037 0.4161458333333333 0.4949074074074074 0.41901041666666666 0.4842592592592593 0.4192708333333333 0.47685185185185186 0.41822916666666665 0.4722222222222222 0.4127604166666667 0.4703703703703704 0.39921875 0.4703703703703704 0.3997395833333333 0.4393518518518518 0.39817708333333335 0.4287037037037037 0.38697916666666665 0.4078703703703704 0.3768229166666667 0.3990740740740741 0.359375 0.39444444444444443 0.34322916666666664 0.39537037037037037 0.32135416666666666 0.40324074074074073 0.30755208333333334 0.4162037037037037 0.30104166666666665 0.4134259259259259 0.2944901041666667 0.40329166666666666 0.2870919270833333 0.3990268518518519 0.2810932291666666 0.40329166666666666
0 0.13151041666666666 0.4634259259259259 0.12916666666666668 0.4703703703703704 0.13359375 0.4824074074074074 0.1375 0.4875 0.14114583333333333 0.49583333333333335 0.14166666666666666 0.5018518518518519 0.13307291666666668 0.5319444444444444 0.13151041666666666 0.5472222222222223 0.13151041666666666 0.5569444444444445 0.13307291666666668 0.5648148148148148 0.14036458333333332 0.5805555555555556 0.15104166666666666 0.5898148148148148 0.15859375 0.5935185185185186 0.16614583333333333 0.612037037037037 0.17942708333333332 0.6319444444444444 0.18932291666666667 0.6375 0.20390625 0.6393518518518518 0.22552083333333334 0.6314814814814815 0.24114583333333334 0.6180555555555556 0.246875 0.6106481481481482 0.2557291666666667 0.5944444444444444 0.25729166666666664 0.5879629629629629 0.26223958333333336 0.5777777777777777 0.26484375 0.5675925925925925 0.26666666666666666 0.5532407407407407 0.26588541666666665 0.5467592592592593 0.26119791666666664 0.5351851851851852 0.25729166666666664 0.5199074074074074 0.259375 0.4986111111111111 0.25885416666666666 0.4791666666666667 0.2546875 0.4666666666666667 0.24973958333333332 0.4583333333333333 0.24166666666666667 0.45 0.2265625 0.4444444444444444 0.20442708333333334 0.4425925925925926 0.19322916666666667 0.44675925925925924 0.16875 0.462037037037037 0.16015625 0.45787037037037037 0.15052083333333333 0.44907407407407407 0.14348958333333334 0.44814814814814813 0.134375 0.4564814814814815
0 0.15713020833333333 0.31796574074074074 0.15553046874999998 0.3268513888888889 0.16302083333333334 0.3509259259259259 0.16302083333333334 0.35555555555555557 0.16041666666666668 0.36342592592592593 0.15911458333333334 0.3726851851851852 0.16041666666666668 0.3824074074074074 0.1703125 0.4074074074074074 0.18098958333333334 0.41805555555555557 0.18802083333333333 0.4361111111111111 0.19244791666666666 0.4425925925925926 0.19661458333333334 0.44351851851851853 0.20729166666666668 0.4412037037037037 0.22734375 0.44351851851851853 0.2421875 0.449537037037037 0.2518229166666667 0.45787037037037037 0.2635416666666667 0.4462962962962963 0.2716145833333333 0.425 0.2721354166666667 0.4148148148148148 0.2713541666666667 0.4125 0.2734375 0.4041666666666667 0.27760416666666665 0.39861111111111114 0.2796875 0.3912037037037037 0.2796875 0.3861111111111111 0.2765625 0.3731481481481482 0.27005208333333336 0.36342592592592593 0.26927083333333335 0.3476851851851852 0.26510416666666664 0.324537037037037 0.2596354166666667 0.3138888888888889 0.24921875 0.3060185185185185 0.23619791666666667 0.3013888888888889 0.21979166666666666 0.3013888888888889 0.20531901041666664 0.3058810185185185 0.18972265624999998 0.3151222222222222 0.18252421875 0.3101462962962963 0.17592578125 0.30623657407407406 0.16770833333333332 0.3087962962962963
0 0.018527864583333335 0.35909351851851856 0.013729166666666666 0.3694009259259259 0.020572916666666666 0.39351851851851855 0.01484375 0.40694444444444444 0.0109375 0.4203703703703704 0.009895833333333333 0.4287037037037037 0.011979166666666667 0.4412037037037037 0.016927083333333332 0.45601851851851855 0.022135416666666668 0.4648148148148148 0.025520833333333333 0.4685185185185185 0.040364583333333336 0.47638888888888886 0.043229166666666666 0.4842592592592593 0.05572916666666667 0.5064814814814815 0.06302083333333333 0.5162037037037037 0.0671875 0.5203703703703704 0.07447916666666667 0.5236111111111111 0.09166666666666666 0.524537037037037 0.10625 0.5189814814814815 0.12317708333333334 0.5087962962962963 0.1265625 0.5055555555555555 0.13203125 0.4949074074074074 0.13333333333333333 0.4912037037037037 0.13333333333333333 0.4861111111111111 0.12942708333333333 0.4777777777777778 0.12890625 0.4740740740740741 0.13050208333333332 0.4696314814814815 0.1325015625 0.46039027777777775 0.14349921875000002 0.447950462962963 0.14789817708333333 0.4490166666666667 0.14389895833333333 0.42946805555555556 0.13619791666666667 0.4023148148148148 0.13776041666666666 0.38333333333333336 0.13151041666666666 0.36203703703703705 0.12838541666666667 0.35648148148148145 0.11770833333333333 0.3472222222222222 0.10260416666666666 0.3421296296296296 0.096875 0.3421296296296296 0.084375 0.3435185185185185 0.06692708333333333 0.35138888888888886 0.0515203125 0.35802685185185185 0.04252239583333333 0.34949675925925927 0.034124218750000004 0.34878611111111113
0 0.0609375 0.2513888888888889 0.06041666666666667 0.26342592592592595 0.06469479166666667 0.269675 0.06369505208333333 0.27749444444444443 0.0578125 0.28935185185185186 0.055989583333333336 0.30416666666666664 0.05911458333333333 0.31574074074074077 0.06744791666666666 0.33240740740740743 0.08125 0.3421296296296296 0.09817708333333333 0.34074074074074073 0.11067708333333333 0.34305555555555556 0.12005208333333334 0.3476851851851852 0.13072916666666667 0.3592592592592593 0.13567708333333334 0.37824074074074077 0.13958333333333334 0.3824074074074074 0.146875 0.3814814814814815 0.153125 0.37824074074074077 0.15859375 0.3699074074074074 0.16145833333333334 0.35138888888888886 0.15567395833333333 0.3283203703703704 0.15627369791666668 0.31765787037037035 0.16587161458333333 0.3109046296296296 0.16087265625 0.29313333333333336 0.1625 0.2800925925925926 0.16145833333333334 0.26851851851851855 0.15833333333333333 0.25833333333333336 0.15416666666666667 0.25046296296296294 0.14479166666666668 0.24351851851851852 0.13567708333333334 0.23981481481481481 0.11770833333333333 0.23935185185185184 0.11171875 0.24074074074074073 0.10268619791666667 0.24408425925925925 0.09270833333333334 0.24861111111111112 0.07838541666666667 0.24074074074074073 0.07395833333333333 0.24074074074074073 0.06901041666666667 0.24305555555555555
0 0.006510416666666667 0.1962962962962963 0 0.19907407407407407 0 0.27037037037037037 0.014583333333333334 0.26990740740740743 0.0203125 0.27175925925925926 0.026041666666666668 0.2773148148148148 0.0328125 0.2865740740740741 0.0375 0.29907407407407405 0.040625 0.31157407407407406 0.047135416666666666 0.3125 0.05625 0.3106481481481482 0.054947916666666666 0.30416666666666664 0.05572916666666667 0.2953703703703704 0.058696354166666666 0.286024537037037 0.0634953125 0.2782050925925926 0.06409505208333334 0.269675 0.06169557291666667 0.26718703703703706 0.05911458333333333 0.25462962962962965 0.062239583333333334 0.24814814814814815 0.06744791666666666 0.24583333333333332 0.07239583333333334 0.2361111111111111 0.07578125 0.22083333333333333 0.07526041666666666 0.21388888888888888 0.07265625 0.20555555555555555 0.07109375 0.20185185185185187 0.06510416666666667 0.19537037037037036 0.05 0.18611111111111112 0.03515625 0.18472222222222223 0.021875 0.1884259259259259 0.01590625 0.18934814814814815
0 0.004427083333333333 0.2722222222222222 0 0.27314814814814814 0 0.42916666666666664 0.00859375 0.42685185185185187 0.011979166666666667 0.41759259259259257 0.01328125 0.4097222222222222 0.020833333333333332 0.3921296296296296 0.014306510416666666 0.36812824074074074 0.020105208333333333 0.3578212962962963 0.034701822916666666 0.3471583333333333 0.04349973958333333 0.3485800925925926 0.04348958333333333 0.3425925925925926 0.043229166666666666 0.33101851851851855 0.03854166666666667 0.3236111111111111 0.037760416666666664 0.32037037037037036 0.03828125 0.3074074074074074 0.034895833333333334 0.300462962962963 0.03203125 0.2865740740740741 0.026302083333333334 0.27870370370370373 0.019010416666666665 0.27314814814814814