1 0.06463776041666666 0.1034412037037037 0.06716223958333334 0.10250833333333334 0.06867552083333334 0.10060925925925926 0.06734036458333333 0.09602037037037037 0.06600494791666667 0.09301388888888888 0.06493671875 0.08905787037037037 0.06431354166666667 0.08731712962962962 0.06280026041666667 0.08700092592592593 0.06101979166666667 0.08715925925925927 0.05923932291666667 0.08826666666666667 0.05799322916666667 0.08953240740740741 0.05817109375 0.09174814814814815 0.059595572916666666 0.0964949074074074 0.059506510416666665 0.09997638888888889 0.0597734375 0.10171712962962963 0.06173203125 0.1034574074074074
1 0.11340963541666667 0.10135185185185185 0.116034375 0.10203333333333334 0.11754765625 0.1034574074074074 0.11843776041666666 0.10820462962962964 0.12101953124999999 0.11390138888888889 0.12084140625 0.11564166666666667 0.11950625 0.11690787037037037 0.11656848958333334 0.11864814814814814 0.11416484375 0.11880648148148149 0.1125625 0.11674953703703704 0.11193932291666667 0.11026157407407407 0.11078203125000001 0.10440694444444444 0.11167239583333334 0.10235
1 0.16805755208333334 0.09334259259259259 0.17010651041666666 0.09283842592592594 0.17179791666666666 0.09078148148148148 0.17028463541666666 0.0854013888888889 0.16939453125 0.0800212962962963 0.16850416666666668 0.07812222222222222 0.16592265625 0.07748935185185185 0.16405312500000002 0.07859675925925926 0.16334114583333334 0.08065416666666667 0.164409375 0.08619259259259258 0.1643203125 0.09014814814814814 0.16476536458333332 0.09236388888888888 0.16618958333333333 0.09362962962962963
1 0.3226997395833333 0.14568611111111113 0.32556796875 0.1455898148148148 0.3273002604166667 0.143849537037037 0.32790260416666667 0.14170787037037036 0.32624583333333335 0.13595185185185185 0.32586927083333334 0.13113287037037039 0.3252669270833334 0.12912453703703702 0.32376067708333334 0.1280537037037037 0.3221791666666666 0.12818749999999998 0.32097421875 0.12872314814814814 0.31999531249999996 0.1304634259259259 0.31999531249999996 0.1328726851851852 0.32029661458333336 0.13621944444444445 0.31999531249999996 0.14170787037037036 0.31984479166666663 0.14371574074074073 0.32052239583333336 0.14505462962962962
1 0.2739841145833333 0.17956203703703702 0.27604973958333334 0.1790138888888889 0.27770651041666666 0.17794305555555556 0.27823359374999995 0.17633657407407408 0.2783841145833333 0.1739273148148148 0.2780828125 0.17124999999999999 0.27672734375 0.16884027777777777 0.27635078124999995 0.16268287037037035 0.27559765625000004 0.1610763888888889 0.27394088541666667 0.15987175925925926 0.2723596354166667 0.1597375 0.27100390625 0.16013935185185185 0.2701755208333333 0.16147777777777778 0.26979895833333334 0.1637537037037037 0.27025104166666664 0.16870648148148149 0.270025 0.17539953703703703 0.2704015625 0.17794305555555556 0.2719078125 0.17914768518518517
1 0.3449861979166667 0.19753148148148147 0.34736536458333334 0.19803657407407407 0.34992604166666663 0.19723333333333334 0.3518838541666666 0.19562685185185183 0.35195937499999996 0.19348518518518518 0.35052838541666664 0.1867916666666667 0.35000130208333335 0.18090185185185184 0.3498505208333333 0.17889398148148147 0.3486458333333333 0.17809074074074074 0.34600989583333336 0.17755509259259258 0.34457916666666666 0.17822453703703703 0.3436755208333333 0.18023240740740742 0.34337421875 0.18357916666666668 0.3436 0.18705972222222222 0.3429223958333333 0.1950912037037037 0.3432234375 0.19656388888888887
1 0.29411640624999996 0.24569444444444447 0.29613020833333337 0.24536898148148145 0.2983895833333333 0.24416435185185184 0.2996697916666667 0.24282592592592595 0.30012161458333336 0.2404162037037037 0.2980130208333333 0.2333212962962963 0.29733515625 0.22930555555555557 0.29703385416666667 0.2271638888888889 0.29658203125 0.22502175925925927 0.29567838541666663 0.22368333333333335 0.29424765625 0.22247870370370368 0.29259088541666667 0.22261250000000002 0.29123515625 0.22328194444444444 0.2901809895833333 0.2246203703703704 0.29003046875000005 0.22743148148148148 0.2901809895833333 0.23345555555555556 0.29025625 0.24028240740740742 0.2901809895833333 0.2434949074074074 0.29161171874999997 0.24536898148148145
1 0.38193697916666663 0.24436898148148148 0.3839169270833333 0.2447074074074074 0.38542317708333335 0.24644722222222223 0.38610104166666664 0.24832129629629632 0.3862515625 0.254612962962963 0.38790833333333335 0.2597 0.3884354166666667 0.26331435185185187 0.38730598958333334 0.2658574074074074 0.385121875 0.26679444444444445 0.3827875 0.26799953703703705 0.3800763020833333 0.26799953703703705 0.37819375 0.26639305555555554 0.37759114583333336 0.2627787037037037 0.37872083333333334 0.25555 0.3786455729166667 0.24966018518518518 0.3786455729166667 0.24684907407407405 0.37954921875000003 0.24510879629629628
1 0.5071536458333333 0.5267782407407406 0.5102841145833333 0.5281263888888889 0.5138877604166666 0.5266092592592593 0.5163536458333333 0.5244175925925926 0.51692265625 0.5229004629629629 0.5165432291666667 0.511100462962963 0.51768125 0.5014921296296296 0.5178708333333334 0.499300462962963 0.5171122395833333 0.49643472222222224 0.5154052083333334 0.4934004629629629 0.51379296875 0.4918833333333334 0.5121809895833334 0.49120925925925923 0.5102841145833333 0.49120925925925923 0.5087669270833334 0.4918833333333334 0.5072494791666666 0.4934004629629629 0.5063960937499999 0.4957606481481482 0.5053528645833334 0.5053689814814815 0.5041200520833333 0.5073921296296297 0.5027924479166667 0.5102574074074074 0.5021283854166667 0.5143032407407407 0.50203359375 0.5193606481481481 0.5026026041666667 0.5230689814814815 0.5044044270833333 0.5247546296296296
1 0.4465372395833333 0.7272791666666667 0.4501338541666666 0.7272523148148148 0.45421171875 0.7250611111111112 0.45724635416666665 0.7215208333333333 0.4590481770833333 0.7162953703703704 0.45914296875 0.7114069444444444 0.4581947916666667 0.7075296296296296 0.45629791666666664 0.6999439814814814 0.456203125 0.6899981481481481 0.45582395833333333 0.6856152777777779 0.45468593749999997 0.682075462962963 0.4524098958333333 0.6800523148148149 0.4499442708333333 0.6793782407407408 0.4472888020833333 0.6793782407407408 0.44425416666666667 0.6807268518518518 0.4422625 0.6844351851851852 0.44121953124999996 0.687975462962963 0.4407453125 0.693875462962963 0.44102968750000004 0.7012925925925926 0.43913307291666664 0.7076981481481481 0.4379002604166667 0.7115754629629629 0.43808984375000004 0.7157898148148149 0.43998671875 0.7227009259259259 0.44264192708333333 0.7248925925925926
2 0.46121953125000004 0.786825 0.4657690104166667 0.7924675925925926 0.4726104166666667 0.7900351851851852 0.4739786458333333 0.7623087962962963 0.47042109374999996 0.7564717592592592 0.46494817708333336 0.7559856481481482 0.46248541666666665 0.7657138888888889 0.46029609375 0.7803069444444445
2 0.5217317708333333 0.5673888888888888 0.5246041666666666 0.5735750000000001 0.5298033854166666 0.5711430555555556 0.5314453125 0.5667652777777777 0.53253984375 0.5473083333333333 0.5311716145833334 0.5434166666666667 0.5265195312500001 0.5419574074074074
2 0.3887 0.28606203703703703 0.39105625 0.2872652777777778 0.3930544270833333 0.2859333333333333 0.3939286458333333 0.2812712962962963 0.3931794270833333 0.2699490740740741 0.39105625 0.26795138888888886 0.38880807291666664 0.26883935185185187 0.38768411458333335 0.27305694444444445
2 0.2980171875 0.2631013888888889 0.30088515624999995 0.26462129629629627 0.3032580729166667 0.26328935185185187 0.30313307291666663 0.25929305555555554 0.301634375 0.24708333333333335 0.3001359375 0.24597314814814816 0.2982625 0.24597314814814816 0.2966388020833334 0.24885925925925922
2 0.35036588541666663 0.21180601851851852 0.35234010416666667 0.21356157407407408 0.35521250000000004 0.2117851851851852 0.35471302083333334 0.20068564814814815 0.35383880208333335 0.19735555555555556 0.351715625 0.19691157407407409 0.3500921875 0.19979768518518518
2 0.32742031250000003 0.15806805555555556 0.3301096354166667 0.15695185185185187 0.33110859375 0.1549537037037037 0.32936015625 0.14407592592592594 0.32761171875 0.1436314814814815 0.3262380208333333 0.1460736111111111 0.3261130208333333 0.15695185185185187
2 0.27713255208333337 0.193975 0.2792791666666667 0.19446944444444444 0.28177682291666667 0.19269351851851851 0.2806528645833334 0.18181574074074072 0.2799036458333333 0.17826342592592592 0.2784049479166667 0.17781944444444445 0.27690624999999996 0.17892962962962963 0.27628177083333333 0.18225972222222223
2 0.18287760416666668 0.09675787037037038 0.1853203125 0.09864953703703704 0.18731848958333333 0.09687361111111112 0.18619453125 0.08599583333333334 0.18507057291666668 0.08377546296296297 0.18294739583333333 0.08333148148148149 0.1819484375 0.08510787037037038
2 0.13410130208333332 0.12240555555555556 0.13661302083333335 0.12306944444444444 0.13836145833333333 0.12151527777777778 0.13686276041666667 0.10930555555555556 0.1354890625 0.10752962962962963 0.13311614583333334 0.10797361111111112 0.13324088541666665 0.11330138888888888 0.133615625 0.12329166666666667
2 0.08230234374999999 0.10750555555555555 0.08428385416666666 0.10863935185185185 0.08653177083333333 0.10686342592592592 0.08465859375 0.09487546296296297 0.08365937500000001 0.09287777777777778 0.08103671875 0.09265555555555556 0.0801625 0.09554166666666666
2 0.015880729166666666 0.13616851851851852 0.018628385416666667 0.13661250000000003 0.020127083333333334 0.1343925925925926 0.01987734375 0.13150694444444444 0.018253645833333332 0.1217388888888889 0.016630208333333334 0.12040694444444444 0.014007291666666666 0.12129490740740742 0.01275859375 0.1235148148148148
0 0.5942708333333333 0.8 0.5950520833333334 0.8212962962962963 0.5997395833333333 0.8458333333333333 0.6057291666666667 0.8592592592592593 0.6109375 0.8657407407407407 0.6125 0.875462962962963 0.6075520833333333 0.8972222222222223 0.60625 0.9273148148148148 0.60859375 0.9652777777777778 0.61015625 0.9763888888888889 0.609375 0.987037037037037 0.61015625 0.9916666666666667 0.6088541666666667 0.9949074074074075 0.6111979166666667 0.9967592592592592 0.61171875 0.999537037037037 0.79375 0.999537037037037 0.7942708333333334 0.9912037037037037 0.7932291666666667 0.9837962962962963 0.7872395833333333 0.9597222222222223 0.7869791666666667 0.9550925925925926 0.78046875 0.9333333333333333 0.7796875 0.925 0.7690104166666667 0.8981481481481481 0.7619791666666667 0.8875 0.753125 0.8796296296296297 0.7388020833333333 0.8587962962962963 0.7244791666666667 0.8430555555555556 0.70859375 0.8287037037037037 0.7033854166666667 0.8208333333333333 0.6979166666666666 0.8166666666666667 0.6822916666666666 0.812037037037037 0.6755208333333333 0.8152777777777778 0.6643854166666666 0.8143046296296296 0.64463203125 0.8188962962962963 0.6325520833333333 0.7902777777777777 0.6296875 0.7791666666666667 0.6239583333333333 0.7685185185185185 0.6161458333333333 0.7648148148148148 0.6098958333333333 0.7671296296296296 0.5994791666666667 0.7787037037037037 0.5973958333333333 0.7833333333333333
0 0.3690104166666667 0.7430555555555556 0.36875 0.775 0.3703125 0.7921296296296296 0.37473958333333335 0.8175925925925925 0.3807291666666667 0.8337962962962963 0.3875 0.8476851851851852 0.39010416666666664 0.8662037037037037 0.39557291666666666 0.887962962962963 0.39869791666666665 0.8958333333333334 0.4109375 0.9152777777777777 0.41953125 0.9236111111111112 0.44140625 0.9333333333333333 0.45677083333333335 0.9328703703703703 0.46328125 0.9287037037037037 0.4666666666666667 0.9314814814814815 0.4700520833333333 0.9393518518518519 0.47734375 0.9453703703703704 0.48854166666666665 0.9435185185185185 0.49583333333333335 0.9393518518518519 0.5138020833333333 0.9217592592592593 0.5166666666666667 0.9078703703703703 0.5158854166666667 0.8828703703703704 0.5140625 0.8717592592592592 0.5057291666666667 0.8421296296296297 0.5143229166666666 0.825 0.5216145833333333 0.799537037037037 0.5244791666666667 0.7810185185185186 0.5260416666666666 0.7583333333333333 0.5255208333333333 0.7444444444444445 0.5236979166666667 0.7268518518518519 0.5184895833333333 0.7023148148148148 0.5083333333333333 0.6805555555555556 0.5 0.6675925925925926 0.48515625 0.6527777777777778 0.475 0.6462962962962963 0.46171875 0.6416666666666667 0.44227421875 0.6412037037037037 0.4388020833333333 0.6393518518518518 0.4322916666666667 0.6222222222222222 0.42951666666666666 0.6143208333333333 0.425684375 0.6052375000000001 0.41875 0.6032407407407407 0.41458333333333336 0.6041666666666666 0.409396875 0.6055217592592592 0.40428697916666667 0.6094953703703704 0.3988578125 0.6137527777777777 0.39598359375 0.6202814814814814 0.39646276041666667 0.6418532407407408 0.39895833333333336 0.6620370370370371 0.39401041666666664 0.6726851851851852 0.38697916666666665 0.6819444444444445 0.3776041666666667 0.7018518518518518 0.37083333333333335 0.7268518518518519
0 0.44817708333333334 0.5412037037037037 0.4479166666666667 0.5634259259259259 0.44947916666666665 0.5777777777777777 0.45989583333333334 0.6083333333333333 0.4588541666666667 0.6162037037037037 0.45989583333333334 0.637962962962963 0.4635416666666667 0.6416666666666667 0.4791666666666667 0.6481481481481481 0.49557291666666664 0.6611111111111111 0.503125 0.6708333333333333 0.515625 0.6921296296296297 0.52265625 0.6930555555555555 0.5270833333333333 0.6893518518518519 0.5400205729166667 0.6749467592592593 0.5478796875 0.6714546296296297 0.5533854166666666 0.6675925925925926 0.56171875 0.6615740740740741 0.5651041666666666 0.6518518518518519 0.5674479166666667 0.6407407407407407 0.5674479166666667 0.6263888888888889 0.5598958333333334 0.6050925925925926 0.5653645833333333 0.5907407407407408 0.5671875 0.5810185185185185 0.5690104166666666 0.5541666666666667 0.5682291666666667 0.5435185185185185 0.5669270833333333 0.5356481481481481 0.56171875 0.5217592592592593 0.5541666666666667 0.5083333333333333 0.5481770833333334 0.500462962962963 0.5263020833333333 0.4837962962962963 0.5018229166666667 0.4777777777777778 0.49583333333333335 0.47824074074074074 0.49192708333333335 0.4703703703703704 0.4875067708333333 0.46317314814814814 0.4826841145833333 0.4549180555555556 0.47734375 0.4537037037037037 0.4747395833333333 0.45416666666666666 0.4637505208333333 0.45841064814814814 0.4603567708333333 0.46730046296296296 0.46053541666666664 0.4838106481481481 0.46250026041666664 0.4993680555555556 0.45260416666666664 0.5185185185185185 0.44947916666666665 0.5305555555555556
0 0.3151041666666667 0.5152777777777777 0.31484375 0.5231481481481481 0.3171875 0.5375 0.32109375 0.5472222222222223 0.32838541666666665 0.5601851851851852 0.3302083333333333 0.5689814814814815 0.33125 0.5847222222222223 0.3346354166666667 0.5981481481481481 0.3416666666666667 0.6166666666666667 0.34791666666666665 0.6208333333333333 0.35572916666666665 0.6291666666666667 0.3734375 0.6333333333333333 0.3890625 0.6282407407407408 0.3958536458333333 0.6242601851851852 0.39627734374999996 0.6188351851851852 0.39921875 0.6125 0.40950312499999997 0.6054226851851852 0.4143354166666667 0.6033129629629629 0.41848984375 0.5920106481481481 0.42083333333333334 0.5791666666666667 0.421875 0.5444444444444444 0.425 0.5319444444444444 0.42864583333333334 0.5226851851851851 0.43046875 0.5125 0.43046875 0.5027777777777778 0.4278645833333333 0.48842592592592593 0.42552083333333335 0.48148148148148145 0.42239583333333336 0.475462962962963 0.41380208333333335 0.4648148148148148 0.40390625 0.4550925925925926 0.3932291666666667 0.4486111111111111 0.37298177083333334 0.44814814814814813 0.36856640625000003 0.44373379629629633 0.365625 0.4287037037037037 0.35989583333333336 0.42407407407407405 0.35520833333333335 0.42314814814814816 0.34921875 0.425 0.34036458333333336 0.43194444444444446 0.34036458333333336 0.44305555555555554 0.3422911458333333 0.4536875 0.33893125 0.46563194444444445 0.3319533854166667 0.47313518518518516 0.32317708333333334 0.48657407407407405 0.31744791666666666 0.5013888888888889
0 0.39663125000000005 0.3409509259259259 0.3932291666666667 0.3486111111111111 0.3932291666666667 0.3560185185185185 0.3939697916666667 0.3638180555555555 0.39557291666666666 0.36944444444444446 0.38723958333333336 0.38287037037037036 0.38307291666666665 0.39675925925925926 0.38515625 0.41388888888888886 0.39140625 0.4287037037037037 0.39296875 0.44537037037037036 0.4075520833333333 0.45694444444444443 0.4239583333333333 0.4773148148148148 0.4278645833333333 0.48564814814814816 0.43203125 0.5009259259259259 0.4401041666666667 0.5009259259259259 0.4604270833333333 0.4861805555555556 0.4604270833333333 0.47603888888888884 0.4604270833333333 0.4660851851851852 0.46401953125 0.45819722222222226 0.4737395833333334 0.45406574074074074 0.4736341145833334 0.44955833333333334 0.4731057291666667 0.44279722222222223 0.4693020833333333 0.4411069444444445 0.4704643229166667 0.4287115740740741 0.47291666666666665 0.4217592592592593 0.47734375 0.4041666666666667 0.47734375 0.3972222222222222 0.47317708333333336 0.3800925925925926 0.4708333333333333 0.37592592592592594 0.45260416666666664 0.36064814814814816 0.4390625 0.35462962962962963 0.425 0.35555555555555557 0.4200520833333333 0.3537037037037037 0.4166666666666667 0.3490740740740741 0.41226822916666667 0.33963611111111114 0.4100494791666666 0.3368189814814815 0.4058231770833334 0.3368189814814815
0 0.27734375 0.37407407407407406 0.27734375 0.3800925925925926 0.27890625 0.387037037037037 0.2877604166666667 0.39861111111111114 0.29270833333333335 0.4324074074074074 0.29635416666666664 0.44537037037037036 0.30026041666666664 0.4527777777777778 0.30572916666666666 0.45787037037037037 0.3145833333333333 0.46296296296296297 0.33098958333333334 0.46620370370370373 0.33489583333333334 0.4652777777777778 0.34036458333333336 0.4597222222222222 0.34227838541666666 0.45259444444444447 0.3399432291666667 0.4401421296296296 0.3415598958333333 0.4331175925925926 0.3482059895833334 0.4254546296296296 0.3575463541666667 0.4219425925925926 0.36598880208333334 0.43024398148148146 0.36770833333333336 0.3800925925925926 0.37083333333333335 0.3726851851851852 0.37057291666666664 0.36574074074074076 0.36692708333333335 0.3486111111111111 0.36041666666666666 0.3384259259259259 0.3515625 0.32916666666666666 0.34036458333333336 0.3263888888888889 0.3239567708333333 0.3251976851851852 0.32359739583333336 0.3168962962962963 0.31892734375000004 0.30987175925925925 0.31264036458333333 0.31019120370370373 0.3043778645833333 0.31402268518518517 0.3015036458333333 0.3220046296296296 0.3028645833333333 0.33240740740740743 0.28541666666666665 0.34953703703703703 0.28229166666666666 0.3560185185185185
0 0.3431765625 0.2836898148148148 0.3450520833333333 0.2986111111111111 0.34817708333333336 0.3101851851851852 0.35260416666666666 0.3175925925925926 0.3528645833333333 0.3282407407407407 0.3541666666666667 0.3314814814814815 0.3645833333333333 0.34305555555555556 0.36770833333333336 0.3490740740740741 0.37109375 0.362962962962963 0.37161458333333336 0.3736111111111111 0.3729166666666667 0.37592592592592594 0.38333333333333336 0.3787037037037037 0.39010416666666664 0.37777777777777777 0.3952674479166667 0.3692597222222222 0.39347109375 0.3593615740740741 0.39329166666666665 0.34531296296296293 0.3992190104166667 0.3386078703703704 0.40802083333333333 0.3363726851851852 0.41340937499999997 0.3398851851851852 0.4168223958333333 0.3520180555555556 0.41736119791666665 0.3312643518518518 0.41822916666666665 0.3138888888888889 0.41848958333333336 0.30787037037037035 0.42213541666666665 0.3 0.42291666666666666 0.28379629629629627 0.4205729166666667 0.27361111111111114 0.41484375 0.26481481481481484 0.4078125 0.25833333333333336 0.4005208333333333 0.2550925925925926 0.38645833333333335 0.2523148148148148 0.37784401041666665 0.2517611111111111 0.37568854166666665 0.24441712962962964 0.3722755208333333 0.24154351851851855 0.36401276041666664 0.24186296296296295 0.35844453125 0.24537499999999998 0.35790572916666663 0.2501643518518519 0.35844453125 0.25910462962962966 0.3528645833333333 0.26435185185185184 0.3467690104166667 0.27251481481481477
0 0.2560588541666667 0.2594240740740741 0.25659791666666665 0.27251481481481477 0.2587533854166667 0.28560555555555556 0.26640625 0.29444444444444445 0.26899192708333336 0.31242592592592594 0.2715065104166667 0.3287097222222222 0.27438046875000005 0.3392462962962963 0.278125 0.3425925925925926 0.2828125 0.3472222222222222 0.28671875 0.34814814814814815 0.30222213541666665 0.3312643518518518 0.3015036458333333 0.3226435185185185 0.30365937499999995 0.31274537037037037 0.31443671874999995 0.30987175925925925 0.31964583333333335 0.30987175925925925 0.32359739583333336 0.31498055555555554 0.3244955729166667 0.3258361111111111 0.32786458333333335 0.32546296296296295 0.3331174479166667 0.3258361111111111 0.3347341145833333 0.3146611111111111 0.3341145833333333 0.30648148148148147 0.33365651041666666 0.29454583333333334 0.33307291666666666 0.28425925925925927 0.3338541666666667 0.2791666666666667 0.33653046875000003 0.2734726851851852 0.33697916666666666 0.2652777777777778 0.33545260416666667 0.253037962962963 0.33132135416666664 0.24697175925925924 0.32838541666666665 0.24444444444444444 0.32057291666666665 0.23703703703703705 0.30807291666666664 0.2324074074074074 0.29791666666666666 0.23287037037037037 0.2961151041666667 0.22206712962962963 0.29072630208333333 0.22078981481481483 0.28425989583333333 0.22142824074074074 0.2785119791666667 0.22366342592592592 0.2758174479166666 0.23164583333333333 0.27743411458333334 0.23675416666666668 0.26614583333333336 0.24444444444444444 0.26119791666666664 0.2513888888888889
0 0.31354166666666666 0.2101851851851852 0.31328125 0.22037037037037038 0.31614583333333335 0.2310185185185185 0.33345598958333333 0.24754675925925926 0.33671875 0.262037037037037 0.3365096354166666 0.27468657407407404 0.3325578125 0.2807527777777778 0.33345598958333333 0.2900125 0.340625 0.2902777777777778 0.3424479166666667 0.28888888888888886 0.34348958333333335 0.27870370370370373 0.3528645833333333 0.2625 0.35752552083333333 0.2603185185185185 0.3580643229166667 0.24499259259259257 0.36309375 0.2427574074074074 0.3729731770833334 0.24052222222222222 0.3783619791666667 0.2501009259259259 0.3783619791666667 0.24339583333333334 0.3783619791666667 0.23381712962962964 0.38321171875 0.22583518518518517 0.38321171875 0.21625648148148147 0.38177083333333334 0.2101851851851852 0.37994791666666666 0.20324074074074075 0.3736979166666667 0.19537037037037036 0.36276041666666664 0.18935185185185185 0.3528645833333333 0.1884259259259259 0.3456703125 0.1872009259259259 0.3440536458333333 0.18113425925925927 0.340625 0.17962962962962964 0.33541666666666664 0.17962962962962964 0.33004296875 0.18209212962962965 0.32950416666666665 0.19167083333333335 0.3203125 0.19814814814814816
0 0.24192708333333332 0.1925925925925926 0.24140625 0.19583333333333333 0.24270833333333333 0.20601851851851852 0.2453125 0.21342592592592594 0.25 0.21944444444444444 0.25390625 0.2462962962962963 0.25657682291666667 0.2587217592592593 0.26223958333333336 0.24953703703703703 0.26666666666666666 0.24351851851851852 0.27694687500000004 0.23640185185185184 0.27640807291666664 0.2271425925925926 0.27910234375 0.2220337962962963 0.28826328125 0.22107592592592593 0.29616666666666663 0.22139537037037038 0.29739583333333336 0.23055555555555557 0.29973958333333334 0.2324074074074074 0.3072916666666667 0.2310185185185185 0.30833333333333335 0.2273148148148148 0.3077697916666667 0.21881064814814813 0.30741041666666663 0.21178611111111112 0.31064375 0.20603888888888888 0.31118255208333334 0.1977375 0.3104640625 0.18911666666666668 0.3063328125 0.18049583333333333 0.296875 0.17453703703703705 0.29375 0.1726851851851852 0.2822630208333334 0.17059768518518517 0.27238385416666666 0.16995925925925928 0.2695098958333333 0.16293472222222224 0.2605286458333333 0.16580833333333334 0.25927135416666663 0.16932083333333334 0.25833333333333336 0.17546296296296296 0.25234375 0.17777777777777778 0.24817708333333333 0.1814814814814815 0.24427083333333333 0.1865740740740741
0 0.29542994791666666 0.15576944444444443 0.2949690104166667 0.16150648148148147 0.29690546875 0.1734726851851852 0.304928125 0.17986527777777778 0.30870885416666666 0.18527453703703703 0.3102765625 0.19215879629629629 0.3110140625 0.20363287037037037 0.30714114583333335 0.2110087962962963 0.30760234375 0.21707407407407406 0.31046093750000003 0.22412222222222222 0.3150716145833333 0.22789212962962963 0.3139703125 0.22037037037037038 0.3139703125 0.20972222222222223 0.31657447916666664 0.20416666666666666 0.3288299479166667 0.1924712962962963 0.33067421874999997 0.18214444444444444 0.33556145833333334 0.17952175925925926 0.34312291666666667 0.17935787037037038 0.3461661458333333 0.18706203703703703 0.35195729166666667 0.18691342592592594 0.3522515625 0.1763888888888889 0.35329322916666667 0.17083333333333334 0.35329322916666667 0.16018518518518518 0.3483453125 0.14722222222222223 0.3452203125 0.1439814814814815 0.33462109375 0.13970601851851852 0.32217213541666667 0.13806666666666667 0.321065625 0.13331342592592593 0.3166393229166667 0.13232962962962963 0.3131890625 0.13333333333333333 0.30907760416666663 0.13429675925925927 0.30833984375 0.14183703703703704 0.3003174479166667 0.14659027777777778
0 0.003125 0.12638888888888888 0 0.12685185185185185 0 0.22268518518518518 0.02265625 0.2212962962962963 0.03958333333333333 0.21481481481481482 0.04192708333333333 0.2125 0.04401041666666667 0.20694444444444443 0.04479166666666667 0.19583333333333333 0.04375 0.18564814814814815 0.03984375 0.17175925925925925 0.040886979166666663 0.16908796296296297 0.04969661458333333 0.167275 0.05257135416666667 0.1618351851851852 0.057115364583333335 0.14732916666666668 0.0558171875 0.13727407407407408 0.05220052083333333 0.13216435185185185 0.04869791666666667 0.13287037037037036 0.035416666666666666 0.13472222222222222 0.02578125 0.12777777777777777
0 0.015625 0.12175925925925926 0.015625 0.12638888888888888 0.018229166666666668 0.12777777777777777 0.026822916666666665 0.1287037037037037 0.0328125 0.13240740740740742 0.05078125 0.13287037037037036 0.054427083333333334 0.13657407407407407 0.055989583333333336 0.1425925925925926 0.05572916666666667 0.14953703703703702 0.050520833333333334 0.1648148148148148 0.054427083333333334 0.175 0.06067708333333333 0.18333333333333332 0.07083333333333333 0.1875 0.08697916666666666 0.18564814814814815 0.09546223958333333 0.18222083333333333 0.09861510416666668 0.17892407407407407 0.09869791666666666 0.17546296296296296 0.09739583333333333 0.16712962962962963 0.0953125 0.16296296296296298 0.08854166666666667 0.16296296296296298 0.08377786458333333 0.16408842592592593 0.07710104166666666 0.15798935185185187 0.07070234375000001 0.15057175925925925 0.06921875000000001 0.14463749999999997 0.06856953125000001 0.13754953703703704 0.06875494791666667 0.13210972222222223 0.07181510416666666 0.12848333333333334 0.07895572916666667 0.1268351851851852 0.08655989583333333 0.12732962962962963 0.09088541666666666 0.125 0.09583333333333334 0.12083333333333333 0.10963541666666667 0.11527777777777778 0.11145833333333334 0.11203703703703703 0.109375 0.10601851851851851 0.10208333333333333 0.10694444444444444 0.0953125 0.1050925925925926 0.09244791666666667 0.10231481481481482 0.08645833333333333 0.1 0.07838541666666667 0.1 0.06979166666666667 0.1 0.06425364583333333 0.0999638888888889 0.05807291666666667 0.10185185185185185 0.03984375 0.10833333333333334 0.036458333333333336 0.11296296296296296 0.026041666666666668 0.11203703703703703 0.023697916666666666 0.11481481481481481 0.017447916666666667 0.11805555555555555
0 0.06881979166666666 0.13133194444444446 0.06868333333333335 0.1410375 0.0704578125 0.15050046296296296 0.07786458333333333 0.15833333333333333 0.08383515625 0.16408796296296296 0.09147916666666665 0.15947777777777777 0.09557291666666666 0.16157407407407406 0.09817708333333333 0.16805555555555557 0.10130208333333333 0.18287037037037038 0.10911458333333333 0.1986111111111111 0.11953125 0.20277777777777778 0.13177083333333334 0.2037037037037037 0.14296875 0.20092592592592592 0.14713541666666666 0.19814814814814816 0.15364583333333334 0.18981481481481483 0.15546875 0.1837962962962963 0.15618125 0.1762199074074074 0.15304166666666666 0.1538972222222222 0.15549869791666668 0.15171342592592593 0.16232395833333332 0.15195601851851853 0.16614609375 0.14443425925925926 0.16955859375000001 0.1342435185185185 0.16640625 0.12407407407407407 0.16464453125 0.11798657407407408 0.15604479166666665 0.11774398148148148 0.14908307291666667 0.11919999999999999 0.14362317708333333 0.11580277777777777 0.1376169270833333 0.11386157407407407 0.13215677083333335 0.11386157407407407 0.12546822916666667 0.11434722222222223 0.11864322916666666 0.11386157407407407 0.10963541666666667 0.11666666666666667 0.09583333333333334 0.12083333333333333 0.08984375 0.12638888888888888 0.08233359375 0.12647916666666667 0.07414348958333333 0.12672175925925927
0 0.12760416666666666 0.10555555555555556 0.12760416666666666 0.11018518518518519 0.13020833333333334 0.11296296296296296 0.14348958333333334 0.11481481481481481 0.14676276041666667 0.11992777777777777 0.15390625 0.11851851851851852 0.16145833333333334 0.1175925925925926 0.16536458333333334 0.12175925925925926 0.16770833333333332 0.12638888888888888 0.16875 0.13333333333333333 0.16764739583333332 0.14006666666666664 0.1640984375 0.14952962962962962 0.15481640625 0.15195601851851853 0.15659088541666666 0.15972083333333334 0.1627333333333333 0.16772777777777775 0.17213541666666668 0.16805555555555557 0.18098958333333334 0.16944444444444445 0.1859375 0.16944444444444445 0.18880208333333334 0.16712962962962963 0.19244791666666666 0.16666666666666666 0.20234375 0.15648148148148147 0.20338541666666668 0.15046296296296297 0.19921875 0.12638888888888888 0.20354765625000001 0.12502314814814816 0.20696015625 0.12478055555555556 0.20885416666666667 0.12175925925925926 0.21302083333333333 0.10972222222222222 0.21145833333333333 0.09907407407407408 0.209375 0.09583333333333334 0.20677083333333332 0.09444444444444444 0.19622395833333334 0.09537037037037037 0.19153541666666665 0.09275231481481482 0.18697916666666667 0.09166666666666666 0.18006927083333332 0.09008287037037037 0.17213541666666668 0.08888888888888889 0.16197916666666667 0.09074074074074075 0.15 0.09444444444444444 0.1453125 0.09814814814814815 0.14401041666666667 0.10092592592592593 0.13723958333333333 0.10046296296296296