1 0.5961114583333333 0.24373935185185183 0.5960239583333333 0.2604287037037037 0.5934791666666667 0.27602592592592595 0.59418125 0.27976944444444446 0.5965502604166667 0.28288888888888886 0.5995335937499999 0.28538425925925925 0.6039210937499999 0.2855402777777778 0.6093611979166667 0.2830449074074074 0.613134375 0.2796134259259259 0.6138364583333333 0.27399814814814816 0.6112916666666667 0.26027268518518515 0.6109375 0.24768518518518517 0.61015625 0.24351851851851852 0.6078125 0.23935185185185184 0.6020833333333333 0.23796296296296296 0.5973958333333333 0.24074074074074073
1 0.3923552083333333 0.2921 0.39077578125 0.29506388888888885 0.3912145833333333 0.3009907407407407 0.39244296875 0.3105050925925926 0.39217994791666666 0.3267263888888889 0.39348958333333334 0.33055555555555555 0.39428567708333334 0.3339009259259259 0.3977955729166667 0.33577268518518516 0.40262161458333334 0.3356166666666667 0.4072721354166667 0.3320296296296296 0.4123614583333334 0.32516666666666666 0.41209817708333335 0.32157916666666664 0.40963541666666664 0.3148148148148148 0.40753541666666665 0.3066055555555556 0.4061315104166667 0.2930361111111111 0.40463984375 0.28913657407407406 0.4006033854166667 0.28820092592592594 0.39621614583333337 0.28913657407407406
1 0.41640625 0.1648148148148148 0.415625 0.1675925925925926 0.41640625 0.17962962962962964 0.41519921875 0.1907222222222222 0.4154098958333333 0.19783564814814814 0.4175161458333333 0.19952083333333331 0.4205703125 0.2006439814814815 0.4243088541666667 0.20036296296296296 0.427415625 0.19877175925925925 0.43168072916666667 0.19624444444444444 0.43241796875 0.1915648148148148 0.4307856770833334 0.18510648148148148 0.4290479166666667 0.17733749999999998 0.4282580729166667 0.16769675925925928 0.4278369791666667 0.16348472222222224 0.42526041666666664 0.16203703703703703 0.42083333333333334 0.16203703703703703 0.41822916666666665 0.16296296296296298
1 0.29801041666666667 0.13803287037037038 0.3011 0.13641851851851852 0.3048411458333333 0.13329537037037037 0.3065981770833333 0.13097777777777778 0.30733489583333334 0.12795509259259258 0.30722161458333336 0.12594027777777778 0.3037072916666667 0.11717453703703704 0.3021770833333333 0.10881203703703703 0.30178020833333336 0.10578935185185186 0.3003065104166666 0.1040763888888889 0.298209375 0.10397546296296296 0.29667890625000004 0.10437870370370371 0.2937315104166667 0.10568842592592594 0.29197421875 0.1079050925925926 0.29135078125 0.10911388888888889 0.29135078125 0.11032314814814814 0.29299453124999997 0.12140601851851852 0.2931078125 0.13047407407407408 0.2932778645833333 0.13470555555555555 0.2942416666666666 0.13611620370370373 0.29616875 0.13712361111111113
1 0.25311223958333334 0.2401342592592593 0.25609427083333336 0.23978703703703705 0.2594953125 0.2375703703703704 0.2631229166666667 0.23394351851851852 0.26539010416666664 0.2313236111111111 0.26578697916666666 0.22820046296296298 0.26573020833333333 0.22628611111111113 0.26266953125 0.21933379629629632 0.2607421875 0.2155050925925926 0.2587583333333333 0.20704166666666665 0.25773802083333336 0.20281018518518518 0.25683125 0.20129907407407407 0.25490390625 0.20109722222222223 0.25207005208333333 0.2021050925925926 0.2501994791666667 0.2031125 0.24787552083333333 0.20452314814814815 0.24662838541666668 0.20673981481481482 0.24538151041666667 0.20925833333333332 0.24583489583333332 0.21187824074074074 0.24708203125 0.21741944444444444 0.24810234374999998 0.2225578703703704 0.2484421875 0.22568148148148148 0.24889583333333334 0.2303162037037037 0.24940598958333335 0.23575694444444445 0.2500861979166667 0.23857824074074072
2 0.2743317708333333 0.23312361111111113 0.27842265625 0.2287087962962963 0.28265989583333334 0.23208472222222223 0.28587395833333334 0.2570166666666666 0.2836825520833333 0.2611722222222222 0.27783828125 0.2622111111111111 0.27623125000000004 0.2601333333333333
2 0.31520468749999997 0.1306240740740741 0.3164098958333333 0.15495185185185187 0.32050078125 0.15599074074074074 0.32473776041666663 0.15261435185185185 0.3226924479166666 0.1310587962962963 0.32123125 0.1276824074074074 0.31772473958333336 0.12716296296296298
2 0.4490981770833333 0.19091805555555555 0.44541302083333334 0.19468194444444442 0.4455591145833333 0.22143194444444445 0.44862734375 0.22454814814814814 0.45403333333333334 0.22350972222222223 0.45534817708333336 0.21883472222222222 0.45330286458333335 0.19390277777777776
2 0.4325421875 0.32665092592592593 0.43723125 0.32817175925925923 0.4397151041666667 0.34505277777777776 0.4401533854166667 0.3603754629629629 0.43679296875 0.36556944444444445 0.4302182291666667 0.36375138888888886 0.4287572916666667 0.3603754629629629 0.42789791666666666 0.3299898148148148
2 0.6358736979166667 0.3092199074074074 0.6383651041666667 0.2809152777777778 0.6404106770833333 0.27572129629629627 0.64552421875 0.27520185185185186 0.6484463541666667 0.2796166666666667 0.6471312499999999 0.30922361111111113 0.64610859375 0.3123398148148148 0.6420177083333333 0.3144175925925926
0 0.7859375 0.6546296296296297 0.784375 0.6680555555555555 0.7848958333333333 0.6787037037037037 0.7885416666666667 0.6921296296296297 0.7947916666666667 0.7064814814814815 0.7986979166666667 0.7203703703703703 0.8072916666666666 0.7361111111111112 0.82890625 0.749537037037037 0.8315104166666667 0.7523148148148148 0.83515625 0.7620370370370371 0.83671875 0.7796296296296297 0.8440104166666667 0.8074074074074075 0.84765625 0.8157407407407408 0.8505208333333333 0.8287037037037037 0.8481770833333333 0.836574074074074 0.8486979166666667 0.8421296296296297 0.8471354166666667 0.8486111111111111 0.8458333333333333 0.8759259259259259 0.8466145833333333 0.8939814814814815 0.84921875 0.9138888888888889 0.8606770833333334 0.9560185185185185 0.86875 0.9699074074074074 0.875 0.9847222222222223 0.8838541666666667 0.9949074074074075 0.8901041666666667 0.999537037037037 0.9997395833333333 0.999537037037037 0.9997395833333333 0.6356481481481482 0.96015625 0.6217592592592592 0.94296875 0.6180555555555556 0.9140625 0.6194444444444445 0.90625 0.6273148148148148 0.8924479166666667 0.6342592592592593 0.8763020833333334 0.6462962962962963 0.8705729166666667 0.6481481481481481 0.8625 0.6611111111111111 0.8565104166666667 0.6643518518518519 0.8526041666666667 0.6606481481481481 0.84921875 0.6601851851851852 0.84375 0.6509259259259259 0.8341145833333333 0.6453703703703704 0.8299479166666667 0.6314814814814815 0.82109375 0.6175925925925926 0.8135416666666667 0.612037037037037 0.8059895833333334 0.611574074074074 0.8005208333333333 0.6152777777777778 0.7890625 0.6342592592592593
0 0.7239583333333334 0.4212962962962963 0.7236979166666667 0.4300925925925926 0.7260416666666667 0.4449074074074074 0.7296875 0.4564814814814815 0.7380208333333333 0.475 0.7416666666666667 0.48055555555555557 0.7526041666666666 0.48518518518518516 0.765625 0.49398148148148147 0.7755208333333333 0.5189814814814815 0.7768229166666667 0.5254629629629629 0.775 0.5416666666666666 0.7760416666666666 0.5537037037037037 0.775 0.5564814814814815 0.7752604166666667 0.5847222222222223 0.7778645833333333 0.6138888888888889 0.78203125 0.6273148148148148 0.7861979166666667 0.6356481481481482 0.7890625 0.6375 0.7901041666666667 0.6370370370370371 0.7921875 0.6259259259259259 0.80078125 0.6134259259259259 0.80390625 0.6106481481481482 0.8111979166666666 0.6097222222222223 0.8174479166666667 0.6125 0.825 0.6203703703703703 0.8309895833333333 0.6296296296296297 0.8356770833333333 0.6439814814814815 0.8453125 0.649537037037037 0.8489583333333334 0.6546296296296297 0.8552083333333333 0.6592592592592592 0.8591145833333333 0.6592592592592592 0.86875 0.6486111111111111 0.90078125 0.6273148148148148 0.90859375 0.6175925925925926 0.9229166666666667 0.6134259259259259 0.9427083333333334 0.6125 0.9455729166666667 0.6087962962962963 0.95 0.5916666666666667 0.9497395833333333 0.5884259259259259 0.9997395833333333 0.6216050925925926 0.9997395833333333 0.5203703703703704 0.9807291666666667 0.5092592592592593 0.98046875 0.49444444444444446 0.975 0.4699074074074074 0.9578125 0.44027777777777777 0.9354166666666667 0.4125 0.91875 0.4 0.9091145833333333 0.39537037037037037 0.8971354166666666 0.39305555555555555 0.8776041666666666 0.38564814814814813 0.8317708333333333 0.3824074074074074 0.8171875 0.387037037037037 0.8104166666666667 0.39444444444444443 0.7971354166666667 0.4041666666666667 0.7828125 0.41898148148148145 0.7755208333333333 0.42268518518518516 0.7604166666666666 0.40879629629629627 0.7580729166666667 0.4013888888888889 0.7520833333333333 0.39351851851851855 0.74765625 0.38981481481481484 0.740625 0.38796296296296295 0.7341145833333333 0.39351851851851855 0.72734375 0.4050925925925926
0 0.5036458333333333 0.4601851851851852 0.5049479166666667 0.48703703703703705 0.5119791666666667 0.5162037037037037 0.515625 0.5189814814814815 0.5197916666666667 0.5125 0.5239583333333333 0.5152777777777777 0.5236979166666667 0.5254629629629629 0.5205729166666667 0.5398148148148149 0.5197916666666667 0.5569444444444445 0.5208333333333334 0.5699074074074074 0.52578125 0.5902777777777778 0.5372395833333333 0.6129629629629629 0.53984375 0.6212962962962963 0.5455729166666666 0.6736111111111112 0.54921875 0.6925925925925925 0.5572916666666666 0.7129629629629629 0.5658854166666667 0.7273148148148149 0.5848958333333333 0.7472222222222222 0.6127604166666667 0.7583333333333333 0.6307291666666667 0.7583333333333333 0.6411458333333333 0.7555555555555555 0.6596354166666667 0.7462962962962963 0.66796875 0.737037037037037 0.67890625 0.7282407407407407 0.6861979166666666 0.7166666666666667 0.69375 0.700462962962963 0.7015625 0.6759259259259259 0.7033854166666667 0.6736111111111112 0.7080729166666667 0.675 0.7135416666666666 0.6731481481481482 0.73125 0.6583333333333333 0.74296875 0.6444444444444445 0.7520833333333333 0.6305555555555555 0.7591145833333334 0.6157407407407407 0.7596354166666667 0.5972222222222222 0.75859375 0.5925925925925926 0.7552083333333334 0.5875 0.7411458333333333 0.5875 0.73671875 0.5847222222222223 0.7302083333333333 0.5842592592592593 0.7234375 0.5879629629629629 0.7205729166666667 0.5847222222222223 0.71796875 0.5847222222222223 0.715625 0.5805555555555556 0.7221354166666667 0.5472222222222223 0.721875 0.5351851851851852 0.7192708333333333 0.5157407407407407 0.7138020833333333 0.500462962962963 0.7046875 0.4842592592592593 0.7 0.46805555555555556 0.6864583333333333 0.4550925925925926 0.6440104166666667 0.4412037037037037 0.6111979166666667 0.43796296296296294 0.5971354166666667 0.4412037037037037 0.5770833333333333 0.4513888888888889 0.5536458333333333 0.4703703703703704 0.54453125 0.4615740740740741 0.5424479166666667 0.4527777777777778 0.5346354166666667 0.44166666666666665 0.5315104166666667 0.43842592592592594 0.5255208333333333 0.4361111111111111 0.5190104166666667 0.4388888888888889 0.5114583333333333 0.4462962962962963 0.5067708333333333 0.45231481481481484
0 0.509375 0.2791666666666667 0.509375 0.2935185185185185 0.5119791666666667 0.3212962962962963 0.5184895833333333 0.33055555555555555 0.5442708333333334 0.4375 0.54453125 0.4532407407407407 0.5466145833333333 0.45925925925925926 0.5502604166666667 0.46435185185185185 0.5536458333333333 0.46574074074074073 0.559375 0.4634259259259259 0.5731770833333333 0.45231481481481484 0.59375 0.44074074074074077 0.6097135416666667 0.4351851851851852 0.6221354166666667 0.4351851851851852 0.6684895833333333 0.44537037037037036 0.6705729166666666 0.4425925925925926 0.67265625 0.4305555555555556 0.68125 0.42777777777777776 0.68984375 0.41574074074074074 0.6979166666666666 0.4074074074074074 0.7143229166666667 0.38333333333333336 0.7171875 0.37546296296296294 0.71640625 0.34814814814814815 0.7143229166666667 0.3388888888888889 0.7111979166666667 0.3347222222222222 0.6880208333333333 0.32175925925925924 0.6859375 0.31805555555555554 0.6856770833333333 0.29907407407407405 0.6828125 0.28935185185185186 0.6786458333333333 0.2814814814814815 0.6716145833333333 0.2722222222222222 0.6609375 0.262037037037037 0.6505208333333333 0.2550925925925926 0.6315104166666666 0.2490740740740741 0.6151041666666667 0.24861111111111112 0.60703125 0.23935185185185184 0.6018229166666667 0.23842592592592593 0.59765625 0.24074074074074073 0.5958333333333333 0.24675925925925926 0.5921875 0.25092592592592594 0.58046875 0.25462962962962965 0.5578125 0.2657407407407407 0.55234375 0.26481481481481484 0.5401041666666667 0.2569444444444444 0.5276041666666667 0.25972222222222224 0.5174479166666667 0.2652777777777778
0 0.32369791666666664 0.3199074074074074 0.32317708333333334 0.3287037037037037 0.325 0.3421296296296296 0.33151041666666664 0.3597222222222222 0.3268229166666667 0.3763888888888889 0.3255208333333333 0.3875 0.32890625 0.42314814814814816 0.334375 0.43657407407407406 0.34713541666666664 0.45416666666666666 0.3575520833333333 0.5120370370370371 0.36041666666666666 0.5222222222222223 0.36822916666666666 0.5398148148148149 0.38333333333333336 0.5555555555555556 0.3971354166666667 0.5611111111111111 0.4166666666666667 0.5634259259259259 0.43645833333333334 0.5564814814814815 0.44973958333333336 0.5476851851851852 0.46510416666666665 0.5310185185185186 0.47760416666666666 0.5083333333333333 0.4817708333333333 0.4912037037037037 0.48203125 0.4652777777777778 0.4984375 0.4449074074074074 0.5049479166666667 0.43148148148148147 0.5046875 0.41805555555555557 0.5005208333333333 0.3958333333333333 0.49661458333333336 0.38657407407407407 0.48802083333333335 0.3800925925925926 0.4864583333333333 0.3425925925925926 0.48515625 0.3351851851851852 0.4817708333333333 0.32685185185185184 0.4744791666666667 0.31527777777777777 0.4591145833333333 0.30277777777777776 0.4390625 0.2949074074074074 0.42083333333333334 0.29444444444444445 0.41484375 0.29583333333333334 0.40859375 0.300462962962963 0.4044270833333333 0.2916666666666667 0.3971354166666667 0.2898148148148148 0.3919270833333333 0.2935185185185185 0.38958333333333334 0.3037037037037037 0.38333333333333336 0.30416666666666664 0.37005208333333334 0.31296296296296294 0.3651041666666667 0.31296296296296294 0.35911458333333335 0.30694444444444446 0.35572916666666665 0.3074074074074074 0.35442708333333334 0.3037037037037037 0.3484375 0.30277777777777776 0.32786458333333335 0.31203703703703706
0 0.35911458333333335 0.19490740740740742 0.35885416666666664 0.20324074074074075 0.3606770833333333 0.20925925925925926 0.3619791666666667 0.2310185185185185 0.36041666666666666 0.2462962962962963 0.3625 0.2689814814814815 0.365625 0.2796296296296296 0.3684895833333333 0.2847222222222222 0.3731770833333333 0.2902777777777778 0.38333333333333336 0.2972222222222222 0.39036458333333335 0.29768518518518516 0.3927083333333333 0.2912037037037037 0.3997395833333333 0.2875 0.40546875 0.2912037037037037 0.4078125 0.29583333333333334 0.4278645833333333 0.29305555555555557 0.453125 0.2972222222222222 0.4791666666666667 0.31712962962962965 0.48072916666666665 0.3199074074074074 0.48046875 0.32407407407407407 0.4825520833333333 0.3263888888888889 0.48776041666666664 0.3388888888888889 0.48932291666666666 0.32546296296296295 0.48489583333333336 0.32037037037037036 0.4864583333333333 0.31296296296296294 0.49270833333333336 0.3023148148148148 0.5 0.29583333333333334 0.5072916666666667 0.27546296296296297 0.5044270833333333 0.2518518518518518 0.50234375 0.24444444444444444 0.496875 0.23796296296296296 0.4934895833333333 0.2064814814814815 0.49166666666666664 0.20092592592592592 0.48776041666666664 0.19398148148148148 0.47239583333333335 0.18009259259259258 0.45651041666666664 0.175 0.433203125 0.175 0.42864583333333334 0.1685185185185185 0.42682291666666666 0.16342592592592592 0.4203125 0.16203703703703703 0.41640625 0.1648148148148148 0.4153645833333333 0.16805555555555557 0.4161458333333333 0.1787037037037037 0.412890625 0.18101851851851852 0.39869791666666665 0.1865740740740741 0.38723958333333336 0.1814814814814815 0.38307291666666665 0.18564814814814815 0.38046875 0.18055555555555555 0.37265625 0.1814814814814815 0.36276041666666664 0.18611111111111112
0 0.19947916666666668 0.2337962962962963 0.2 0.24351851851851852 0.20208333333333334 0.2462962962962963 0.2015625 0.25462962962962965 0.20260416666666667 0.2587962962962963 0.20130208333333333 0.2662037037037037 0.19661458333333334 0.2763888888888889 0.19453125 0.287962962962963 0.19427083333333334 0.29444444444444445 0.196875 0.3125 0.20286458333333332 0.3282407407407407 0.21145833333333333 0.3365740740740741 0.22135416666666666 0.3736111111111111 0.2265625 0.39861111111111114 0.23463541666666668 0.41712962962962963 0.23984375 0.4222222222222222 0.2513020833333333 0.42916666666666664 0.26145833333333335 0.43148148148148147 0.27239583333333334 0.4305555555555556 0.29140625 0.42407407407407405 0.30390625 0.4166666666666667 0.31692708333333336 0.4041666666666667 0.3229166666666667 0.39490740740740743 0.32786458333333335 0.3638888888888889 0.32786458333333335 0.36203703703703705 0.325 0.35833333333333334 0.325 0.3490740740740741 0.3234375 0.34814814814814815 0.3234375 0.31712962962962965 0.3263020833333333 0.31157407407407406 0.328125 0.3106481481481482 0.3294270833333333 0.30648148148148147 0.33489583333333334 0.30324074074074076 0.33541666666666664 0.2898148148148148 0.33125 0.2773148148148148 0.33151041666666664 0.25787037037037036 0.32708333333333334 0.23657407407407408 0.32473958333333336 0.2300925925925926 0.3109375 0.21898148148148147 0.29739583333333336 0.21481481481481482 0.2786458333333333 0.21435185185185185 0.26536458333333335 0.21666666666666667 0.26067708333333334 0.21342592592592594 0.2559895833333333 0.20277777777777778 0.25338541666666664 0.2023148148148148 0.246875 0.2064814814814815 0.24609375 0.2101851851851852 0.24791666666666667 0.22037037037037038 0.24453125 0.22592592592592592 0.24114583333333334 0.22824074074074074 0.23697916666666666 0.22916666666666666 0.22421875 0.2199074074074074 0.21953125 0.2199074074074074 0.21067708333333332 0.22361111111111112
0 0.25052083333333336 0.13703703703703704 0.2520833333333333 0.1537037037037037 0.2513020833333333 0.16203703703703703 0.24791666666666667 0.17453703703703705 0.24765625 0.1824074074074074 0.25 0.1935185185185185 0.255859375 0.19722222222222222 0.26223958333333336 0.21296296296296297 0.29010416666666666 0.2111111111111111 0.29296875 0.21388888888888888 0.29739583333333336 0.21342592592592594 0.3106770833333333 0.21805555555555556 0.325 0.22962962962962963 0.32786458333333335 0.23842592592592593 0.33177083333333335 0.26064814814814813 0.33125 0.2791666666666667 0.334375 0.2861111111111111 0.33489583333333334 0.2902777777777778 0.3419270833333333 0.2898148148148148 0.3497395833333333 0.28379629629629627 0.35598958333333336 0.2763888888888889 0.36015625 0.26666666666666666 0.3640625 0.17777777777777778 0.35989583333333336 0.14166666666666666 0.35651041666666666 0.13472222222222222 0.35182291666666665 0.12916666666666668 0.3419270833333333 0.12268518518518519 0.33151041666666664 0.12037037037037036 0.3234375 0.12453703703703704 0.32135416666666666 0.12731481481481483 0.31744791666666666 0.12685185185185185 0.3145833333333333 0.13148148148148148 0.31197916666666664 0.12916666666666668 0.3111979166666667 0.1259259259259259 0.30859375 0.12638888888888888 0.30494791666666665 0.12083333333333333 0.30364583333333334 0.1125 0.30026041666666664 0.1050925925925926 0.29661458333333335 0.10416666666666667 0.29348958333333336 0.10601851851851851 0.2921875 0.10925925925925926 0.29270833333333335 0.12222222222222222 0.26536458333333335 0.1300925925925926 0.26328125 0.12962962962962962 0.26276041666666666 0.12638888888888888 0.26171875 0.12638888888888888 0.2518229166666667 0.1337962962962963
0 0.28958333333333336 0.8699074074074075 0.2890625 0.8837962962962963 0.2950520833333333 0.8972222222222223 0.3015625 0.9004629629629629 0.31796875 0.899537037037037 0.3203125 0.9018518518518519 0.3223958333333333 0.9074074074074074 0.31953125 0.9162037037037037 0.31484375 0.9222222222222223 0.30703125 0.9273148148148148 0.30546875 0.9319444444444445 0.30520833333333336 0.9365740740740741 0.3067708333333333 0.9439814814814815 0.3106770833333333 0.9495370370370371 0.32135416666666666 0.9564814814814815 0.32916666666666666 0.9583333333333334 0.33515625 0.9587962962962963 0.34427083333333336 0.9541666666666667 0.346875 0.9601851851851851 0.3502604166666667 0.9634259259259259 0.36276041666666664 0.9694444444444444 0.37473958333333335 0.9703703703703703 0.3802083333333333 0.9671296296296297 0.3809895833333333 0.9467592592592593 0.3854166666666667 0.9175925925925926 0.3731770833333333 0.8949074074074074 0.353125 0.8666666666666667 0.3458333333333333 0.8583333333333333 0.3419270833333333 0.8560185185185185 0.33203125 0.8379629629629629 0.32526041666666666 0.8319444444444445 0.32109375 0.8314814814814815 0.31614583333333335 0.8435185185185186 0.29609375 0.8592592592592593 0.29192708333333334 0.8638888888888889
0 0.23828125 0.8055555555555556 0.23802083333333332 0.8106481481481481 0.24036458333333333 0.8180555555555555 0.24427083333333333 0.8208333333333333 0.2596354166666667 0.8425925925925926 0.28580911458333336 0.8485282407407407 0.29571119791666667 0.8577902777777778 0.3109375 0.8476851851851852 0.3177083333333333 0.8347222222222223 0.31796875 0.8277777777777777 0.3140625 0.8175925925925925 0.3046875 0.8060185185185185 0.29713541666666665 0.7898148148148149 0.2921875 0.7847222222222222 0.26901041666666664 0.7444444444444445 0.26171875 0.7375 0.2546875 0.7375 0.2515625 0.7532407407407408 0.2515625 0.7625 0.254278125 0.7827666666666667