1 0.4981481481481482 0.11302083333333333 0.49583333333333335 0.1203125 0.494575925925926 0.12660677083333333 0.4949074074074074 0.13333333333333333 0.4987388888888889 0.14029505208333332 0.5148148148148148 0.15234375 0.5208333333333334 0.15442708333333333 0.5269194444444444 0.15542395833333333 0.5346050925925926 0.15290260416666665 0.5586222222222222 0.14371692708333333 0.5800925925925926 0.13984375 0.5874430555555555 0.13921432291666666 0.5944444444444444 0.13828125 0.5990740740740741 0.13671875 0.6023148148148149 0.13359375 0.6037037037037037 0.12265625 0.600462962962963 0.11328125 0.5958333333333333 0.10572916666666667 0.5856481481481481 0.10130208333333333 0.5773148148148148 0.10130208333333333 0.5467592592592593 0.10755208333333334 0.5087962962962963 0.10651041666666666 0.5023148148148148 0.10885416666666667
1 0.7770851851851851 0.23251640625 0.7780462962962963 0.23791953125 0.7800925925925926 0.24244791666666668 0.7861111111111111 0.24791666666666667 0.7905351851851852 0.25052708333333334 0.8064814814814815 0.24609375 0.8171143518518519 0.24332291666666667 0.8412037037037037 0.24010416666666667 0.8462962962962963 0.23776041666666667 0.8476851851851852 0.234375 0.8453703703703703 0.22057291666666667 0.8416666666666667 0.21692708333333333 0.8384259259259259 0.21588541666666666 0.8162037037037037 0.21822916666666667 0.8107097222222223 0.21936848958333333 0.7850912037037037 0.2173875 0.7783662037037037 0.22044921874999998 0.7763888888888889 0.228125
1 0.9356481481481481 0.5174479166666667 0.9335805555555556 0.5210513020833333 0.9330208333333333 0.5260877604166666 0.9335805555555556 0.5328033854166666 0.9354458333333334 0.5370005208333333 0.939550462962963 0.5377348958333333 0.9604453703703704 0.5350067708333334 0.982087037037037 0.5349018229166667 0.9833333333333333 0.5330729166666667 0.9847222222222223 0.5221354166666666 0.9837962962962963 0.51953125 0.9813407407407407 0.5174838541666666 0.9555555555555556 0.5169270833333334 0.9435185185185185 0.51484375 0.9388888888888889 0.5151041666666667
1 0.796199537037037 0.55297734375 0.7954532407407408 0.5576992187500001 0.7965726851851852 0.56388984375 0.7986245370370371 0.56787734375 0.8027291666666666 0.5711299479166667 0.8066472222222222 0.5721794270833332 0.8282407407407407 0.5692708333333333 0.8355643518518518 0.56787734375 0.8601907407407408 0.5680869791666667 0.8641087962962962 0.5671427083333334 0.8672800925925926 0.5623158854166667 0.8682129629629629 0.5546562500000001 0.8652282407407408 0.546471875 0.8620564814814814 0.5451078125 0.8560185185185185 0.5450520833333333 0.8348180555555557 0.5445830729166666 0.8208333333333333 0.5419270833333333 0.8066472222222222 0.5398611979166666 0.8032407407407407 0.5419270833333333 0.7972222222222223 0.5494791666666666
1 0.9470148148148148 0.7879736979166666 0.9686921296296296 0.7855575520833333 0.9759680555555555 0.7860822916666667 0.9860425925925925 0.7868169270833333 0.9905203703703703 0.7858723958333333 0.9931319444444444 0.7838789062499999 0.994251388888889 0.7810458333333333 0.9944379629629629 0.7773731770833333 0.9940648148148148 0.7738057291666667 0.9925726851851852 0.7705528645833333 0.9905203703703703 0.7686640625 0.9864157407407407 0.7681395833333333 0.9692518518518518 0.7667755208333333 0.9574986111111111 0.76425703125 0.949476388888889 0.7625783854166667 0.947424074074074 0.7622635416666667 0.944998611111111 0.7625783854166667 0.9423865740740741 0.7643619791666667 0.9407078703703704 0.76929375 0.939588425925926 0.7733859375000001 0.9394018518518519 0.7778979166666667 0.939588425925926 0.7814653645833334 0.942013425925926 0.78461328125
2 0.5439675925925926 0.21549583333333333 0.5395888888888889 0.22452526041666668 0.5425078703703704 0.23601692708333333 0.5512648148148148 0.24135260416666665 0.6205898148148148 0.23191276041666667 0.6220490740740741 0.22616692708333333 0.6198597222222222 0.21836874999999997 0.6125625 0.21549583333333333 0.5636703703703704 0.214675
2 0.7947925925925926 0.28635937499999997 0.8117800925925925 0.2848572916666667 0.8438888888888889 0.28731979166666666 0.8482671296296297 0.29306588541666667 0.8475375 0.29717005208333336 0.8409699074074074 0.30086380208333335 0.7942666666666667 0.30332630208333333 0.7876990740740741 0.29717005208333336
2 0.932074074074074 0.5546005208333333 0.977249537037037 0.55829609375 0.9816277777777777 0.5648627604166666 0.9706819444444443 0.5706088541666666 0.9298166666666666 0.5660940104166666
2 0.8124546296296297 0.5907270833333332 0.8612217592592593 0.5952341145833333 0.8648703703703703 0.6022111979166667 0.8634111111111111 0.6100093750000001 0.8079509259259259 0.6083677083333333 0.805762037037037 0.5997486979166666
0 0.004629629629629629 0.05703125 0 0.06458333333333334 0 0.21875 0.015277777777777777 0.23854166666666668 0.05092592592592592 0.2703125 0.09444444444444444 0.29739583333333336 0.11666666666666667 0.30755208333333334 0.14027777777777778 0.3145833333333333 0.1597222222222222 0.31953125 0.18888888888888888 0.32369791666666664 0.2388888888888889 0.32135416666666666 0.29074074074074074 0.3216145833333333 0.325 0.31953125 0.33425925925925926 0.31796875 0.3384259259259259 0.31875 0.3486111111111111 0.32369791666666664 0.3763888888888889 0.33203125 0.4041666666666667 0.3375 0.41944444444444445 0.3377604166666667 0.42916666666666664 0.33984375 0.4388888888888889 0.35052083333333334 0.4425925925925926 0.35234375 0.4462962962962963 0.36015625 0.4625 0.36640625 0.48564814814814816 0.37213541666666666 0.49212962962962964 0.37473958333333335 0.5115740740740741 0.378125 0.5393518518518519 0.37916666666666665 0.6 0.37005208333333334 0.6064814814814815 0.36666666666666664 0.6143518518518518 0.35885416666666664 0.6240740740740741 0.35572916666666665 0.6273148148148148 0.34661458333333334 0.6273148148148148 0.33359375 0.625 0.3177083333333333 0.6217592592592592 0.3125 0.5834694444444445 0.26236354166666664 0.5934851851851852 0.24077369791666667 0.5968240740740741 0.19383932291666667 0.5909814814814814 0.15206770833333336 0.5685185185185185 0.099609375 0.562037037037037 0.0859375 0.5435185185185185 0.05677083333333333 0.513425925925926 0.020572916666666666 0.4925925925925926 0 0.17731481481481481 0 0.16944444444444445 0.015625 0.16666666666666666 0.026041666666666668 0.15833333333333333 0.030989583333333334 0.15462962962962962 0.03203125 0.14629629629629629 0.030208333333333334 0.13703703703703704 0.022916666666666665 0.13333333333333333 0.021875 0.12638888888888888 0.0234375 0.12314814814814815 0.021875 0.10185185185185185 0.027604166666666666 0.06388888888888888 0.04010416666666667 0.05277777777777778 0.0421875 0.04537037037037037 0.04609375
0 0.5615740740740741 0.07395833333333333 0.5597222222222222 0.07916666666666666 0.5675925925925925 0.09505208333333333 0.5745370370370371 0.0984375 0.5814814814814815 0.0984375 0.5939814814814814 0.10416666666666667 0.5976851851851852 0.10729166666666666 0.6041666666666666 0.12057291666666667 0.6046296296296296 0.128125 0.6027777777777777 0.13359375 0.5990740740740741 0.13880208333333333 0.5949074074074074 0.140625 0.5921296296296297 0.14375 0.5962962962962963 0.20703125 0.5986111111111111 0.21510416666666668 0.6092592592592593 0.21640625 0.6129629629629629 0.21822916666666667 0.6166666666666667 0.221875 0.6171296296296296 0.22647578125 0.6129629629629629 0.23255208333333333 0.5967592592592592 0.23541666666666666 0.5916666666666667 0.2375 0.5916666666666667 0.24479166666666666 0.5847222222222223 0.25885416666666666 0.5842592592592593 0.2640625 0.5884259259259259 0.26927083333333335 0.5879629629629629 0.27239583333333334 0.5939814814814814 0.2796875 0.6018518518518519 0.2869791666666667 0.6050925925925926 0.2877604166666667 0.6064814814814815 0.29322916666666665 0.6175925925925926 0.30026041666666664 0.6236111111111111 0.3106770833333333 0.6263888888888889 0.3307291666666667 0.6259259259259259 0.34401041666666665 0.6226851851851852 0.3489583333333333 0.6263888888888889 0.3528645833333333 0.6361111111111111 0.35520833333333335 0.6546296296296297 0.35572916666666665 0.6583333333333333 0.3541666666666667 0.6995370370370371 0.3776041666666667 0.7055555555555556 0.3841145833333333 0.7375 0.39479166666666665 0.750462962962963 0.396875 0.7657407407407407 0.39765625 0.8097222222222222 0.3924479166666667 0.8148148148148148 0.390625 0.8245370370370371 0.37734375 0.825925925925926 0.3611979166666667 0.8208333333333333 0.34401041666666665 0.8041666666666667 0.32838541666666665 0.8087962962962963 0.3065104166666667 0.8111111111111111 0.3033854166666667 0.8180555555555555 0.30130208333333336 0.837037037037037 0.30026041666666664 0.8416666666666667 0.296875 0.8407407407407408 0.28984375 0.8384259259259259 0.28802083333333334 0.8203703703703704 0.2875 0.8157407407407408 0.2864583333333333 0.812037037037037 0.24609375 0.8171296296296297 0.24296875 0.8351851851851851 0.24114583333333334 0.8453703703703703 0.23802083333333332 0.8472222222222222 0.22942708333333334 0.8439814814814814 0.22005208333333334 0.8379629629629629 0.21614583333333334 0.8148148148148148 0.21822916666666667 0.8106481481481481 0.21953125 0.8023148148148148 0.2171875 0.7981481481481482 0.20234375 0.7893518518518519 0.18203125 0.7796296296296297 0.1640625 0.762962962962963 0.14348958333333334 0.7453703703703703 0.12838541666666667 0.7129629629629629 0.11119791666666666 0.7037037037037037 0.10807291666666667 0.7 0.10833333333333334 0.6949074074074074 0.10338541666666666 0.6921296296296297 0.09192708333333334 0.6833333333333333 0.08854166666666667 0.6773148148148148 0.08203125 0.6791666666666667 0.07786458333333333 0.6717592592592593 0.06432291666666666 0.6662037037037037 0.05572916666666667 0.6578703703703703 0.0484375 0.6467592592592593 0.045572916666666664 0.6365740740740741 0.045572916666666664 0.6263888888888889 0.04895833333333333 0.6157407407407407 0.05 0.6111111111111112 0.04895833333333333 0.5925925925925926 0.049479166666666664 0.5851851851851851 0.05182291666666667 0.5777777777777777 0.05703125
0 0.43194444444444446 0.5466145833333333 0.43194444444444446 0.5731770833333333 0.4412037037037037 0.5989583333333334 0.4532407407407407 0.6161458333333333 0.4777777777777778 0.6369791666666667 0.49444444444444446 0.6450520833333333 0.5291666666666667 0.65390625 0.5962962962962963 0.6591145833333333 0.6074074074074074 0.6588541666666666 0.6296296296296297 0.6611979166666667 0.637962962962963 0.6614583333333334 0.6421296296296296 0.6604166666666667 0.649074074074074 0.6635416666666667 0.6666666666666666 0.6755208333333333 0.674537037037037 0.67890625 0.687962962962963 0.6822916666666666 0.7064814814814815 0.68359375 0.7421296296296296 0.68359375 0.7546296296296297 0.68125 0.7694444444444445 0.675 0.7851851851851852 0.6622395833333333 0.7925925925925926 0.6580729166666667 0.8055555555555556 0.6442708333333333 0.8180555555555555 0.6221354166666667 0.8208333333333333 0.6122395833333333 0.8421296296296297 0.5953125 0.8328703703703704 0.5934895833333333 0.8291666666666667 0.5890625 0.8273148148148148 0.58359375 0.8287037037037037 0.57109375 0.8310185185185185 0.5690104166666666 0.8555555555555555 0.5677083333333334 0.8611111111111112 0.5661458333333333 0.8625 0.5671875 0.8662037037037037 0.5609375 0.8652777777777778 0.5502604166666667 0.861574074074074 0.5466145833333333 0.8555555555555555 0.5453125 0.8523148148148149 0.5466145833333333 0.8388888888888889 0.54296875 0.8268518518518518 0.5419270833333333 0.825 0.5169270833333334 0.8148148148148148 0.48828125 0.8060185185185185 0.4734375 0.7842592592592592 0.45208333333333334 0.7708333333333334 0.44166666666666665 0.7509259259259259 0.43255208333333334 0.7407407407407407 0.43072916666666666 0.7236111111111111 0.43046875 0.7101851851851851 0.4322916666666667 0.7060185185185185 0.43072916666666666 0.6939814814814815 0.41848958333333336 0.6861111111111111 0.4078125 0.6782407407407407 0.40390625 0.6620370370370371 0.40130208333333334 0.6509259259259259 0.4036458333333333 0.6481481481481481 0.40598958333333335 0.6398148148148148 0.4044270833333333 0.6370370370370371 0.40260416666666665 0.6263888888888889 0.4010416666666667 0.612037037037037 0.40130208333333334 0.6023148148148149 0.40338541666666666 0.5796296296296296 0.42161458333333335 0.5592592592592592 0.4505208333333333 0.5449074074074074 0.465625 0.5372685185185185 0.46770833333333334 0.5018518518518519 0.46875 0.4791666666666667 0.47604166666666664 0.4736111111111111 0.47890625 0.4587962962962963 0.4908854166666667 0.44027777777777777 0.5153645833333333 0.43472222222222223 0.5291666666666667
0 0.7689814814814815 0.43333333333333335 0.7680555555555556 0.4390625 0.7981481481481482 0.46171875 0.8162037037037037 0.4869791666666667 0.8384259259259259 0.5697916666666667 0.8347222222222223 0.5713541666666667 0.8342592592592593 0.5815104166666667 0.8458333333333333 0.5889062500000001 0.8486111111111111 0.5958333333333333 0.8597222222222223 0.59765625 0.861574074074074 0.6020833333333333 0.8606481481481482 0.60859375 0.8486111111111111 0.6106770833333334 0.8444444444444444 0.6125 0.8472222222222222 0.61875 0.8550925925925926 0.6239583333333333 0.8902777777777777 0.6234375 0.9004629629629629 0.6203125 0.9064814814814814 0.6169270833333333 0.9236111111111112 0.6041666666666666 0.9310185185185185 0.59375 0.9351851851851852 0.5840278645833333 0.9459921296296296 0.5384484374999999 0.9777777777777777 0.53515625 0.9828703703703704 0.5328125 0.9842592592592593 0.53046875 0.9828703703703704 0.5190104166666667 0.9805555555555555 0.5171875 0.9699074074074074 0.515625 0.9546296296296296 0.5161458333333333 0.9430555555555555 0.5145833333333333 0.9402777777777778 0.5109375 0.9375 0.4908854166666667 0.9333333333333333 0.47630208333333335 0.9222222222222223 0.4544270833333333 0.9138888888888889 0.44635416666666666 0.8583333333333333 0.41041666666666665 0.8532407407407407 0.40911458333333334 0.8421296296296297 0.4088541666666667 0.8319444444444445 0.41380208333333335 0.8273148148148148 0.41380208333333335 0.825 0.4109375 0.8212962962962963 0.409375 0.8018518518518518 0.409375 0.7930555555555555 0.4125 0.775 0.4239583333333333
0 0.6560185185185186 0.7580729166666667 0.6560185185185186 0.78671875 0.6611111111111111 0.8028645833333333 0.6694444444444444 0.8153645833333333 0.6814814814814815 0.8278645833333333 0.6893518518518519 0.8328125 0.7101851851851851 0.8395833333333333 0.7310185185185185 0.8432291666666667 0.7759259259259259 0.84921875 0.7870370370370371 0.8489583333333334 0.7958333333333333 0.85 0.8175925925925925 0.8546875 0.825462962962963 0.8572916666666667 0.8398148148148148 0.8697916666666666 0.8550925925925926 0.8731770833333333 0.8833333333333333 0.8744791666666667 0.8972222222222223 0.8731770833333333 0.9166666666666666 0.8604166666666667 0.9310185185185185 0.8458333333333333 0.9361111111111111 0.8354166666666667 0.937962962962963 0.8244791666666667 0.9467592592592593 0.8036458333333333 0.9416666666666667 0.7981770833333334 0.9638888888888889 0.7833333333333333 0.9666666666666667 0.76875 0.962037037037037 0.765625 0.9564814814814815 0.7643229166666666 0.9513888888888888 0.765625 0.9453703703703704 0.7583658854166667 0.9449074074074074 0.7393229166666667 0.9356481481481481 0.6994791666666667 0.9310185185185185 0.6927083333333334 0.9217592592592593 0.6872395833333333 0.9157407407407407 0.68125 0.9074074074074074 0.67734375 0.899537037037037 0.6752604166666667 0.8689814814814815 0.6723958333333333 0.862037037037037 0.6729166666666667 0.8569444444444444 0.6752604166666667 0.8537037037037037 0.6802083333333333 0.7773148148148148 0.68828125 0.7754629629629629 0.6864583333333333 0.7657407407407407 0.6859375 0.7620370370370371 0.684375 0.7101851851851851 0.6880208333333333 0.7074074074074074 0.6911458333333333 0.6949074074074074 0.6958333333333333 0.6787037037037037 0.7098958333333333 0.6680555555555555 0.72421875 0.6615740740740741 0.7369791666666666
0 0.7981481481481482 0.8765625 0.7986111111111112 0.9098958333333333 0.8050925925925926 0.9231770833333334 0.8194444444444444 0.940625 0.8236111111111111 0.9432291666666667 0.8402777777777778 0.9497395833333333 0.8523148148148149 0.95234375 0.9393518518518519 0.9661458333333334 0.9430555555555555 0.96796875 0.950925925925926 0.97734375 0.9601851851851851 0.98125 0.9884259259259259 0.9833333333333333 0.999537037037037 0.9807291666666667 0.999537037037037 0.81484375 0.9935185185185185 0.8143229166666667 0.9847222222222223 0.8161458333333333 0.9736111111111111 0.81640625 0.9712962962962963 0.8263020833333333 0.9578703703703704 0.8328125 0.9546296296296296 0.8403645833333333 0.950925925925926 0.8442708333333333 0.9319444444444445 0.8489583333333334 0.924074074074074 0.8580729166666666 0.9148148148148149 0.8627604166666667 0.899537037037037 0.8755208333333333 0.8828703703703704 0.8763020833333334 0.850925925925926 0.8739583333333333 0.8416666666666667 0.8713541666666667 0.8208333333333333 0.85859375 0.8157407407407408 0.8580729166666666 0.8041666666666667 0.8625
0 0.8439814814814814 0.6450520833333333 0.8379629629629629 0.66953125 0.8328703703703704 0.6786458333333333 0.8347222222222223 0.68203125 0.8453703703703703 0.68046875 0.8541666666666666 0.6744791666666666 0.862037037037037 0.6721354166666667 0.8814814814814815 0.6713541666666667 0.8902777777777777 0.6731770833333334 0.9041666666666667 0.67421875 0.9120370370370371 0.6768229166666667 0.9231481481481482 0.6856770833333333 0.9314814814814815 0.6903645833333333 0.9351851851851852 0.6953125 0.9421296296296297 0.6986979166666667 0.9407407407407408 0.7033854166666667 0.9435185185185185 0.71328125 0.9467592592592593 0.7481770833333333 0.9490740740740741 0.7505208333333333 0.9537037037037037 0.7520833333333333 0.9578703703703704 0.7565104166666666 0.9592592592592593 0.7625 0.975925925925926 0.76640625 0.9907407407407407 0.7661458333333333 0.9944444444444445 0.76796875 0.999537037037037 0.7674479166666667 0.999537037037037 0.6348958333333333 0.9879629629629629 0.63125 0.9393518518518519 0.6302083333333334 0.9319444444444445 0.6278645833333333 0.9166666666666666 0.62734375 0.9115740740740741 0.6278645833333333 0.8981481481481481 0.6325520833333333 0.8930555555555556 0.6395833333333333 0.8777777777777778 0.640625 0.8583333333333333 0.6393229166666666 0.8462962962962963 0.6416666666666667