1 0.1528864583333333 0.5643666666666667 0.15827265625 0.5650087962962963 0.16087213541666667 0.561099074074074 0.16327161458333334 0.5561231481481482 0.16327161458333334 0.5507916666666667 0.15867265625 0.5422611111111112 0.15567343749999998 0.5351527777777778 0.15407369791666667 0.5315986111111111 0.15227421875 0.5323092592592593 0.14967473958333333 0.5323092592592593 0.14547578125 0.5355083333333334 0.14307630208333333 0.5387069444444444 0.14547578125 0.5490143518518519 0.14707526041666666 0.5532796296296296 0.14667552083333335 0.5586111111111111 0.14807499999999998 0.5618097222222223
1 0.27739453124999996 0.4564300925925926 0.28233671875 0.45558564814814817 0.2845361979166666 0.4509652777777778 0.2851359375 0.44705555555555554 0.28193671875 0.43959120370370375 0.28013723958333336 0.430350462962963 0.2783375 0.4275069444444444 0.27593802083333335 0.4275069444444444 0.2721390625 0.4299949074074074 0.26993958333333334 0.43354907407407406 0.2721390625 0.44350092592592594 0.2715390625 0.44989861111111107 0.27353854166666663 0.45594120370370367
1 0.33414895833333336 0.5659305555555556 0.3387236979166667 0.5661236111111111 0.34272265625000004 0.560436574074074 0.34332265624999997 0.5554606481481482 0.3405231770833333 0.547286111111111 0.3387236979166667 0.5369787037037037 0.3377239583333333 0.5341351851851852 0.3349244791666666 0.533424074074074 0.3311252604166667 0.5341351851851852 0.3283260416666666 0.538400462962963 0.32912578125 0.5508402777777778 0.32792604166666667 0.5583041666666666 0.33032552083333333 0.5650574074074074
1 0.4381088541666667 0.4580810185185185 0.4415614583333333 0.4576282407407407 0.4444059895833333 0.45369537037037033 0.44472213541666666 0.44948194444444445 0.44282578125 0.4418976851851852 0.4423515625 0.43206620370370374 0.44061328125 0.4292574074074074 0.4380848958333334 0.4289763888888889 0.4346083333333333 0.43038101851851857 0.4331861979166666 0.43318981481481483 0.43334401041666665 0.4421787037037037 0.43192187499999996 0.4486393518518519 0.43223802083333335 0.45257175925925924 0.4344502604166667 0.4565046296296296
1 0.5232966145833333 0.5260763888888889 0.52613359375 0.5280453703703704 0.52850390625 0.5316972222222222 0.5280299479166667 0.5437759259259259 0.5299263020833334 0.5493939814814814 0.52961015625 0.5536074074074073 0.5275557291666667 0.5575398148148148 0.5232890625000001 0.5589444444444445 0.5198125 0.5586634259259259 0.5163359375 0.5552930555555555 0.5153877604166667 0.5507986111111111 0.5174421875 0.5429333333333334 0.5179161458333333 0.5311356481481481 0.5198125 0.5277648148148149
1 0.5952716145833333 0.45375370370370366 0.5981848958333333 0.4540615740740741 0.6008713541666667 0.4515337962962963 0.60229375 0.44844351851851855 0.6011875 0.43973564814814814 0.6019776041666667 0.43158981481481484 0.6015036458333333 0.427937962962963 0.5986591145833333 0.42512916666666667 0.5954984375 0.42484814814814814 0.593128125 0.4265333333333333 0.592021875 0.4358032407407408 0.5894934895833334 0.4442300925925926 0.5894934895833334 0.448162962962963 0.59249609375 0.4526574074074074
1 0.7084494791666667 0.5260763888888889 0.7113622395833333 0.5270597222222223 0.7137325520833334 0.5295875000000001 0.7157869791666667 0.5349250000000001 0.7146807291666666 0.5419472222222222 0.71452265625 0.5537449074074073 0.7124684895833333 0.5576777777777778 0.7088338541666667 0.5607675925925926 0.70519921875 0.5610486111111112 0.70172265625 0.5588013888888889 0.7001424479166667 0.5551495370370371 0.6987200520833333 0.5498125 0.7010903645833333 0.5419472222222222 0.7037768229166667 0.5304305555555555 0.7058312499999999 0.5267787037037037
1 0.755215625 0.450662962962963 0.7524585937499999 0.449425 0.7500882812499999 0.44745833333333335 0.7483500000000001 0.4452111111111111 0.7483500000000001 0.44184074074074076 0.7502463541666666 0.43566064814814814 0.75135234375 0.43369444444444444 0.7523005208333333 0.42695277777777774 0.7537229166666666 0.4224583333333333 0.7565671875 0.42161574074074076 0.7602018229166667 0.4230203703703704 0.76288828125 0.4263912037037037 0.7625723958333332 0.43172824074074073 0.7616242187500001 0.4362226851851852 0.7620981770833333 0.44493055555555555 0.7614661458333334 0.4483013888888889 0.7590958333333333 0.4502675925925926
1 0.8866481770833333 0.5526564814814815 0.88997265625 0.5543212962962963 0.8943973958333333 0.5543212962962963 0.8978739583333333 0.5506694444444444 0.8989802083333333 0.5425236111111111 0.90277265625 0.5321300925925926 0.9029307291666666 0.5279166666666667 0.9013505208333333 0.5239842592592593 0.8980320312500001 0.521175 0.89471328125 0.5197703703703703 0.8913947916666667 0.5203324074074074 0.88997265625 0.5231412037037036 0.8869700520833333 0.5318490740740741 0.8828614583333334 0.5397143518518518 0.88128125 0.5442087962962963 0.88301953125 0.5472986111111111
1 0.9089010416666666 0.4441726851851852 0.9132026041666667 0.44589398148148146 0.91762734375 0.4442083333333333 0.9196815104166667 0.44083796296296296 0.9204716145833333 0.43297268518518517 0.9233161458333333 0.4239837962962963 0.9228421875 0.42033194444444444 0.91889140625 0.41668055555555555 0.9157309895833333 0.41583749999999997 0.9127283854166667 0.4169611111111111 0.9100419270833334 0.4242648148148148 0.9089356770833333 0.4279162037037037 0.9064072916666667 0.43156805555555555 0.9059333333333334 0.43606249999999996 0.9071973958333334 0.44083796296296296
2 0.18304739583333335 0.5673597222222223 0.18833177083333333 0.5692296296296296 0.19273828125 0.5643680555555556 0.19152265625 0.5592361111111112 0.1887875 0.5462717592592592 0.18681223958333334 0.5446509259259259 0.18483697916666667 0.5443810185185185 0.18210182291666666 0.5478921296296296 0.183165625 0.5581555555555555
2 0.30223671874999997 0.4597791666666667 0.30183723958333336 0.4430949074074074 0.3030528645833333 0.44066388888888885 0.30654765625 0.44039398148148146 0.30791536458333335 0.4447152777777778 0.30897890625 0.46065138888888885 0.30624375000000004 0.4633523148148148
2 0.36358645833333336 0.5685486111111111 0.3665674479166666 0.5705800925925926 0.37082187499999997 0.5681490740740741 0.3714296875 0.564637962962963 0.36975833333333336 0.5473518518518519 0.3677830729166667 0.5457314814814814 0.3645919270833333 0.5476222222222222 0.36307265625 0.5597763888888889
2 0.4613744791666667 0.45951574074074075 0.46350182291666664 0.4632972222222222 0.46730052083333334 0.4635671296296296 0.4676044270833334 0.4543837962962963 0.46806015625 0.44466064814814815 0.46730052083333334 0.4425 0.46517317708333333 0.4416893518518518 0.4630458333333333 0.4427699074074074
2 0.5486388020833334 0.5545805555555555 0.5501124999999999 0.5494578703703703 0.5520877604166666 0.540274537037037 0.5537591145833333 0.5386537037037037 0.5558864583333333 0.5405444444444445 0.55725390625 0.5437856481481481 0.5563424479166666 0.5535092592592592 0.5560385416666667 0.5594513888888889 0.5548229166666666 0.5626925925925925 0.5516320312499999 0.5610717592592592
2 0.6171768229166666 0.45383564814814814 0.6189450520833333 0.4465513888888889 0.62122421875 0.43655787037037036 0.6235036458333333 0.4354773148148148 0.6256307291666666 0.437637962962963 0.6265424479166666 0.4425 0.62365546875 0.45816527777777777 0.6206166666666667 0.45870555555555553 0.6177294270833333 0.45681481481481484 0.6172736979166668 0.4543837962962963
2 0.7382049479166667 0.5584439814814814 0.7404513020833333 0.5534064814814814 0.74273046875 0.5453032407407408 0.7419708333333334 0.5423324074074074 0.7409072916666666 0.5404416666666667 0.7374122395833334 0.5396314814814815 0.73498125 0.5439527777777778 0.7327018229166666 0.5490847222222222 0.7305747395833334 0.5536763888888889 0.731334375 0.5590782407407408 0.73498125 0.5604287037037038
2 0.7769872395833333 0.45383564814814814 0.7813255208333333 0.4548212962962963 0.78633984375 0.4413166666666667 0.7858838541666666 0.43672500000000003 0.7836046875 0.4342939814814815 0.78147734375 0.4351041666666667 0.7788942708333334 0.4394259259259259 0.7755513020833333 0.4491490740740741
2 0.9190781250000001 0.556661111111111 0.9252208333333333 0.5450333333333333 0.92719609375 0.5393611111111111 0.9275 0.5353097222222222 0.9246130208333334 0.5320685185185186 0.9208143229166666 0.5315287037037038 0.91488828125 0.5434125 0.9138244791666666 0.5466537037037037 0.9135205729166667 0.5498949074074073 0.9159518229166667 0.5544865740740741 0.9191427083333333 0.5563773148148149
2 0.93795390625 0.4526671296296296 0.9440317708333333 0.4399726851851852 0.9461591145833333 0.43484120370370366 0.9449434895833334 0.4316 0.9429682291666667 0.42943888888888887 0.9399291666666667 0.4299791666666667 0.9332434895833334 0.4429439814814815 0.9327877604166667 0.44726527777777775 0.9346111979166667 0.4502365740740741
0 0.07786458333333333 0.5796296296296296 0.07786458333333333 0.5888888888888889 0.08373046875 0.6121324074074074 0.09963697916666667 0.6246064814814816 0.11273619791666666 0.6520490740740741 0.12583567708333335 0.6628597222222222 0.13984375 0.6888888888888889 0.14479166666666668 0.6953703703703704 0.15078125 0.7 0.16666666666666666 0.7027777777777777 0.18229166666666666 0.6995370370370371 0.19583333333333333 0.6925925925925925 0.20442708333333334 0.6837962962962963 0.21927083333333333 0.6611111111111111 0.22135416666666666 0.6569444444444444 0.22630208333333332 0.6333333333333333 0.225 0.6310185185185185 0.22447916666666667 0.6240740740740741 0.2265625 0.6222222222222222 0.22708333333333333 0.6189814814814815 0.23125 0.6157407407407407 0.23776041666666667 0.6023148148148149 0.23984375 0.5930555555555556 0.24427083333333333 0.5879629629629629 0.24609375 0.5740740740740741 0.24427083333333333 0.5601851851851852 0.24192708333333332 0.5569444444444445 0.23255208333333333 0.5541666666666667 0.22291666666666668 0.5541666666666667 0.21640625 0.5324074074074074 0.20885416666666667 0.5212962962962963 0.20364583333333333 0.5171296296296296 0.19348958333333333 0.5143518518518518 0.17994791666666668 0.513425925925926 0.16848958333333333 0.5152777777777777 0.15416666666666667 0.5212962962962963 0.14583333333333334 0.5296296296296297 0.13645833333333332 0.5351851851851852 0.128125 0.5458333333333333 0.11979166666666667 0.5532407407407407 0.09635416666666667 0.5606481481481481 0.090625 0.5601851851851852 0.08333333333333333 0.5675925925925925
0 0.21171875 0.46620370370370373 0.21119791666666668 0.47453703703703703 0.21328125 0.4875 0.21614583333333334 0.49444444444444446 0.2203125 0.500462962962963 0.22665416666666666 0.5077666666666667 0.23413958333333335 0.5090138888888889 0.2520833333333333 0.5402777777777777 0.25859375 0.5611111111111111 0.26197916666666665 0.5652777777777778 0.2630208333333333 0.5634259259259259 0.28098958333333335 0.5564814814814815 0.29322916666666665 0.5560185185185185 0.2986979166666667 0.5453703703703704 0.3098958333333333 0.5314814814814814 0.3203125 0.5226851851851851 0.3340223958333333 0.5169143518518519 0.34571822916666667 0.5006976851851852 0.35234375 0.48148148148148145 0.3528645833333333 0.475462962962963 0.35052083333333334 0.4597222222222222 0.3489583333333333 0.45601851851851855 0.3305138020833333 0.4545439814814815 0.3260416666666667 0.43842592592592594 0.31979166666666664 0.42962962962962964 0.3111979166666667 0.4236111111111111 0.29739583333333336 0.4199074074074074 0.2794270833333333 0.4212962962962963 0.265625 0.42824074074074076 0.2552083333333333 0.43657407407407406 0.24326223958333332 0.4512175925925926 0.23463541666666668 0.45185185185185184 0.2264203125 0.45080185185185184 0.22005208333333334 0.45231481481481484 0.21328125 0.4597222222222222
0 0.25703125 0.5842592592592593 0.25729166666666664 0.5949074074074074 0.26119791666666664 0.6027777777777777 0.2721354166666667 0.6189814814814815 0.28515625 0.6291666666666667 0.29296875 0.6458333333333334 0.3028645833333333 0.6574074074074074 0.30546875 0.6625 0.31015625 0.6842592592592592 0.31197916666666664 0.6884259259259259 0.32760416666666664 0.7060185185185185 0.3346354166666667 0.7074074074074074 0.3494791666666667 0.7064814814814815 0.35546875 0.7032407407407407 0.3653645833333333 0.6986111111111111 0.36875 0.6944444444444444 0.38703463541666666 0.6677722222222222 0.39218072916666663 0.6245291666666667 0.4044270833333333 0.6236111111111111 0.4158854166666667 0.6092592592592593 0.42135416666666664 0.5916666666666667 0.42161458333333335 0.5856481481481481 0.4171875 0.5601851851851852 0.4158854166666667 0.5578703703703703 0.4088541666666667 0.5555555555555556 0.3951822916666667 0.5560185185185185 0.3919270833333333 0.5537037037037037 0.39114583333333336 0.5476851851851852 0.3875 0.5365740740740741 0.3776041666666667 0.524074074074074 0.3690104166666667 0.5180555555555556 0.35494791666666664 0.5138888888888888 0.34401041666666665 0.5138888888888888 0.32786458333333335 0.5189814814814815 0.31197916666666664 0.5305555555555556 0.289453125 0.5569444444444445 0.27578125 0.5574074074074075 0.2713541666666667 0.5601851851851852 0.265625 0.5606481481481481 0.2643229166666667 0.5648148148148148 0.26015625 0.5689814814814815
0 0.3697916666666667 0.46944444444444444 0.36953125 0.4847222222222222 0.3734375 0.49722222222222223 0.38204999999999995 0.5098800925925926 0.3914067708333333 0.5094643518518518 0.3971354166666667 0.5106481481481482 0.40286458333333336 0.5222222222222223 0.40625 0.5333333333333333 0.40637734375 0.543975462962963 0.4066114583333333 0.5547865740740741 0.41067708333333336 0.5541666666666667 0.41692708333333334 0.5574074074074075 0.41875 0.562962962962963 0.41875 0.5671296296296297 0.42134817708333333 0.581813425925926 0.44099739583333336 0.5830606481481482 0.44193307291666667 0.566012962962963 0.44403828125 0.5568652777777777 0.44895052083333337 0.5535388888888889 0.45830729166666667 0.5531231481481482 0.47140651041666665 0.5514601851851851 0.47444739583333334 0.5410648148148148 0.4816989583333333 0.5294226851851852 0.4821666666666667 0.5215222222222222 0.48240078125 0.5165328703703703 0.48333645833333333 0.5111273148148149 0.48871640625 0.512375 0.49596796875 0.5144537037037037 0.5052083333333334 0.4986111111111111 0.50859375 0.48842592592592593 0.5091145833333334 0.4791666666666667 0.5075520833333333 0.4634259259259259 0.5049479166666667 0.45740740740740743 0.48776041666666664 0.4546296296296296 0.48403828125000004 0.45333101851851854 0.48072916666666665 0.44722222222222224 0.47369791666666666 0.4351851851851852 0.4630208333333333 0.42685185185185187 0.44635416666666666 0.42083333333333334 0.4315104166666667 0.4217592592592593 0.42135416666666664 0.42592592592592593 0.4041666666666667 0.44074074074074077 0.3979565104166667 0.45249953703703705 0.39010416666666664 0.45185185185185184 0.38671875 0.45185185185185184 0.37737161458333335 0.45249953703703705 0.3731770833333333 0.45601851851851855
0 0.44192708333333336 0.5708333333333333 0.44114583333333335 0.5847222222222223 0.44076328124999997 0.5984453703703704 0.4482486979166667 0.6154930555555556 0.4555002604166667 0.6204828703703703 0.46321953125 0.622562037037037 0.47281015624999995 0.6221458333333334 0.47604166666666664 0.6236111111111111 0.4786458333333333 0.6333333333333333 0.48020833333333335 0.6578703703703703 0.4817708333333333 0.6648148148148149 0.4869791666666667 0.6773148148148148 0.4986979166666667 0.6944444444444444 0.5080729166666667 0.6986111111111111 0.52109375 0.700462962962963 0.53046875 0.700462962962963 0.5403645833333334 0.6976851851851852 0.5533854166666666 0.6814814814814815 0.5596354166666667 0.6685185185185185 0.5609375 0.6611111111111111 0.5635703125 0.6350356481481481 0.57109375 0.6166666666666667 0.5776041666666667 0.612037037037037 0.5794270833333334 0.6134259259259259 0.5859375 0.6125 0.5981770833333333 0.6013888888888889 0.6018229166666667 0.5916666666666667 0.6028645833333334 0.5787037037037037 0.6026041666666667 0.5708333333333333 0.5981770833333333 0.5537037037037037 0.5885416666666666 0.549537037037037 0.5731770833333333 0.549074074074074 0.5677083333333334 0.5435185185185185 0.56171875 0.5328703703703703 0.5533854166666666 0.5222222222222223 0.5330729166666667 0.5078703703703704 0.509375 0.5097222222222222 0.49609375 0.5148148148148148 0.48489583333333336 0.524074074074074 0.47552083333333334 0.5393518518518519 0.47161458333333334 0.549074074074074 0.459375 0.5537037037037037 0.45234375 0.5532407407407407 0.44609375 0.5560185185185185 0.44375 0.5606481481481481
0 0.52421875 0.4740740740740741 0.5255208333333333 0.487962962962963 0.5322916666666667 0.5023148148148148 0.53828125 0.5087962962962963 0.5473820312500001 0.5114560185185185 0.5483177083333334 0.5181087962962962 0.5682291666666667 0.5421296296296296 0.5703125 0.5472222222222223 0.5919270833333333 0.549074074074074 0.5984375 0.5537037037037037 0.6010416666666667 0.5601851851851852 0.603125 0.5712962962962963 0.60625 0.575925925925926 0.6161458333333333 0.5722222222222222 0.6177083333333333 0.5699074074074074 0.6268229166666667 0.5462962962962963 0.6302083333333334 0.5277777777777778 0.6348958333333333 0.5194444444444445 0.63828125 0.5083333333333333 0.6416666666666667 0.5032407407407408 0.65390625 0.5018518518518519 0.6588541666666666 0.49444444444444446 0.6622395833333333 0.4842592592592593 0.6627604166666666 0.46296296296296297 0.6622395833333333 0.4550925925925926 0.6580729166666667 0.449537037037037 0.6544270833333333 0.4476851851851852 0.63828125 0.449537037037037 0.6231770833333333 0.43194444444444446 0.6125 0.4236111111111111 0.5958333333333333 0.41759259259259257 0.5802083333333333 0.41805555555555557 0.5713541666666667 0.4212962962962963 0.5606770833333333 0.42824074074074076 0.55390625 0.4356481481481482 0.5502604166666667 0.44583333333333336 0.5450520833333333 0.45046296296296295 0.5356770833333333 0.44907407407407407 0.5294270833333333 0.4527777777777778 0.52578125 0.46064814814814814
0 0.6197916666666666 0.5712962962962963 0.6197916666666666 0.5800925925925926 0.6211658854166667 0.5921226851851852 0.6265460937499999 0.606675462962963 0.6369791666666667 0.6199074074074075 0.64572734375 0.6233074074074074 0.6471354166666666 0.6398148148148148 0.6497395833333334 0.6546296296296297 0.6533854166666667 0.6671296296296296 0.6700520833333333 0.687962962962963 0.68828125 0.7 0.6994791666666667 0.7018518518518518 0.7067708333333333 0.7013888888888888 0.715625 0.6976851851851852 0.728125 0.6847222222222222 0.734375 0.6689814814814815 0.73929453125 0.653661111111111 0.7533294270833333 0.6382763888888888 0.7594114583333333 0.6203972222222223 0.771575 0.6062597222222222 0.7774229166666667 0.6021018518518518 0.7818674479166667 0.592538425925926 0.7817708333333333 0.5824074074074074 0.7809895833333333 0.5643518518518519 0.7783854166666667 0.5546296296296296 0.7760416666666666 0.5513888888888889 0.76640625 0.549074074074074 0.7546875 0.55 0.7463541666666667 0.5481481481481482 0.74375 0.5462962962962963 0.7427083333333333 0.5425925925925926 0.7325520833333333 0.5296296296296297 0.7213541666666666 0.5199074074074074 0.7 0.5092592592592593 0.69453125 0.5087962962962963 0.67890625 0.5097222222222222 0.6669270833333333 0.5138888888888888 0.6606770833333333 0.5180555555555556 0.6541666666666667 0.5254629629629629 0.6502604166666667 0.5333333333333333 0.646875 0.5481481481481482 0.6403645833333333 0.5523148148148148 0.6268229166666667 0.5532407407407407 0.6236979166666666 0.5578703703703703
0 0.67734375 0.4638888888888889 0.6770833333333334 0.4703703703703704 0.6794270833333333 0.48055555555555557 0.68828125 0.49907407407407406 0.7028645833333333 0.5083333333333333 0.7114583333333333 0.5101851851851852 0.7158854166666667 0.5148148148148148 0.7223958333333333 0.5180555555555556 0.7419270833333333 0.5393518518518519 0.7447916666666666 0.5472222222222223 0.75859375 0.5481481481481482 0.7739518229166666 0.5505023148148148 0.7790979166666666 0.5297120370370371 0.7917296875000001 0.5205643518518519 0.7987471354166666 0.5068430555555555 0.8076359375000001 0.5051800925925927 0.8140625 0.49444444444444446 0.8177083333333334 0.487962962962963 0.8221354166666667 0.4703703703703704 0.82109375 0.4597222222222222 0.8177083333333334 0.45231481481481484 0.8143229166666667 0.449537037037037 0.8033854166666666 0.44675925925925924 0.7903260416666666 0.447799537037037 0.7830747395833334 0.4390675925925926 0.7778645833333333 0.43287037037037035 0.7690104166666667 0.425462962962963 0.7549479166666667 0.41805555555555557 0.7427083333333333 0.4152777777777778 0.7302083333333333 0.4152777777777778 0.71484375 0.4203703703703704 0.7057291666666666 0.42916666666666664 0.7 0.4412037037037037 0.69453125 0.4449074074074074 0.6890625 0.4444444444444444 0.6856770833333333 0.44675925925925924 0.68125 0.4527777777777778
0 0.80234375 0.5569444444444445 0.8015625 0.5675925925925925 0.8067708333333333 0.5958333333333333 0.8119791666666667 0.6148148148148148 0.815625 0.6365740740740741 0.8197916666666667 0.649074074074074 0.8348958333333333 0.6722222222222223 0.8497395833333333 0.6875 0.8765625 0.6972222222222222 0.8911458333333333 0.6944444444444444 0.90234375 0.6861111111111111 0.9190104166666667 0.6541666666666667 0.9369791666666667 0.6416666666666667 0.94375 0.6300925925925925 0.9494791666666667 0.6129629629629629 0.9510416666666667 0.6046296296296296 0.9606770833333333 0.5921296296296297 0.9651041666666667 0.5814814814814815 0.9684895833333333 0.5689814814814815 0.9674479166666666 0.5606481481481481 0.9546875 0.5435185185185185 0.9393229166666667 0.5407407407407407 0.9296875 0.5416666666666666 0.9231072916666666 0.5404824074074074 0.9149200520833334 0.5292560185185186 0.9026041666666667 0.5203703703703704 0.8880208333333334 0.5106481481481482 0.8768229166666667 0.5060185185185185 0.8580729166666666 0.5032407407407408 0.8447916666666667 0.5037037037037037 0.8328125 0.5106481481481482 0.8265625 0.5180555555555556 0.8234375 0.525 0.8184895833333333 0.5472222222222223 0.80703125 0.5481481481481482
0 0.8296875 0.45185185185185184 0.8286458333333333 0.46111111111111114 0.8302083333333333 0.4671296296296296 0.8419270833333333 0.4935185185185185 0.8453125 0.4981481481481482 0.84765625 0.49722222222222223 0.85859375 0.5013888888888889 0.87265625 0.5027777777777778 0.88046875 0.5055555555555555 0.903125 0.5203703703703704 0.91015625 0.5226851851851851 0.9171875 0.5282407407407408 0.9182291666666667 0.5310185185185186 0.920703125 0.5305555555555556 0.9268229166666667 0.5342592592592592 0.9283854166666666 0.538425925925926 0.9359375 0.5375 0.9401041666666666 0.5333333333333333 0.9736979166666667 0.4898148148148148 0.9828125 0.4666666666666667 0.98046875 0.4583333333333333 0.97421875 0.44907407407407407 0.9703125 0.44583333333333336 0.953125 0.44212962962962965 0.9489583333333333 0.44305555555555554 0.9432242187500001 0.4411060185185185 0.9338541666666667 0.4356481481481482 0.9249786458333333 0.4261375 0.9088541666666666 0.41574074074074074 0.8919270833333334 0.41064814814814815 0.8734375 0.4115740740740741 0.8588541666666667 0.41712962962962963 0.85390625 0.42314814814814816 0.8494791666666667 0.43425925925925923 0.8346354166666666 0.4388888888888889