1 0.11716145833333333 0.016420370370370373 0.11866744791666667 0.03069861111111111 0.11816536458333333 0.04176435185185185 0.12017317708333333 0.04658333333333334 0.12669895833333333 0.04622638888888889 0.13282317708333333 0.043727777777777775 0.13411458333333334 0.03981481481481482 0.13041354166666666 0.028021296296296298 0.12870703125 0.014456944444444444 0.12589583333333335 0.012672222222222222 0.12291666666666666 0.0125 0.11979166666666667 0.013425925925925926
1 0.06768359374999999 0.09242453703703704 0.06846848958333333 0.0994 0.06964557291666668 0.10777083333333333 0.06895885416666667 0.12032638888888887 0.0701359375 0.1267787037037037 0.07288255208333334 0.12799953703703704 0.08043567708333334 0.1286972222222222 0.08759635416666667 0.12416296296296296 0.08808697916666668 0.12050092592592591 0.08359375 0.10694444444444444 0.08151041666666667 0.0912037037037037 0.07838541666666667 0.08796296296296297 0.07447916666666667 0.08796296296296297 0.07109375 0.08888888888888889
1 0.23619791666666667 0.17222222222222222 0.236484375 0.1783587962962963 0.2375 0.18888888888888888 0.23671197916666667 0.19595185185185185 0.23591562500000002 0.20707407407407405 0.23776041666666667 0.20972222222222223 0.24046562500000002 0.21374722222222223 0.245584375 0.21556712962962962 0.2516130208333333 0.21374722222222223 0.2552083333333333 0.2101851851851852 0.25677083333333334 0.2064814814814815 0.25677083333333334 0.20277777777777778 0.25286458333333334 0.18564814814814815 0.2520833333333333 0.17407407407407408 0.25078125 0.16898148148148148 0.24869791666666666 0.16712962962962963 0.24036458333333333 0.16712962962962963 0.23776041666666667 0.1685185185185185
1 0.25833333333333336 0.07268518518518519 0.25877916666666667 0.08109027777777778 0.25946171875 0.0869550925925926 0.25885416666666666 0.10231481481481482 0.2609375 0.10555555555555556 0.26776536458333333 0.10657037037037037 0.2729979166666666 0.10454814814814815 0.27584166666666665 0.10111018518518518 0.27242916666666667 0.08493287037037038 0.2714052083333333 0.07178842592592592 0.26901041666666664 0.06805555555555555 0.2640625 0.06759259259259259 0.26015625 0.06944444444444445
1 0.4440104166666667 0.14305555555555555 0.44453125 0.16111111111111112 0.44362421875 0.17037962962962963 0.44283385416666665 0.17740555555555557 0.4448098958333333 0.18056759259259259 0.4481690104166667 0.18197268518518517 0.4564684895833333 0.1816212962962963 0.46130989583333337 0.17863518518518517 0.46298958333333334 0.17441990740740743 0.4591145833333333 0.15694444444444444 0.4591145833333333 0.15046296296296297 0.45834583333333334 0.1396412037037037 0.45598958333333334 0.13796296296296295 0.4522200520833334 0.13683055555555554 0.4488606770833333 0.13753333333333334 0.44609375 0.13842592592592592
1 0.4620015625 0.2950907407407407 0.4622395833333333 0.31157407407407406 0.45943255208333333 0.32916666666666666 0.46170494791666666 0.3344361111111111 0.46733671875000005 0.3391787037037037 0.47701953125 0.3377736111111111 0.48255234375 0.33408472222222224 0.4851213541666667 0.3289912037037037 0.48284895833333336 0.31423657407407407 0.48098958333333336 0.3074074074074074 0.48072916666666665 0.2898148148148148 0.4786458333333333 0.28379629629629627 0.47421875 0.2810185185185185 0.46640625 0.2814814814814815 0.4630208333333333 0.2851851851851852 0.4620015625 0.28718657407407405
1 0.7052083333333333 0.24768518518518517 0.7041666666666667 0.2652777777777778 0.6994791666666667 0.2824074074074074 0.6995643229166667 0.2886944444444445 0.7037440104166667 0.2941986111111111 0.7088541666666667 0.29814814814814816 0.7161458333333334 0.29768518518518516 0.7208333333333333 0.29398148148148145 0.7241783854166666 0.29089583333333335 0.7221658854166667 0.26860416666666664 0.7231770833333333 0.25601851851851853 0.72265625 0.24814814814814815 0.7203125 0.2439814814814815 0.7138020833333333 0.2412037037037037 0.70703125 0.24351851851851852
1 0.7986979166666667 0.49074074074074076 0.7981770833333334 0.49444444444444446 0.7997395833333333 0.5013888888888889 0.8060703124999999 0.510512962962963 0.8110239583333333 0.5146412037037037 0.81551328125 0.5154666666666666 0.81953125 0.5152777777777777 0.8244791666666667 0.513425925925926 0.828125 0.5101851851851852 0.8313033854166666 0.5055592592592593 0.8296875 0.4810185185185185 0.8325520833333333 0.4527777777777778 0.8283854166666667 0.44675925925925924 0.8216145833333334 0.4425925925925926 0.8140625 0.44166666666666665 0.8104166666666667 0.4444444444444444 0.8088541666666667 0.44814814814814813 0.8079278645833334 0.4521685185185185 0.8067708333333333 0.4597222222222222 0.8057291666666667 0.4703703703703704
2 0.034089322916666664 0 0.036330208333333336 0.016146296296296294 0.04173697916666667 0.017625000000000002 0.04610416666666666 0.013189351851851851 0.04173697916666667 0
2 0.14230104166666668 0.042755092592592595 0.14404947916666666 0.0667875 0.14779270833333333 0.06752685185185185 0.15257552083333334 0.06456990740740741 0.15070390625 0.04202175925925926 0.14820859375 0.038325 0.14404947916666666 0.038325
2 0.10180755208333332 0.11799722222222223 0.0980921875 0.12149537037037038 0.09996354166666667 0.15143657407407407 0.10349869791666667 0.15365416666666665 0.11119296875 0.14995787037037037 0.10786588541666667 0.12260416666666667 0.10620208333333332 0.11853796296296296
2 0.29054921875 0.1277587962962963 0.2939979166666667 0.1308837962962963 0.2985729166666667 0.13199259259259258 0.3010682291666667 0.12755694444444446 0.29982057291666664 0.1013125 0.29690911458333336 0.09724629629629629 0.29212630208333334 0.09724629629629629 0.28983880208333335 0.10426944444444444
2 0.27636484375 0.20462777777777777 0.27465833333333334 0.2114662037037037 0.27445026041666665 0.2402986111111111 0.2781934895833333 0.24510416666666665 0.285471875 0.2454736111111111 0.2879671875 0.2388199074074074 0.28505598958333334 0.2062912037037037 0.2811049479166667 0.2025949074074074
2 0.48638307291666666 0.17615787037037037 0.48281822916666667 0.20850925925925926 0.48614557291666666 0.2118361111111111 0.49196822916666666 0.21331481481481482 0.49425572916666666 0.20961805555555554 0.4959192708333333 0.17967685185185184 0.49383984375 0.17487175925925927 0.48968072916666666 0.17487175925925927
2 0.52870703125 0.3449449074074074 0.5292851562499999 0.33678148148148146 0.5267895833333334 0.33197638888888886 0.5220067708333334 0.3297583333333333 0.5168078125 0.3334550925925926 0.51306484375 0.3711587962962963 0.51556015625 0.3759638888888889 0.5220067708333334 0.3804 0.5274135416666667 0.3748550925925926
2 0.76219140625 0.29094583333333335 0.7549130208333333 0.3264314814814815 0.7574083333333334 0.3316064814814815 0.7634390625 0.3345638888888889 0.7680140625 0.3330851851851852 0.7742526041666667 0.29759953703703707 0.7725888020833334 0.29205462962962964 0.768221875 0.2887277777777778
2 0.8877666666666666 0.5119902777777777 0.87549765625 0.555238888888889 0.87799296875 0.5626319444444445 0.8867270833333334 0.5681763888888889 0.8935893229166666 0.5663282407407407 0.9027393229166666 0.5230796296296296 0.90128359375 0.5149476851851852 0.8958768229166666 0.5090333333333333
0 0.63046875 0.4949074074074074 0.62890625 0.5148148148148148 0.63046875 0.5361111111111111 0.6416666666666667 0.5657407407407408 0.653125 0.5824074074074074 0.6578125 0.5828703703703704 0.6611979166666667 0.5861111111111111 0.66484375 0.5856481481481481 0.6705729166666666 0.5921296296296297 0.6794270833333333 0.5962962962962963 0.6828125 0.6046296296296296 0.6848958333333334 0.6157407407407407 0.69140625 0.6296296296296297 0.6921875 0.6375 0.690625 0.649074074074074 0.68828125 0.7273148148148149 0.6911458333333333 0.75 0.6981770833333333 0.7731481481481481 0.70546875 0.7902777777777777 0.7192708333333333 0.8138888888888889 0.7341145833333333 0.8324074074074074 0.7565104166666666 0.8532407407407407 0.7721354166666666 0.862037037037037 0.7924479166666667 0.8671296296296296 0.8244791666666667 0.8680555555555556 0.8385416666666666 0.8629629629629629 0.8520833333333333 0.8550925925925926 0.8625 0.8453703703703703 0.8778645833333333 0.825 0.8893229166666666 0.7958333333333333 0.89140625 0.7796296296296297 0.8940104166666667 0.7722222222222223 0.8940104166666667 0.7625 0.896875 0.7444444444444445 0.9018229166666667 0.7324074074074074 0.9052083333333333 0.7314814814814815 0.9151041666666667 0.7356481481481482 0.9533854166666667 0.7606481481481482 0.978125 0.749537037037037 0.9997395833333333 0.7319444444444444 0.9997395833333333 0.6097222222222223 0.9765625 0.5953703703703703 0.9588541666666667 0.5879629629629629 0.9388020833333334 0.5763888888888888 0.9317708333333333 0.5625 0.9322916666666666 0.5537037037037037 0.9299479166666667 0.5462962962962963 0.9200520833333333 0.5273148148148148 0.9010416666666666 0.5009259259259259 0.8861979166666667 0.4861111111111111 0.8653645833333333 0.4699074074074074 0.825 0.4449074074074074 0.8192708333333333 0.44351851851851853 0.7807291666666667 0.44212962962962965 0.75859375 0.44351851851851853 0.7294270833333333 0.45416666666666666 0.7140625 0.46435185185185185 0.6736979166666667 0.4462962962962963 0.6684895833333333 0.44212962962962965 0.6575520833333334 0.44074074074074077 0.6471354166666666 0.4462962962962963 0.6401041666666667 0.45694444444444443 0.6354166666666666 0.4666666666666667 0.63359375 0.4837962962962963
0 0.57734375 0.28425925925925927 0.5755208333333334 0.3212962962962963 0.5815104166666667 0.34814814814814815 0.5908854166666667 0.36712962962962964 0.5955729166666667 0.3699074074074074 0.6046875 0.37083333333333335 0.6109375 0.37453703703703706 0.6184895833333334 0.387037037037037 0.6205729166666667 0.3939814814814815 0.6223958333333334 0.4527777777777778 0.6216145833333333 0.45925925925925926 0.6221354166666667 0.48935185185185187 0.6244791666666667 0.5013888888888889 0.6265625 0.5055555555555555 0.62890625 0.5013888888888889 0.6317708333333333 0.48842592592592593 0.6353294270833333 0.4653569444444445 0.6460851562500001 0.4455824074074074 0.65795390625 0.4389912037037037 0.6972684895833333 0.456787962962963 0.7135880208333333 0.4660162037037037 0.7328744791666666 0.4515148148148148 0.7569825520833333 0.4416277777777778 0.7851705729166666 0.4416277777777778 0.80148984375 0.4436050925925926 0.8107619791666667 0.4449236111111111 0.8244851562500001 0.44887824074074073 0.8354166666666667 0.449537037037037 0.8486979166666667 0.43148148148148147 0.85234375 0.4222222222222222 0.8541666666666666 0.4134259259259259 0.8541666666666666 0.3972222222222222 0.85703125 0.38333333333333336 0.8572916666666667 0.3768518518518518 0.8559895833333333 0.36944444444444446 0.8536458333333333 0.3662037037037037 0.84375 0.36157407407407405 0.8276041666666667 0.34953703703703703 0.8072916666666666 0.34444444444444444 0.8036458333333333 0.3333333333333333 0.7942708333333334 0.3138888888888889 0.7796875 0.2935185185185185 0.7737846354166666 0.2912037037037037 0.7630208333333334 0.2791666666666667 0.7549479166666667 0.2740740740740741 0.7307291666666667 0.26342592592592595 0.7124752604166668 0.25574861111111113 0.696875 0.25787037037037036 0.6765625 0.2587962962962963 0.6575520833333334 0.26342592592592595 0.6403645833333333 0.27361111111111114 0.6369791666666667 0.27361111111111114 0.6231770833333333 0.2671296296296296 0.6205729166666667 0.26851851851851855 0.6161458333333333 0.2611111111111111 0.6033854166666667 0.262037037037037 0.5997395833333333 0.2587962962962963 0.5953125 0.25833333333333336 0.58828125 0.26157407407407407 0.5856770833333333 0.26481481481481484 0.57890625 0.2763888888888889
0 0.34610286458333334 0.3340222222222223 0.34610286458333334 0.34654583333333333 0.34647395833333333 0.3564333333333333 0.3479575520833333 0.3768666666666667 0.3542625 0.3926861111111111 0.36130963541666666 0.4104833333333333 0.3694692708333333 0.41773379629629626 0.3709528645833334 0.4328939814814815 0.37688723958333337 0.45069120370370375 0.38727213541666666 0.46716944444444447 0.39166666666666666 0.5106481481481482 0.39479166666666665 0.55 0.4010416666666667 0.575 0.41041666666666665 0.5935185185185186 0.41953125 0.6064814814814815 0.43072916666666666 0.6166666666666667 0.44609375 0.624537037037037 0.459375 0.6291666666666667 0.49166666666666664 0.6268518518518519 0.5119791666666667 0.6180555555555556 0.5276041666666667 0.6055555555555555 0.5388020833333333 0.5884259259259259 0.5466145833333333 0.5712962962962963 0.5505208333333333 0.5555555555555556 0.55234375 0.5388888888888889 0.5596354166666667 0.5226851851851851 0.5703125 0.5222222222222223 0.5822916666666667 0.5097222222222222 0.6059895833333333 0.4787037037037037 0.6138020833333333 0.4634259259259259 0.61484375 0.4537037037037037 0.6127604166666667 0.43796296296296294 0.6138020833333333 0.425 0.61171875 0.41805555555555557 0.6091145833333333 0.41435185185185186 0.5903645833333333 0.3990740740740741 0.5875 0.39490740740740743 0.5752604166666667 0.38935185185185184 0.5703125 0.3597222222222222 0.5653645833333333 0.3476851851851852 0.55703125 0.3351851851851852 0.5385416666666667 0.31574074074074077 0.5208333333333334 0.30462962962962964 0.49166666666666664 0.2953703703703704 0.47146510416666665 0.2931550925925926 0.46067708333333335 0.29583333333333334 0.44557291666666665 0.29768518518518516 0.4136057291666667 0.31029305555555553 0.3761453125 0.2944736111111111 0.36613124999999996 0.2977689814814815 0.35572916666666665 0.3055555555555556 0.35234375 0.3106481481481482 0.34721562499999997 0.318862037037037
0 0.35703125 0.17777777777777778 0.35625 0.20972222222222223 0.35859375 0.225 0.38697916666666665 0.2898148148148148 0.3932291666666667 0.2967592592592593 0.39817708333333335 0.29814814814814816 0.40234375 0.3037037037037037 0.4078125 0.3074074074074074 0.41354166666666664 0.3087962962962963 0.4354166666666667 0.29907407407407405 0.4479166666666667 0.29583333333333334 0.4596354166666667 0.2953703703703704 0.46380208333333334 0.2828703703703704 0.46927083333333336 0.2800925925925926 0.4744791666666667 0.2800925925925926 0.4778645833333333 0.28194444444444444 0.48098958333333336 0.28935185185185186 0.48411458333333335 0.29212962962962963 0.5049479166666667 0.2962962962962963 0.5369791666666667 0.31157407407407406 0.5533854166666666 0.29398148148148145 0.5580729166666667 0.28703703703703703 0.5598958333333334 0.2814814814814815 0.56015625 0.2726851851851852 0.55859375 0.26064814814814813 0.5596354166666667 0.25416666666666665 0.5588541666666667 0.2439814814814815 0.55390625 0.23703703703703705 0.5328125 0.22546296296296298 0.5328125 0.21342592592592594 0.53125 0.20601851851851852 0.5205729166666667 0.1875 0.5125 0.17824074074074073 0.4984375 0.16805555555555557 0.4674479166666667 0.15925925925925927 0.4538645833333333 0.1593486111111111 0.44088541666666664 0.16157407407407406 0.40390625 0.1685185185185185 0.4010416666666667 0.1648148148148148 0.3953125 0.1638888888888889 0.39401041666666664 0.16203703703703703 0.3924479166666667 0.16296296296296298 0.3875 0.1587962962962963 0.3763020833333333 0.15925925925925927 0.3606770833333333 0.16805555555555557
0 0.16276041666666666 0.25601851851851853 0.16223958333333333 0.27361111111111114 0.16536458333333334 0.300462962962963 0.171875 0.31527777777777777 0.18098958333333334 0.325 0.18359375 0.33055555555555555 0.19713541666666667 0.41064814814814815 0.20182291666666666 0.425 0.21692708333333333 0.4449074074074074 0.24296875 0.4564814814814815 0.2669270833333333 0.4550925925925926 0.29010416666666666 0.44722222222222224 0.2984375 0.4425925925925926 0.31614583333333335 0.42407407407407405 0.32890625 0.4041666666666667 0.33255208333333336 0.3768518518518518 0.33125 0.35509259259259257 0.3338541666666667 0.34675925925925927 0.3390625 0.34305555555555556 0.3455729166666667 0.3347222222222222 0.346875 0.31712962962962965 0.35234375 0.30462962962962964 0.35234375 0.3 0.35052083333333334 0.2949074074074074 0.34921875 0.2763888888888889 0.33880208333333334 0.2638888888888889 0.33619791666666665 0.24675925925925926 0.33619791666666665 0.2337962962962963 0.3333333333333333 0.22268518518518518 0.33046875 0.21666666666666667 0.3151041666666667 0.2 0.296875 0.19027777777777777 0.2796875 0.1875 0.2546875 0.18981481481481483 0.23203125 0.19398148148148148 0.21484375 0.1986111111111111 0.1930765625 0.18406666666666666 0.17564453125 0.19131712962962963 0.16080885416666665 0.2018634259259259 0.16192161458333335 0.2236152777777778 0.16770833333333332 0.24166666666666667
0 0.19270833333333334 0.1111111111111111 0.19401041666666666 0.12453703703703704 0.19817708333333334 0.13703703703703704 0.196875 0.15138888888888888 0.19791666666666666 0.1685185185185185 0.20026041666666666 0.18009259259259258 0.203125 0.18472222222222223 0.21666666666666667 0.19398148148148148 0.22526041666666666 0.19398148148148148 0.23463541666666668 0.1912037037037037 0.2359375 0.18888888888888888 0.23541666666666666 0.17777777777777778 0.23723958333333334 0.16898148148148148 0.24427083333333333 0.16574074074074074 0.25052083333333336 0.16805555555555557 0.2526041666666667 0.17175925925925925 0.2552083333333333 0.18472222222222223 0.2565104166666667 0.18564814814814815 0.2786458333333333 0.18611111111111112 0.30442708333333335 0.19074074074074074 0.3182291666666667 0.20046296296296295 0.33151041666666664 0.21666666666666667 0.33489583333333334 0.21574074074074073 0.34869791666666666 0.20324074074074075 0.35390625 0.19583333333333333 0.35494791666666664 0.18981481481481483 0.35520833333333335 0.18055555555555555 0.353125 0.15787037037037038 0.34869791666666666 0.1486111111111111 0.340625 0.14074074074074075 0.33932291666666664 0.12314814814814815 0.3359375 0.1162037037037037 0.3260416666666667 0.1050925925925926 0.31744791666666666 0.09861111111111111 0.30130208333333336 0.09398148148148149 0.27725703124999995 0.09212962962962963 0.25677083333333334 0.09583333333333334 0.2373955729166667 0.10152731481481482 0.23263489583333333 0.10108194444444443 0.22369791666666666 0.09537037037037037 0.22083333333333333 0.09166666666666666 0.21302083333333333 0.09212962962962963 0.19739583333333333 0.09953703703703703 0.19453125 0.10416666666666667
0 0.01015625 0.12453703703703704 0.010416666666666666 0.13333333333333333 0.013541666666666667 0.14583333333333334 0.011979166666666667 0.15185185185185185 0.0078125 0.15787037037037038 0.00390625 0.16898148148148148 0.002864583333333333 0.18055555555555555 0.0046875 0.19583333333333333 0.007291666666666667 0.20601851851851852 0.013541666666666667 0.2162037037037037 0.022135416666666668 0.22361111111111112 0.03411458333333333 0.27037037037037037 0.04088541666666667 0.30416666666666664 0.04609375 0.3148148148148148 0.05416666666666667 0.325 0.06328125 0.33194444444444443 0.0796875 0.3375 0.09661458333333334 0.3384259259259259 0.11276041666666667 0.3347222222222222 0.13333333333333333 0.3236111111111111 0.15104166666666666 0.3074074074074074 0.15651041666666668 0.3 0.15963541666666667 0.29305555555555557 0.16119791666666666 0.2865740740740741 0.16041666666666668 0.2662037037037037 0.16328125 0.25036712962962965 0.16152734375 0.2338912037037037 0.16177786458333332 0.2227587962962963 0.16127682291666667 0.20183009259259257 0.16528567708333333 0.19559583333333336 0.16302083333333334 0.1712962962962963 0.16328125 0.16296296296296298 0.15963541666666667 0.14027777777777778 0.15182291666666667 0.1287037037037037 0.1421875 0.11944444444444445 0.1296875 0.11527777777777778 0.11216640625 0.11188055555555555 0.08836302083333333 0.11366157407407407 0.05553932291666666 0.11945046296296295 0.04010416666666667 0.11018518518518519 0.029427083333333333 0.11203703703703703 0.014322916666666666 0.11944444444444445
0 0.06875 0.05 0.06875 0.05416666666666667 0.07135416666666666 0.05648148148148148 0.0703125 0.06481481481481481 0.06536458333333334 0.07546296296296297 0.06276041666666667 0.08472222222222223 0.06567890625 0.11020462962962962 0.06902369791666667 0.11646157407407406 0.06990390625 0.10989166666666668 0.06761536458333332 0.0908074074074074 0.076171875 0.08842592592592592 0.08064244791666667 0.08830416666666667 0.08333333333333333 0.09907407407407408 0.08489583333333334 0.10925925925925926 0.0875 0.11481481481481481 0.08984375 0.11666666666666667 0.09557291666666666 0.11805555555555555 0.0984375 0.11296296296296296 0.12916666666666668 0.11435185185185186 0.14296875 0.11898148148148148 0.14973958333333334 0.125 0.16041666666666668 0.1398148148148148 0.1640625 0.1587962962962963 0.16328125 0.18194444444444444 0.16484375 0.19953703703703704 0.19036458333333334 0.18703703703703703 0.19427083333333334 0.18333333333333332 0.19583333333333333 0.17824074074074073 0.19661458333333334 0.15324074074074073 0.19609375 0.13842592592592592 0.19270833333333334 0.11666666666666667 0.19296875 0.1087962962962963 0.19557291666666668 0.09814814814814815 0.1953125 0.08703703703703704 0.19635416666666666 0.08055555555555556 0.19322916666666667 0.060648148148148145 0.18515625 0.05 0.17838541666666666 0.043055555555555555 0.16848958333333333 0.03935185185185185 0.15442708333333333 0.0375 0.14929895833333334 0.0376212962962963 0.14348958333333334 0.038425925925925926 0.14067291666666665 0.040124074074074076 0.1359375 0.03981481481481482 0.13333333333333333 0.037037037037037035 0.1171875 0.04027777777777778 0.10598958333333333 0.04351851851851852 0.09557291666666666 0.03564814814814815 0.08645833333333333 0.03518518518518519 0.07239583333333334 0.041666666666666664 0.07057291666666667 0.04351851851851852
0 0.00625 0.05555555555555555 0 0.05555555555555555 0 0.24259259259259258 0.0125 0.2375 0.015625 0.22962962962962963 0.01953125 0.22407407407407406 0.012760416666666666 0.21574074074074073 0.007291666666666667 0.20555555555555555 0.0026041666666666665 0.1824074074074074 0.0027617187500000003 0.16941203703703703 0.012717187500000001 0.15338888888888888 0.01365625 0.1457111111111111 0.01065078125 0.13302592592592594 0.010838802083333333 0.12301157407407406 0.01497109375 0.11900555555555556 0.018727864583333333 0.11666898148148148 0.023892708333333335 0.11483287037037036 0.029427083333333333 0.11203703703703703 0.03619791666666667 0.10925925925925926 0.037760416666666664 0.10092592592592593 0.03411458333333333 0.07824074074074074 0.029947916666666668 0.06851851851851852 0.018489583333333334 0.05925925925925926
0 0.07630208333333334 0 0 0 0 0.055092592592592596 0.015364583333333333 0.05740740740740741 0.030729166666666665 0.06759259259259259 0.03697916666666667 0.08518518518518518 0.03984375 0.1037037037037037 0.0421875 0.10925925925925926 0.05182291666666667 0.1162037037037037 0.061197916666666664 0.1162037037037037 0.065625 0.10925925925925926 0.06484375 0.09861111111111111 0.06341484375 0.08333564814814814 0.065525 0.07583564814814815 0.0699796875 0.06750185185185185 0.06927630208333334 0.04250138888888889 0.07699661458333333 0.03981481481481482 0.08334401041666667 0.03708425925925926 0.08803307291666668 0.03375092592592593 0.08411458333333334 0.0125
0 0.012239583333333333 0.6837962962962963 0 0.6944444444444444 0 0.7212962962962963 0.010677083333333334 0.7268518518518519 0.023177083333333334 0.7277777777777777 0.028645833333333332 0.725925925925926 0.032552083333333336 0.7388888888888889 0.03203125 0.7421296296296296 0.02578125 0.7476851851851852 0.01328125 0.7518518518518519 0.011979166666666667 0.7587962962962963 0.015364583333333333 0.7680555555555556 0.03125 0.7754629629629629 0.042708333333333334 0.7782407407407408 0.046875 0.7768518518518519 0.052083333333333336 0.7791666666666667 0.06041666666666667 0.7930555555555555 0.06744791666666666 0.7986111111111112 0.07109375 0.7972222222222223 0.07473958333333333 0.7935185185185185 0.07838541666666667 0.7865740740740741 0.08385416666666666 0.7828703703703703 0.08932291666666667 0.7722222222222223 0.08723958333333333 0.7703703703703704 0.08697916666666666 0.7597222222222222 0.090625 0.7481481481481481 0.09869791666666666 0.7310185185185185 0.09869791666666666 0.7273148148148149 0.08515625 0.7083333333333334 0.05026041666666667 0.6685185185185185 0.04010416666666667 0.6611111111111111 0.036458333333333336 0.662962962962963 0.03177083333333333 0.674074074074074 0.026041666666666668 0.6791666666666667
0 0.06744791666666666 0.8041666666666667 0.06744791666666666 0.8171296296296297 0.07447916666666667 0.8268518518518518 0.07395833333333333 0.8398148148148148 0.07734375 0.8453703703703703 0.08619791666666667 0.8518518518518519 0.09479166666666666 0.8555555555555555 0.109375 0.8546296296296296 0.1140625 0.8564814814814815 0.12239583333333333 0.8671296296296296 0.1390625 0.8759259259259259 0.14713541666666666 0.8759259259259259 0.15208333333333332 0.8731481481481481 0.14296875 0.8555555555555555 0.14270833333333333 0.8490740740740741 0.14609375 0.8393518518518519 0.15078125 0.8347222222222223 0.15442708333333333 0.8342592592592593 0.15911458333333334 0.8282407407407407 0.16796875 0.8240740740740741 0.171875 0.8208333333333333 0.17291666666666666 0.8175925925925925 0.17161458333333332 0.8092592592592592 0.14713541666666666 0.7782407407407408 0.11640625 0.7444444444444445 0.10364583333333334 0.7347222222222223 0.09557291666666666 0.7379629629629629 0.0890625 0.7518518518518519 0.08776041666666666 0.7578703703703704 0.0875 0.7657407407407407 0.0890625 0.7703703703703704 0.08828125 0.7754629629629629
0 0.21692708333333333 0.861574074074074 0.23307291666666666 0.9634259259259259 0.234375 0.9657407407407408 0.23802083333333332 0.9662037037037037 0.2557291666666667 0.9574074074074074 0.25833333333333336 0.9527777777777777 0.26223958333333336 0.9402777777777778 0.26666666666666666 0.925 0.26666666666666666 0.9217592592592593 0.22161458333333334 0.862037037037037
0 0.14322916666666666 0.8453703703703703 0.14322916666666666 0.8583333333333333 0.15026041666666667 0.8726851851851852 0.15755208333333334 0.8763888888888889 0.16953125 0.875462962962963 0.17447916666666666 0.8939814814814815 0.18541666666666667 0.9120370370370371 0.18723958333333332 0.9194444444444444 0.18229166666666666 0.9268518518518518 0.17447916666666666 0.9324074074074075 0.17447916666666666 0.9388888888888889 0.1765625 0.9486111111111111 0.18177083333333333 0.9527777777777777 0.19583333333333333 0.9546296296296296 0.19661458333333334 0.9472222222222222 0.19505208333333332 0.9351851851851852 0.17526041666666667 0.8212962962962963 0.171875 0.8203703703703704 0.15078125 0.8347222222222223 0.146875 0.8384259259259259