1 0.20508151041666667 0.34741666666666665 0.21147161458333336 0.36141898148148144 0.20939114583333335 0.36564583333333334 0.20597317708333335 0.3690805555555556 0.20181197916666666 0.3719865740740741 0.19883984375 0.3725152777777778 0.19304401041666666 0.3704013888888889 0.19111223958333332 0.3690805555555556 0.19170651041666667 0.3537574074074074 0.18932890625 0.3421324074074074 0.18903151041666666 0.33790555555555557 0.19126067708333333 0.33447083333333333 0.19482734375 0.33262175925925924 0.19779947916666665 0.3315648148148148 0.20151484375 0.3334143518518518 0.20300078125 0.3357921296296296
1 0.6518023437499999 0.35956944444444444 0.6561119791666666 0.34583148148148146 0.6573007812499999 0.3357921296296296 0.6590841145833333 0.33262175925925924 0.6614619791666667 0.3305078703703704 0.6650286458333333 0.33103657407407405 0.6685953125 0.3334143518518518 0.6699325520833334 0.3373773148148148 0.6680007812500001 0.34979444444444446 0.6687437500000001 0.3651175925925926 0.6671091145833333 0.36802361111111115 0.6635424479166667 0.3693449074074074 0.6599757812499999 0.3693449074074074 0.6565578124999999 0.3677597222222222 0.6529911458333333 0.364325
1 0.8374158854166667 0.4673611111111111 0.8414283854166666 0.45362314814814814 0.8435088541666667 0.45045277777777776 0.8472239583333334 0.45018842592592595 0.8509393229166666 0.45071666666666665 0.8542088541666666 0.4530944444444444 0.85807265625 0.4570574074074074 0.8586669270833334 0.4615486111111111 0.8565864583333334 0.4715884259259259 0.8556947916666666 0.47740046296296296 0.85539765625 0.4966865740740741 0.8516822916666666 0.4990643518518519 0.848115625 0.4993287037037037 0.8429143229166667 0.4990643518518519 0.8390505208333334 0.49721527777777774 0.83444375 0.49272361111111107 0.8305796875 0.4871759259259259 0.8293908854166666 0.48321296296296296
2 0.027825260416666667 0.5178782407407407 0.035210677083333336 0.5156861111111112 0.040653125 0.5117027777777778 0.040653125 0.503736111111111 0.032969791666666665 0.4821120370370371 0.03072890625 0.4781287037037037 0.02528671875 0.4775597222222222 0.019844270833333334 0.4860953703703703
2 0.004228385416666666 0.3863930555555556 0.010240364583333333 0.38878749999999995 0.015042447916666667 0.38195879629629625 0.015042447916666667 0.3762685185185185 0.009279947916666666 0.35635185185185186 0.006078645833333333 0.34952314814814817 0.0012768229166666666 0.35179907407407407 0 0.3557828703703704
2 0.23738020833333331 0.3801319444444445 0.24297682291666664 0.38195879629629625 0.24681848958333333 0.37683750000000005 0.24393723958333335 0.35179907407407407 0.24137604166666668 0.3483851851851852 0.23753463541666667 0.3489541666666667 0.23465338541666667 0.3557828703703704
2 0.6920611979166666 0.3776273148148148 0.6971723958333332 0.3811175925925926 0.6997333333333333 0.3799796296296296 0.7054958333333333 0.3560796296296296 0.7045354166666667 0.3520962962962963 0.7010140625 0.3492509259259259 0.69653203125 0.3503888888888889 0.6914098958333333 0.37144398148148144
2 0.88083671875 0.5034777777777778 0.8850901041666667 0.5102925925925926 0.8914929687500001 0.5102925925925926 0.89981640625 0.4852541666666666 0.89981640625 0.4778564814814815 0.8975752604166666 0.47330416666666664 0.8927734375 0.47102777777777777 0.8889317708333333 0.47330416666666664 0.8790075520833334 0.4960662037037037
0 0.83125 0.399537037037037 0.8307291666666666 0.4050925925925926 0.8315104166666667 0.40925925925925927 0.8330729166666667 0.41064814814814815 0.8346354166666666 0.4212962962962963 0.8645833333333334 0.46296296296296297 0.8776041666666666 0.47175925925925927 0.8833333333333333 0.47824074074074074 0.8872395833333333 0.4787037037037037 0.8916666666666667 0.4722222222222222 0.8971354166666666 0.4726851851851852 0.8997395833333334 0.48194444444444445 0.8989583333333333 0.4842592592592593 0.9010416666666666 0.48703703703703705 0.9005208333333333 0.4912037037037037 0.9026041666666667 0.49212962962962964 0.9309895833333334 0.4930555555555556 0.9419270833333333 0.4962962962962963 0.9505208333333334 0.5032407407407408 0.9635416666666666 0.5180555555555556 0.9669270833333333 0.5189814814814815 0.9705729166666667 0.5148148148148148 0.984375 0.49166666666666664 0.9885416666666667 0.4740740740740741 0.9997395833333333 0.4685185185185185 0.9997395833333333 0.4 0.9736979166666667 0.37962962962962965 0.95703125 0.36898148148148147 0.9393229166666667 0.3611111111111111 0.91796875 0.3537037037037037 0.8984375 0.35 0.8731770833333333 0.35509259259259257 0.859375 0.36527777777777776 0.8541666666666666 0.3731481481481482 0.8520833333333333 0.3837962962962963 0.8578125 0.4013888888888889 0.8550346354166667 0.40879629629629627 0.85234375 0.40925925925925927 0.84765625 0.4064814814814815 0.8385416666666666 0.3962962962962963 0.8348958333333333 0.39490740740740743
0 0.7036458333333333 0.5259259259259259 0.703125 0.5337962962962963 0.7044270833333334 0.5430555555555555 0.7122395833333334 0.562962962962963 0.7234375 0.5861111111111111 0.7255208333333333 0.5879629629629629 0.7268229166666667 0.5930555555555556 0.7329427083333333 0.5953703703703703 0.73671875 0.6013888888888889 0.7372395833333333 0.6236111111111111 0.7419270833333333 0.6476851851851851 0.7486979166666666 0.6625 0.7606770833333333 0.6833333333333333 0.7734375 0.6981481481481482 0.79375 0.7148148148148148 0.8265625 0.7268518518518519 0.8346354166666666 0.7273148148148149 0.8505208333333333 0.7245370370370371 0.8609375 0.7180555555555556 0.8684895833333334 0.7106481481481481 0.8776041666666666 0.6925925925925925 0.8830729166666667 0.6726851851851852 0.88984375 0.6541666666666667 0.8958333333333334 0.6472222222222223 0.9119791666666667 0.637962962962963 0.9229166666666667 0.6240740740740741 0.9270833333333334 0.6157407407407407 0.9294270833333333 0.6046296296296296 0.9341145833333333 0.5916666666666667 0.93671875 0.5736111111111111 0.9408854166666667 0.5638888888888889 0.9427083333333334 0.5648148148148148 0.9526041666666667 0.5592592592592592 0.9598958333333333 0.5513888888888889 0.96328125 0.5435185185185185 0.9653645833333333 0.5328703703703703 0.9635416666666666 0.5231481481481481 0.9604166666666667 0.5180555555555556 0.9489583333333333 0.5027777777777778 0.9416666666666667 0.4976851851851852 0.8997169270833333 0.49368703703703704 0.8632888020833334 0.4628282407407407 0.8390625 0.4537037037037037 0.82890625 0.4476851851851852 0.80546875 0.44305555555555554 0.7932291666666667 0.44351851851851853 0.77890625 0.44722222222222224 0.7700520833333333 0.45092592592592595 0.75859375 0.4587962962962963 0.7541666666666667 0.46296296296296297 0.7466145833333333 0.475 0.7427083333333333 0.4925925925925926 0.73359375 0.49953703703703706 0.7270833333333333 0.49675925925925923 0.7221354166666667 0.49722222222222223 0.7098958333333333 0.5032407407407408 0.7057291666666666 0.5222222222222223
0 0.55703125 0.38333333333333336 0.5557291666666667 0.4060185185185185 0.5565104166666667 0.41574074074074074 0.5638020833333334 0.43703703703703706 0.57531875 0.4549236111111111 0.5946713541666667 0.45391203703703703 0.5932481770833333 0.4776884259259259 0.6091856770833334 0.4908416666666667 0.6247395833333333 0.5092592592592593 0.6302083333333334 0.5259259259259259 0.6369791666666667 0.5282407407407408 0.6375 0.5263888888888889 0.6643229166666667 0.5125 0.6705729166666666 0.5180555555555556 0.6744791666666666 0.5291666666666667 0.6744791666666666 0.5324074074074074 0.6809895833333334 0.5430555555555555 0.68203125 0.5472222222222223 0.6994791666666667 0.5296296296296297 0.703125 0.5166666666666667 0.703125 0.49953703703703706 0.7052083333333333 0.4875 0.7046875 0.4842592592592593 0.7096354166666666 0.4699074074074074 0.7234375 0.4513888888888889 0.7265625 0.4532407407407407 0.7315104166666667 0.4513888888888889 0.734375 0.4532407407407407 0.74140625 0.44722222222222224 0.7486979166666666 0.43333333333333335 0.75234375 0.42962962962962964 0.7549479166666667 0.41898148148148145 0.7572916666666667 0.3990740740740741 0.7549479166666667 0.38564814814814813 0.7481770833333333 0.3763888888888889 0.7380208333333333 0.37222222222222223 0.71875 0.3736111111111111 0.7109375 0.37037037037037035 0.70390625 0.36203703703703705 0.6953125 0.3523148148148148 0.6772044270833334 0.34312314814814815 0.6598440104166666 0.33806435185185185 0.6507338541666667 0.33611111111111114 0.6338541666666667 0.3365740740740741 0.6169270833333333 0.34120370370370373 0.6028645833333334 0.35138888888888886 0.5971354166666667 0.3578703703703704 0.5940104166666667 0.36435185185185187 0.5873958333333333 0.36944444444444446 0.5809895833333333 0.36898148148148147 0.57734375 0.3726851851851852 0.5703125 0.37037037037037035 0.5606770833333333 0.3731481481481482 0.55859375 0.3763888888888889
0 0.42994791666666665 0.5310185185185186 0.42916666666666664 0.5555555555555556 0.43072916666666666 0.5638888888888889 0.4359375 0.5740740740740741 0.44947916666666665 0.5884259259259259 0.45651041666666664 0.5907407407407408 0.46197916666666666 0.5958333333333333 0.47708333333333336 0.5939814814814814 0.4822916666666667 0.5986111111111111 0.48541666666666666 0.6092592592592593 0.48463541666666665 0.6217592592592592 0.4864583333333333 0.6587962962962963 0.49296875 0.6796296296296296 0.5005208333333333 0.6939814814814815 0.5203125 0.7148148148148148 0.5393229166666667 0.725925925925926 0.5447916666666667 0.7263888888888889 0.5747395833333333 0.7226851851851852 0.5815104166666667 0.7180555555555556 0.5950520833333334 0.7018518518518518 0.6028645833333334 0.6888888888888889 0.61015625 0.6680555555555555 0.6143229166666667 0.6296296296296297 0.628125 0.6087962962962963 0.6325520833333333 0.5962962962962963 0.6393229166666666 0.5944444444444444 0.64765625 0.5967592592592592 0.6578125 0.5958333333333333 0.6682291666666667 0.5898148148148148 0.6744791666666666 0.562962962962963 0.6791666666666667 0.5569444444444445 0.6799479166666667 0.55 0.6794270833333333 0.5430555555555555 0.6721354166666667 0.5231481481481481 0.6653645833333334 0.5143518518518518 0.6572916666666667 0.5143518518518518 0.6510416666666666 0.5199074074074074 0.64296875 0.5222222222222223 0.63534765625 0.5282481481481481 0.6278645833333333 0.5263888888888889 0.625 0.512962962962963 0.6182291666666667 0.5 0.6010416666666667 0.4828703703703704 0.5755208333333334 0.46435185185185185 0.55546875 0.45925925925925926 0.5395833333333333 0.4597222222222222 0.51953125 0.4638888888888889 0.50859375 0.46944444444444444 0.5 0.47638888888888886 0.49270833333333336 0.48333333333333334 0.48046875 0.5032407407407408 0.4744791666666667 0.5157407407407407 0.47161458333333334 0.5273148148148148 0.46487421875 0.5287541666666666 0.45598958333333334 0.5282407407407408 0.44635416666666666 0.5162037037037037 0.4401041666666667 0.513425925925926 0.43411458333333336 0.5152777777777777 0.43203125 0.5189814814814815
0 0.33125 0.4115740740740741 0.3307291666666667 0.4324074074074074 0.33489583333333334 0.44351851851851853 0.35249921875 0.46837824074074075 0.37754375 0.46433101851851855 0.3840893229166667 0.5250374999999999 0.39632708333333333 0.5265550925925926 0.40144973958333335 0.5321199074074073 0.40338541666666666 0.5467592592592593 0.4049479166666667 0.5527777777777778 0.41822916666666665 0.5597222222222222 0.42526041666666664 0.5601851851851852 0.4279171875 0.5594375 0.43047864583333334 0.5230138888888889 0.43474765625 0.5123902777777778 0.44609375 0.513425925925926 0.45296171875 0.5240254629629629 0.4588541666666667 0.5268518518518519 0.4669270833333333 0.5268518518518519 0.4705729166666667 0.524537037037037 0.47239583333333335 0.5152777777777777 0.49024401041666665 0.48709583333333334 0.489959375 0.45370740740740745 0.5143229166666666 0.45185185185185184 0.5200520833333333 0.44722222222222224 0.5229166666666667 0.44212962962962965 0.5299479166666666 0.4287037037037037 0.5325520833333334 0.4111111111111111 0.5294270833333333 0.39351851851851855 0.5190104166666667 0.3921296296296296 0.5067708333333333 0.3976851851851852 0.5010416666666667 0.40324074074074073 0.49322916666666666 0.3958333333333333 0.49114583333333334 0.38842592592592595 0.48671875 0.38101851851851853 0.46822916666666664 0.36527777777777776 0.45338541666666665 0.3587962962962963 0.43125 0.3574074074074074 0.4083333333333333 0.36342592592592593 0.3888020833333333 0.37592592592592594 0.3841145833333333 0.3800925925925926 0.37786458333333334 0.38981481481481484 0.3723958333333333 0.40046296296296297 0.37161458333333336 0.4064814814814815 0.36875 0.4101851851851852 0.3619791666666667 0.412962962962963 0.3533854166666667 0.41203703703703703 0.34375 0.4009259259259259 0.33828125 0.399537037037037 0.33567708333333335 0.4009259259259259
0 0.14739583333333334 0.55 0.14661458333333333 0.5537037037037037 0.14739583333333334 0.5712962962962963 0.15052083333333333 0.5810185185185185 0.16541640624999998 0.6057486111111111 0.18448437499999998 0.6077722222222223 0.18846875000000002 0.6264898148148148 0.19814505208333333 0.6436898148148148 0.21322864583333334 0.656337037037037 0.21640625 0.6666666666666666 0.23203125 0.7134259259259259 0.246875 0.7314814814814815 0.2598958333333333 0.7388888888888889 0.271875 0.7421296296296296 0.28020833333333334 0.7416666666666667 0.29661458333333335 0.736574074074074 0.31015625 0.7291666666666666 0.32447916666666665 0.7157407407407408 0.33958333333333335 0.6972222222222222 0.3541666666666667 0.6680555555555555 0.3578125 0.6425925925925926 0.35703125 0.6268518518518519 0.3546875 0.6212962962962963 0.3575520833333333 0.6064814814814815 0.3770833333333333 0.6060185185185185 0.38333333333333336 0.6027777777777777 0.3933783854166667 0.5910777777777778 0.39921875 0.5763888888888888 0.40338541666666666 0.5606481481481481 0.40163177083333335 0.5323953703703703 0.39622447916666664 0.5263245370370371 0.37772552083333333 0.5283481481481481 0.37317213541666666 0.5379601851851852 0.3652033854166667 0.5364425925925925 0.36406484375 0.517724537037037 0.3532502604166667 0.49344212962962963 0.3333333333333333 0.475 0.3299479166666667 0.4689814814814815 0.3111979166666667 0.4648148148148148 0.2825520833333333 0.4685185185185185 0.26901041666666664 0.4736111111111111 0.24557291666666667 0.48657407407407405 0.2265625 0.5018518518518519 0.21484375 0.5148148148148148 0.20260416666666667 0.5324074074074074 0.1953125 0.538425925925926 0.17473958333333334 0.5254629629629629 0.16458333333333333 0.524074074074074 0.15755208333333334 0.5291666666666667
0 0.09947916666666666 0.3990740740740741 0.09869791666666666 0.4023148148148148 0.10234375 0.42685185185185187 0.10546875 0.4375 0.10885416666666667 0.44305555555555554 0.12005208333333334 0.4564814814814815 0.12604166666666666 0.4597222222222222 0.134375 0.46064814814814814 0.14322916666666666 0.4722222222222222 0.15260416666666668 0.47824074074074074 0.16302083333333334 0.5097222222222222 0.16276041666666666 0.5152777777777777 0.16614583333333333 0.5203703703703704 0.19244791666666666 0.5351851851851852 0.20104166666666667 0.5328703703703703 0.21796875 0.5101851851851852 0.23645833333333333 0.49212962962962964 0.2713541666666667 0.4708333333333333 0.27578125 0.4699074074074074 0.28229166666666666 0.45555555555555555 0.29296875 0.4532407407407407 0.30130208333333336 0.43842592592592594 0.30703125 0.42453703703703705 0.3111979166666667 0.4115740740740741 0.31197916666666664 0.4041666666666667 0.30885416666666665 0.38055555555555554 0.30494791666666665 0.375 0.284375 0.3731481481481482 0.2765625 0.3699074074074074 0.2752604166666667 0.36342592592592593 0.26953125 0.35462962962962963 0.2484375 0.34120370370370373 0.23880208333333333 0.3384259259259259 0.22317708333333333 0.33796296296296297 0.20703125 0.3421296296296296 0.18411458333333333 0.35 0.1609375 0.3638888888888889 0.14739583333333334 0.3763888888888889 0.12213541666666666 0.3763888888888889 0.11510416666666666 0.3824074074074074 0.11197916666666667 0.39444444444444443
0 0.01171875 0.45185185185185184 0 0.45694444444444443 0 0.7379629629629629 0.016145833333333335 0.7351851851851852 0.04401041666666667 0.7217592592592592 0.07109375 0.6995370370370371 0.07421875 0.6939814814814815 0.084375 0.6847222222222222 0.09505208333333333 0.6694444444444444 0.10807291666666667 0.6402777777777777 0.11041666666666666 0.6282407407407408 0.1109375 0.612037037037037 0.10625 0.5995370370370371 0.10833333333333334 0.5912037037037037 0.11796875 0.5740740740740741 0.13489583333333333 0.5342592592592592 0.13411458333333334 0.5254629629629629 0.12630208333333334 0.5087962962962963 0.11953125 0.5032407407407408 0.10885416666666667 0.5018518518518519 0.1 0.4976851851851852 0.08958333333333333 0.4675925925925926 0.08151041666666667 0.4587962962962963 0.06901041666666667 0.45231481481481484 0.046614583333333334 0.4486111111111111 0.0265625 0.4486111111111111
0 0.0109375 0.3384259259259259 0 0.33935185185185185 0 0.45601851851851855 0.025520833333333333 0.44722222222222224 0.05078125 0.44722222222222224 0.07135416666666666 0.45046296296296295 0.08229166666666667 0.43425925925925923 0.0890625 0.41944444444444445 0.09088541666666666 0.4078703703703704 0.08671875 0.3990740740740741 0.08307291666666666 0.38472222222222224 0.0796875 0.3800925925925926 0.07213541666666666 0.37777777777777777 0.06197916666666667 0.3675925925925926 0.05963541666666667 0.35833333333333334 0.054947916666666666 0.35138888888888886 0.03333333333333333 0.3402777777777778