1 0.20835755208333331 0.12654444444444446 0.21176328125000002 0.12615972222222221 0.21421536458333332 0.12474953703703703 0.21659557291666667 0.12269814814814815 0.21681197916666667 0.12103148148148148 0.21421536458333332 0.11282685185185184 0.21327786458333334 0.10821157407407407 0.21255677083333332 0.10641712962962963 0.21089791666666666 0.10513518518518519 0.20887864583333335 0.10462222222222223 0.20678697916666666 0.10628888888888889 0.20592161458333333 0.1085962962962963 0.20592161458333333 0.11090416666666666 0.20678697916666666 0.11539074074074074 0.20671484375 0.12167268518518518 0.20685911458333334 0.12539027777777778
1 0.15710156249999999 0.18381296296296296 0.15987239583333332 0.18361805555555555 0.16203619791666668 0.1814388888888889 0.16355078125 0.17913148148148147 0.16398333333333334 0.17669537037037036 0.16333437499999998 0.17297777777777779 0.16131484375 0.16938796296296296 0.16030520833333334 0.16272175925925925 0.15943984375 0.1605425925925926 0.15763671875000002 0.16015787037037035 0.1555453125 0.16002962962962963 0.15367005208333331 0.1610550925925926 0.15251614583333334 0.16233703703703706 0.15193932291666667 0.1646449074074074 0.15215546875000002 0.16733703703703703 0.15302109375 0.17169583333333333 0.15287682291666668 0.173875 0.15302109375 0.17733657407407408 0.15345364583333332 0.18092592592592593 0.15367005208333331 0.1837462962962963 0.15532890624999998 0.18387453703703702
1 0.25691614583333333 0.16942546296296296 0.2599796875 0.16909537037037037 0.2623596354166667 0.16730046296296297 0.2642348958333333 0.16524953703703704 0.26437890625 0.1619162037037037 0.26221536458333333 0.15589074074074075 0.2614942708333333 0.15268611111111113 0.26106145833333333 0.14935277777777778 0.2604122395833333 0.14691712962962963 0.25868151041666665 0.14576296296296296 0.25695052083333336 0.14576296296296296 0.25507552083333335 0.14614768518518517 0.254065625 0.14768611111111113 0.2537052083333333 0.1508912037037037 0.254065625 0.15563472222222222 0.25399348958333334 0.1581986111111111 0.254065625 0.1669162037037037 0.2544984375 0.16973657407407405
1 0.20534270833333332 0.2386837962962963 0.20828697916666666 0.2386662037037037 0.2106671875 0.23674305555555555 0.21290286458333335 0.23443564814814813 0.21326354166666667 0.2321277777777778 0.21268645833333333 0.2284101851851852 0.21016223958333333 0.22238472222222222 0.20944114583333334 0.2176412037037037 0.20871979166666668 0.2146925925925926 0.20706093750000001 0.21251342592592593 0.20453671875 0.21264166666666665 0.20201249999999998 0.2139236111111111 0.20078645833333333 0.21635925925925928 0.2006421875 0.21994907407407407 0.20114713541666665 0.22558981481481483 0.20143567708333335 0.22994861111111112 0.20129140625 0.23558935185185184 0.2015078125 0.2386662037037037
1 0.3211234375 0.22164212962962965 0.3249268229166667 0.22085601851851852 0.3274036458333333 0.2194412037037037 0.32917265625 0.2172398148148148 0.3297916666666667 0.21519583333333334 0.32811119791666665 0.2063912037037037 0.32713828125 0.2018314814814815 0.3266075520833333 0.1971148148148148 0.32554609375 0.19459907407407406 0.32351171875 0.19365601851851852 0.32103515625 0.19412731481481482 0.3183815104166667 0.19569953703703705 0.31740859374999997 0.1983726851851852 0.31767395833333334 0.20293240740740742 0.31820468749999997 0.20733472222222224 0.31820468749999997 0.21378101851851852 0.31811614583333336 0.2186550925925926 0.31873541666666666 0.22117037037037038
1 0.27334453125 0.3107212962962963 0.27638984375 0.3110773148148148 0.27948567708333333 0.3093476851851852 0.28222760416666665 0.3063606481481482 0.28302369791666665 0.3036875 0.27975104166666664 0.29268194444444445 0.27913177083333335 0.2881222222222222 0.2781588541666667 0.2827763888888889 0.27700885416666665 0.27963194444444445 0.27470911458333336 0.27884583333333335 0.27214401041666664 0.27963194444444445 0.27028671875000004 0.2799462962962963 0.26842916666666666 0.28183287037037036 0.26745625 0.2843486111111111 0.2680752604166667 0.2900087962962963 0.26895989583333335 0.2959833333333333 0.26895989583333335 0.3044736111111111 0.26895989583333335 0.3093476851851852 0.26966744791666664 0.31076296296296296
1 0.40750416666666667 0.2911875 0.4125888020833333 0.29131851851851853 0.4155484375 0.2889513888888889 0.41732421875000003 0.28697824074074074 0.41784218749999996 0.2842162037037037 0.41702838541666665 0.2785606481481482 0.41525260416666665 0.2729050925925926 0.4145125 0.2652763888888889 0.41414270833333333 0.2627777777777778 0.4130328125 0.2609361111111111 0.4117747395833333 0.2596208333333333 0.4100729166666667 0.2590949074074074 0.40814921875 0.25935787037037034 0.4063734375 0.2602787037037037 0.40459765625 0.2622513888888889 0.40415364583333335 0.2644875 0.40415364583333335 0.2679069444444444 0.40474557291666663 0.27500925925925923 0.40467161458333334 0.2831638888888889 0.40452343749999997 0.28881990740740743 0.40481953125000003 0.2907925925925926
1 0.36053463541666664 0.4173800925925926 0.36223125 0.41788749999999997 0.3648208333333333 0.41657222222222223 0.36755859375 0.4142046296296296 0.37000026041666667 0.4105222222222222 0.37125833333333336 0.4059185185185185 0.37192421875000004 0.40144675925925927 0.37170234375 0.39723796296296293 0.37133229166666665 0.3952652777777778 0.36430286458333333 0.38908333333333334 0.3614171875 0.38474305555555555 0.35971536458333336 0.3819810185185185 0.35801354166666666 0.3806657407407408 0.35660755208333333 0.38040277777777776 0.35542369791666667 0.38079722222222223 0.35416588541666666 0.3819810185185185 0.35290807291666665 0.3836907407407408 0.3518721354166667 0.38579537037037037 0.35105833333333336 0.38868888888888886 0.3504661458333333 0.39184537037037037 0.35091015625 0.3946074074074074 0.3523161458333333 0.39842175925925927 0.3539440104166667 0.4023675925925926 0.35520182291666663 0.40486666666666665 0.35719973958333334 0.4139416666666667 0.3583096354166667 0.4163092592592592
1 0.5304796875 0.3970462962962963 0.5340604166666666 0.3967125 0.5377809895833334 0.39437037037037037 0.53979609375 0.39133935185185187 0.54049375 0.3878949074074074 0.5373158854166667 0.3750814814814815 0.53646328125 0.36323287037037033 0.53607578125 0.36033935185185184 0.5339828125 0.35813472222222226 0.5315026041666667 0.3570328703703704 0.5285572916666667 0.3573083333333333 0.5266968750000001 0.3586861111111111 0.5249143229166667 0.36033935185185184 0.5236739583333333 0.36213055555555557 0.5238291666666667 0.3664013888888889 0.5242942708333334 0.3709481481481482 0.52444921875 0.37645925925925927 0.5239841145833333 0.37893935185185185 0.5239841145833333 0.3836236111111111 0.5232091145833333 0.39009953703703704 0.5235966145833334 0.3934060185185185 0.5249143229166667 0.3950592592592592 0.5271619791666666 0.39616157407407404
2 0.5634361979166667 0.4236814814814815 0.5628528645833334 0.4101032407407407 0.561953125 0.3985087962962963 0.55970390625 0.39491064814814814 0.55543046875 0.39531064814814815 0.55273125 0.40010833333333334 0.5520565104166667 0.4145013888888889 0.55318125 0.42409675925925927 0.55970390625 0.4276949074074074
2 0.39071874999999995 0.43907824074074076 0.39056328125 0.42809490740740735 0.3885390625 0.4272949074074074 0.38539010416666664 0.41650046296296295 0.3745940104166667 0.4228972222222222 0.3757184895833333 0.43449166666666666 0.3799921875 0.4372902777777778 0.38111666666666666 0.444087037037037 0.38741458333333334 0.444487037037037
2 0.44274505208333337 0.3045541666666667 0.44252005208333334 0.2973574074074074 0.44319479166666664 0.29096064814814815 0.44027083333333333 0.2841638888888889 0.4346479166666667 0.2845638888888889 0.4330734375 0.2921601851851852 0.4319486979166667 0.3025550925925926 0.4339731770833334 0.3069527777777778 0.43802161458333333 0.3101513888888889
2 0.3088140625 0.3167847222222222 0.30621796875 0.3077523148148148 0.3053182291666667 0.30095601851851855 0.295196875 0.30095601851851855 0.29474713541666664 0.31095092592592594 0.2965463541666667 0.3161486111111111 0.29902057291666667 0.3149490740740741 0.2996953125 0.32134583333333333 0.30419375 0.32294537037037035
2 0.34221953125 0.2354023148148148 0.33973125 0.2169962962962963 0.33770703125 0.21499722222222223 0.33455807291666667 0.21579675925925926 0.33275859375 0.22139398148148148 0.33478307291666665 0.23778611111111114 0.3390565104166667 0.2397851851851852
2 0.21632187500000002 0.2564796296296296 0.21944322916666667 0.25640092592592595 0.22188593750000002 0.2562037037037037 0.22310703125 0.2524541666666667 0.21966536458333333 0.23587592592592593 0.21777786458333334 0.2342972222222222 0.21533515625 0.23488935185185184 0.2140028645833333 0.23686296296296297 0.21489114583333332 0.24870416666666667
2 0.26640182291666664 0.18373472222222223 0.26940546875 0.1841685185185185 0.27273619791666665 0.18219537037037037 0.2716260416666667 0.17449814814814815 0.2704046875 0.16581435185185184 0.26885026041666665 0.16463055555555556 0.26707395833333336 0.16423564814814817 0.26507552083333336 0.16680138888888887 0.26607473958333333 0.1786425925925926
2 0.21949765625 0.1379162037037037 0.22166380208333333 0.1395662037037037 0.22410625 0.1375925925925926 0.22166380208333333 0.12298842592592592 0.22044244791666667 0.12101481481481481 0.21811093750000002 0.12121203703703703 0.21711171875 0.12377777777777778 0.2183328125 0.13680324074074074
2 0.16905130208333335 0.18004305555555555 0.1719234375 0.19502314814814814 0.17125729166666667 0.19798379629629628 0.16737135416666668 0.1993652777777778 0.16515078125 0.19660231481481483 0.1639296875 0.18140555555555557 0.16526197916666666 0.17844537037037037 0.16770442708333333 0.17785324074074074
0 0.6638020833333333 0.7930555555555555 0.6619791666666667 0.8037037037037037 0.6619791666666667 0.8157407407407408 0.66328125 0.8222222222222222 0.6645833333333333 0.8481481481481481 0.6799479166666667 0.9078703703703703 0.6763020833333333 0.9287037037037037 0.6747395833333333 0.9564814814814815 0.67890625 0.9875 0.6807291666666667 0.9939814814814815 0.6828125 0.9967592592592592 0.68828125 0.999537037037037 0.9268229166666667 0.999537037037037 0.9294270833333333 0.9949074074074075 0.9278645833333333 0.980185185185185 0.928125 0.9666666666666667 0.92578125 0.9638888888888889 0.9192708333333334 0.9416666666666667 0.9174479166666667 0.9388888888888889 0.9135416666666667 0.9199074074074074 0.9 0.8912037037037037 0.8841145833333334 0.8657407407407407 0.8802083333333334 0.861574074074074 0.8692708333333333 0.8564814814814815 0.86171875 0.8467592592592592 0.8544270833333333 0.8402777777777778 0.8354166666666667 0.825925925925926 0.8130208333333333 0.8171296296296297 0.8041666666666667 0.8097222222222222 0.7864583333333334 0.8050925925925926 0.7755208333333333 0.8064814814814815 0.76953125 0.8111111111111111 0.7455729166666667 0.8189814814814815 0.73125 0.8268518518518518 0.7203125 0.8203703703703704 0.71171875 0.8037037037037037 0.7026041666666667 0.7791666666666667 0.6955729166666667 0.7712962962962963 0.6903645833333333 0.7694444444444445 0.6822916666666666 0.7703703703703704 0.6786458333333333 0.7754629629629629 0.6677083333333333 0.7842592592592592
0 0.6572916666666667 0.5568212962962963 0.65625 0.5637657407407407 0.6578125 0.5906175925925926 0.6698684895833333 0.6269967592592594 0.6777817708333332 0.6299268518518518 0.67943046875 0.6516078703703704 0.6837169270833333 0.6744611111111111 0.6913005208333334 0.6902824074074074 0.69375 0.7156175925925926 0.6942708333333333 0.7406175925925925 0.69921875 0.7716361111111111 0.7067708333333333 0.7859879629629629 0.715625 0.810062037037037 0.7286458333333333 0.8239509259259259 0.7341145833333333 0.8239509259259259 0.7497395833333333 0.8146916666666666 0.7653645833333333 0.8105249999999999 0.7721354166666666 0.8049694444444444 0.78203125 0.8026546296296296 0.8005208333333333 0.8054324074074074 0.8130208333333333 0.8146916666666666 0.82109375 0.8183953703703704 0.8270833333333333 0.8179324074074074 0.8333333333333334 0.8086731481481481 0.8390625 0.7952472222222222 0.84140625 0.7887657407407407 0.8450520833333334 0.7702472222222222 0.8489583333333334 0.7674694444444444 0.859375 0.7767287037037036 0.8669270833333333 0.7771916666666666 0.8828125 0.7688583333333333 0.8973958333333333 0.7549694444444444 0.9075520833333334 0.7387657407407408 0.9119791666666667 0.7271916666666667 0.91171875 0.7119138888888888 0.9106770833333333 0.7063583333333333 0.9080729166666667 0.7017287037037037 0.9015625 0.6998768518518518 0.89296875 0.7003398148148148 0.8841145833333334 0.697562037037037 0.8794270833333333 0.6989509259259259 0.8697916666666666 0.6947842592592592 0.8674479166666667 0.6915435185185185 0.8708333333333333 0.672099074074074 0.87109375 0.6572842592592593 0.8661458333333333 0.6322842592592592 0.8488541666666667 0.596913888888889 0.8455729166666667 0.5878398148148147 0.8385416666666666 0.5771916666666667 0.83125 0.5697842592592592 0.81796875 0.5646916666666666 0.7971354166666667 0.5531175925925925 0.76484375 0.5447842592592592 0.7447916666666666 0.5489509259259259 0.72265625 0.559599074074074 0.7072916666666667 0.5711731481481481 0.6934895833333333 0.5609879629629629 0.690625 0.5531175925925925 0.6846354166666667 0.5443212962962962 0.6763020833333333 0.5378398148148148 0.6705729166666666 0.5392287037037037 0.66171875 0.5494138888888889
0 0.42397604166666664 0.5364055555555556 0.4252390625 0.5570537037037038 0.4282697916666667 0.5705199074074074 0.43281614583333333 0.5844351851851852 0.42473958333333334 0.6078703703703704 0.42291666666666666 0.6259259259259259 0.42473958333333334 0.6430555555555556 0.4278645833333333 0.6537037037037037 0.4390625 0.6731481481481482 0.44479166666666664 0.7060185185185185 0.44869791666666664 0.736574074074074 0.45286458333333335 0.7486111111111111 0.4661458333333333 0.7694444444444445 0.4744791666666667 0.7768518518518519 0.48776041666666664 0.7851851851851852 0.5059895833333333 0.7893518518518519 0.5283854166666667 0.7851851851851852 0.5419270833333333 0.7754629629629629 0.55 0.7685185185185185 0.56171875 0.7532407407407408 0.5684895833333333 0.7384259259259259 0.571875 0.7180555555555556 0.5744791666666667 0.7129629629629629 0.5955729166666667 0.6902777777777778 0.5986979166666667 0.6824074074074075 0.59921875 0.6717592592592593 0.5971354166666667 0.6657407407407407 0.5911458333333334 0.663425925925926 0.58515625 0.6578703703703703 0.5776041666666667 0.6560185185185186 0.5744791666666667 0.6527777777777778 0.575 0.6472222222222223 0.5848958333333333 0.6203703703703703 0.5869791666666667 0.5976851851851852 0.5854166666666667 0.5842592592592593 0.5825520833333333 0.5731481481481482 0.5765625 0.562037037037037 0.5729166666666666 0.5509259259259259 0.5669270833333333 0.5435185185185185 0.5427083333333333 0.5291666666666667 0.51953125 0.5222222222222223 0.5041666666666667 0.5231481481481481 0.48385416666666664 0.5300925925925926 0.46796875 0.5393518518518519 0.46536458333333336 0.5393518518518519 0.45625 0.5194444444444445 0.45352760416666665 0.5130638888888889 0.4479708333333334 0.5103708333333333 0.4421875 0.512962962962963 0.42776484375 0.5229393518518518
0 0.46306614583333333 0.3711074074074074 0.46281354166666666 0.3805337962962963 0.4653393229166667 0.3984888888888889 0.4693807291666667 0.40971064814814817 0.46458333333333335 0.4287037037037037 0.4669270833333333 0.46296296296296297 0.47239583333333335 0.4777777777777778 0.4796875 0.48703703703703705 0.48333333333333334 0.4949074074074074 0.48515625 0.5087962962962963 0.48385416666666664 0.5222222222222223 0.48671875 0.5273148148148148 0.4947916666666667 0.5263888888888889 0.5046875 0.5217592592592593 0.5171875 0.5208333333333334 0.5421875 0.5277777777777778 0.5692708333333333 0.5439814814814815 0.5778645833333333 0.5615740740740741 0.5815104166666667 0.5648148148148148 0.58515625 0.5606481481481481 0.5877604166666667 0.5504629629629629 0.590625 0.5467592592592593 0.5940104166666667 0.5287037037037037 0.5942708333333333 0.5199074074074074 0.5971354166666667 0.5101851851851852 0.6065104166666667 0.5023148148148148 0.6138020833333333 0.49027777777777776 0.6130208333333333 0.45925925925925926 0.6096354166666667 0.4513888888888889 0.6041666666666666 0.44675925925925924 0.6028645833333334 0.43703703703703706 0.60234375 0.4111111111111111 0.5994791666666667 0.39675925925925926 0.5927083333333333 0.38472222222222224 0.5765625 0.36944444444444446 0.5578125 0.36157407407407405 0.5450520833333333 0.36018518518518516 0.538671875 0.36157407407407405 0.5294940104166667 0.36123194444444445 0.52109375 0.3648148148148148 0.5151041666666667 0.3648148148148148 0.50859375 0.37037037037037035 0.5014578125 0.36572083333333333 0.49388072916666664 0.36033425925925927 0.4855455729166666 0.3553967592592593 0.47708333333333336 0.35833333333333334 0.4669270833333333 0.3662037037037037
0 0.30026041666666664 0.4546296296296296 0.3 0.46435185185185185 0.3028645833333333 0.4875 0.3072916666666667 0.4986111111111111 0.31588541666666664 0.5097222222222222 0.3182291666666667 0.5180555555555556 0.3260416666666667 0.562962962962963 0.33125 0.5787037037037037 0.33541666666666664 0.5879629629629629 0.3416666666666667 0.5935185185185186 0.35885416666666664 0.6027777777777777 0.3768229166666667 0.6027777777777777 0.38671875 0.5995370370370371 0.4010416666666667 0.5916666666666667 0.41458333333333336 0.5791666666666667 0.42421875 0.5611111111111111 0.4236979166666667 0.5337962962962963 0.42552083333333335 0.524074074074074 0.43645833333333334 0.5069444444444444 0.43671875 0.5013888888888889 0.4317708333333333 0.4703703703703704 0.4317708333333333 0.4648148148148148 0.43463541666666666 0.4527777777777778 0.4356770833333333 0.4412037037037037 0.4322916666666667 0.41203703703703703 0.42890625 0.4041666666666667 0.42083333333333334 0.39351851851851855 0.4010416666666667 0.3819444444444444 0.39140625 0.37962962962962965 0.37786458333333334 0.37962962962962965 0.36770833333333336 0.38287037037037036 0.35520833333333335 0.3824074074074074 0.3481768229166667 0.38816435185185183 0.3411046875 0.38232916666666666 0.33150677083333335 0.3733518518518519 0.3177083333333333 0.3763888888888889 0.3140625 0.3787037037037037 0.30833333333333335 0.38657407407407407 0.3078125 0.4009259259259259 0.30963541666666666 0.41388888888888886 0.31145833333333334 0.4185185185185185 0.30963541666666666 0.42685185185185187 0.30234375 0.44305555555555554
0 0.3421875 0.29444444444444445 0.3421875 0.29953703703703705 0.3453125 0.30787037037037035 0.35208333333333336 0.3125 0.3546875 0.3162037037037037 0.35572916666666665 0.3300925925925926 0.35911458333333335 0.3425925925925926 0.359375 0.35138888888888886 0.36223958333333334 0.3597222222222222 0.3776041666666667 0.3773148148148148 0.3997395833333333 0.3800925925925926 0.42135416666666664 0.3921296296296296 0.4322916666666667 0.40925925925925927 0.434375 0.4166666666666667 0.4375 0.44212962962962965 0.4390625 0.4462962962962963 0.44609375 0.44351851851851853 0.45390625 0.43657407407407406 0.46328125 0.425 0.4661458333333333 0.4046296296296296 0.46328125 0.38842592592592595 0.4635416666666667 0.37222222222222223 0.46484375 0.3662037037037037 0.46979166666666666 0.3597222222222222 0.47291666666666665 0.35185185185185186 0.47734375 0.3476851851851852 0.4875 0.33194444444444443 0.48932291666666666 0.32546296296296295 0.48854166666666665 0.3212962962962963 0.48463541666666665 0.31712962962962965 0.47109375 0.3101851851851852 0.46822916666666664 0.29305555555555557 0.46380208333333334 0.2851851851851852 0.45651041666666664 0.2777777777777778 0.44947916666666665 0.2726851851851852 0.4361979166666667 0.26805555555555555 0.41744791666666664 0.2671296296296296 0.4093643229166667 0.2701106481481481 0.40338541666666666 0.2708333333333333 0.39765625 0.2722222222222222 0.3768229166666667 0.28379629629629627 0.37109375 0.2810185185185185 0.36692708333333335 0.275 0.35911458333333335 0.2759259259259259 0.3453125 0.2861111111111111
0 0.209375 0.324537037037037 0.20989583333333334 0.3337962962962963 0.215540625 0.34540925925925925 0.22210755208333335 0.3512444444444444 0.22463333333333332 0.3745861111111111 0.23019010416666666 0.3867055555555555 0.23751484375 0.39209212962962964 0.25234375 0.45416666666666666 0.25859375 0.46435185185185185 0.26901041666666664 0.4689814814814815 0.27890625 0.4708333333333333 0.29635416666666664 0.4671296296296296 0.2989583333333333 0.46435185185185185 0.29973958333333334 0.45092592592592595 0.30182291666666666 0.4412037037037037 0.3106770833333333 0.4185185185185185 0.30833333333333335 0.41388888888888886 0.309375 0.4041666666666667 0.3078125 0.3972222222222222 0.30963541666666666 0.38425925925925924 0.31556093749999997 0.3786259259259259 0.3226330729166667 0.3759328703703704 0.3327361979166667 0.37413703703703705 0.33541666666666664 0.3592592592592593 0.34637526041666666 0.3498981481481481 0.3496588541666667 0.3395740740740741 0.355215625 0.3341875 0.3537 0.32386342592592593 0.34991145833333337 0.3211699074074074 0.34609375 0.32037037037037036 0.34010416666666665 0.3194444444444444 0.33627239583333335 0.3121925925925926 0.33255208333333336 0.30277777777777776 0.32083333333333336 0.29212962962962963 0.3104166666666667 0.2884259259259259 0.2872395833333333 0.2884259259259259 0.28151041666666665 0.2902777777777778 0.2669270833333333 0.29583333333333334 0.24609375 0.30833333333333335 0.240625 0.30925925925925923 0.23151041666666666 0.30694444444444446 0.22265625 0.30833333333333335 0.21276041666666667 0.31666666666666665
0 0.27683515625 0.25366342592592594 0.27890625 0.27361111111111114 0.2799479166666667 0.2777777777777778 0.28411458333333334 0.28379629629629627 0.29348958333333336 0.2875 0.3111979166666667 0.2875 0.3177083333333333 0.28935185185185186 0.33515625 0.30462962962962964 0.33655625 0.3173444444444445 0.3426989583333333 0.32068009259259256 0.35088932291666663 0.32431944444444444 0.3525955729166667 0.31825416666666667 0.3440640625 0.31431203703703703 0.340625 0.30092592592592593 0.3419270833333333 0.28564814814814815 0.34628229166666663 0.2833814814814815 0.35037734375 0.2797425925925926 0.3606153645833333 0.274587037037037 0.37375390625 0.2797425925925926 0.3735833333333333 0.26124444444444445 0.3763020833333333 0.25092592592592594 0.3776041666666667 0.24444444444444444 0.37552083333333336 0.22361111111111112 0.36953125 0.21342592592592594 0.36276041666666664 0.20833333333333334 0.35260416666666666 0.20462962962962963 0.33828125 0.20416666666666666 0.33177083333333335 0.20601851851851852 0.31588541666666664 0.2101851851851852 0.31354166666666666 0.2111111111111111 0.30833333333333335 0.2074074074074074 0.30755208333333334 0.2050925925925926 0.30364583333333334 0.2037037037037037 0.28932291666666665 0.2101851851851852 0.2857078125 0.2145449074074074 0.28536666666666666 0.2212162037037037 0.2874143229166667 0.2303134259259259 0.27990651041666664 0.24456620370370372
0 0.16119791666666666 0.27361111111111114 0.16145833333333334 0.2814814814814815 0.165625 0.29814814814814816 0.1734375 0.30648148148148147 0.1765625 0.31574074074074077 0.18515625 0.35555555555555557 0.19557291666666668 0.3726851851851852 0.21328125 0.3768518518518518 0.22161458333333334 0.375 0.22369791666666666 0.36944444444444446 0.22191640625 0.3509287037037037 0.21679765625 0.3457736111111111 0.2103135416666667 0.3381925925925926 0.209375 0.33101851851851855 0.20911458333333333 0.325 0.21145833333333333 0.31805555555555554 0.22259895833333332 0.30756481481481485 0.23255208333333333 0.30833333333333335 0.24443984375 0.3109004629629629 0.25774921875 0.30119675925925926 0.26645130208333334 0.2960416666666667 0.26510416666666664 0.2828703703703704 0.26276041666666666 0.2662037037037037 0.26276041666666666 0.2523148148148148 0.259375 0.2375 0.2557291666666667 0.23055555555555557 0.24114583333333334 0.22268518518518518 0.22291666666666668 0.22175925925925927 0.21328125 0.22453703703703703 0.20451197916666666 0.22750879629629628 0.19666302083333334 0.22114074074074072 0.19088541666666667 0.22268518518518518 0.18515625 0.22361111111111112 0.1734375 0.23425925925925925 0.175 0.24537037037037038 0.16979166666666667 0.2518518518518518 0.16614583333333333 0.26157407407407407 0.16302083333333334 0.2662037037037037
0 0.21807317708333332 0.19923101851851852 0.21926744791666666 0.2098449074074074 0.22302135416666669 0.221974537037037 0.24375 0.22314814814814815 0.2552083333333333 0.2310185185185185 0.2596354166666667 0.2375 0.26197916666666665 0.25092592592592594 0.26458333333333334 0.2625 0.26363177083333333 0.2689773148148148 0.265625 0.2759259259259259 0.26875 0.2791666666666667 0.27708333333333335 0.2800925925925926 0.2794270833333333 0.2763888888888889 0.27760416666666665 0.262037037037037 0.278125 0.24953703703703703 0.28463541666666664 0.23425925925925925 0.28717890625000003 0.231375 0.28530208333333335 0.21833564814814815 0.2875203125 0.2113611111111111 0.29383359374999996 0.20772222222222222 0.30390625 0.20277777777777778 0.3065104166666667 0.18518518518518517 0.30442708333333335 0.16898148148148148 0.296875 0.16064814814814815 0.284375 0.15648148148148147 0.26312005208333333 0.15980925925925926 0.25373515625 0.16132546296296296 0.25 0.15787037037037038 0.24114583333333334 0.15462962962962962 0.23411458333333332 0.15925925925925927 0.23087057291666666 0.16526805555555554 0.23087057291666666 0.17193935185185186 0.23046875 0.17546296296296296 0.22317708333333333 0.18425925925925926
0 0.11822916666666666 0.21296296296296297 0.11848958333333333 0.22037037037037038 0.12237317708333334 0.23706064814814817 0.12838541666666667 0.24074074074074073 0.13151041666666666 0.24953703703703703 0.14114583333333333 0.28935185185185186 0.1484375 0.3013888888888889 0.1609375 0.30277777777777776 0.16536458333333334 0.300462962962963 0.16145833333333334 0.2796296296296296 0.1625 0.2675925925925926 0.17135416666666667 0.24953703703703703 0.1750984375 0.24555185185185188 0.17441588541666667 0.23342175925925926 0.17936432291666668 0.2276601851851852 0.18380078125 0.22432453703703703 0.18880208333333334 0.22268518518518518 0.19642760416666669 0.21977592592592593 0.20001067708333334 0.22371805555555555 0.20103463541666666 0.21492407407407407 0.20598958333333334 0.20879629629629629 0.20755208333333333 0.2037037037037037 0.20755208333333333 0.19444444444444445 0.20494791666666667 0.18194444444444444 0.20026041666666666 0.17592592592592593 0.19479166666666667 0.17314814814814813 0.18046875 0.17083333333333334 0.16588541666666667 0.17222222222222222 0.15735286458333334 0.17610879629629628 0.15291640625 0.17368287037037036 0.14694427083333333 0.17004398148148148 0.13892447916666667 0.17277314814814815 0.13295234375 0.18035416666666668 0.13329375000000002 0.19005787037037036 0.12734375 0.19490740740740742
0 0.0018229166666666667 0.12268518518518519 0 0.12268518518518519 0 0.24027777777777778 0.015364583333333333 0.23425925925925925 0.023958333333333335 0.22777777777777777 0.030208333333333334 0.2199074074074074 0.03203125 0.21342592592592594 0.03125 0.20277777777777778 0.026041666666666668 0.17314814814814813 0.028125 0.16944444444444445 0.033854166666666664 0.16805555555555557 0.03984375 0.1625 0.04348958333333333 0.15138888888888888 0.044270833333333336 0.1439814814814815 0.043229166666666666 0.1375 0.03958333333333333 0.12916666666666668 0.03619791666666667 0.12777777777777777 0.025 0.13240740740740742 0.00703125 0.13194444444444445 0.005208333333333333 0.12453703703703704