1 0.27708333333333335 0.3384259259259259 0.27760416666666665 0.3509259259259259 0.27734375 0.3587962962962963 0.27578125 0.3662037037037037 0.2759286458333333 0.37566805555555555 0.28057031250000003 0.3808796296296296 0.2860666666666667 0.3839194444444444 0.29217421875 0.382399537037037 0.29713541666666665 0.3763888888888889 0.2981770833333333 0.37175925925925923 0.29713541666666665 0.3625 0.2950520833333333 0.3560185185185185 0.29348958333333336 0.33425925925925926 0.28984375 0.32916666666666666 0.2830729166666667 0.32916666666666666 0.27838541666666666 0.33287037037037037
1 0.44505208333333335 0.5185185185185185 0.44583333333333336 0.5370370370370371 0.4440356770833333 0.5566259259259259 0.44583333333333336 0.562962962962963 0.44947916666666665 0.5708333333333333 0.4532526041666667 0.5720476851851852 0.45975859375 0.5708430555555556 0.4635416666666667 0.5689814814814815 0.46802682291666664 0.5619273148148147 0.47100859375 0.5556620370370371 0.47046640624999997 0.5501199074074075 0.46588541666666666 0.5356481481481481 0.4640625 0.5148148148148148 0.4591145833333333 0.5087962962962963 0.45260416666666664 0.5083333333333333 0.4473958333333333 0.5120370370370371
1 0.58828125 0.3143518518518518 0.58828125 0.32685185185185184 0.5861979166666667 0.3416666666666667 0.5864583333333333 0.34814814814814815 0.5887947916666667 0.3522888888888889 0.5928609374999999 0.35590324074074076 0.6007223958333333 0.3556625 0.6051953124999999 0.35277083333333337 0.6065104166666667 0.3486111111111111 0.6065104166666667 0.3416666666666667 0.6049479166666667 0.33287037037037037 0.6044270833333333 0.31157407407407406 0.6018229166666667 0.30648148148148147 0.5940104166666667 0.3050925925925926 0.5903645833333333 0.30694444444444446
1 0.7934895833333333 0.5018518518518519 0.7932291666666667 0.5092592592592593 0.7956317708333334 0.5175898148148148 0.80173125 0.5231319444444444 0.8085083333333334 0.5253009259259259 0.8162343750000001 0.5221680555555556 0.8190807291666666 0.5149393518518518 0.81796875 0.4981481481481482 0.8200520833333333 0.48333333333333334 0.8205716145833333 0.47710787037037045 0.8161458333333333 0.46944444444444444 0.8111979166666666 0.4666666666666667 0.80390625 0.46805555555555556 0.8015625 0.4736111111111111 0.7984375 0.49212962962962964
1 0.86640625 0.30833333333333335 0.8666666666666667 0.3148148148148148 0.8699088541666666 0.32072268518518515 0.8741106770833333 0.32457824074074076 0.879396875 0.3260236111111111 0.88515625 0.32407407407407407 0.8879359375 0.31999953703703704 0.8880716145833334 0.3031324074074074 0.8916666666666667 0.2828703703703704 0.8893229166666666 0.2791666666666667 0.884375 0.2759259259259259 0.8763020833333334 0.27685185185185185 0.8731770833333333 0.2865740740740741 0.8716145833333333 0.2967592592592593
2 0.3348484375 0.38553472222222224 0.3366075520833334 0.3625157407407407 0.33761953125 0.34857407407407404 0.34217369791666663 0.3449763888888889 0.3467278645833333 0.34767453703703705 0.34748671875 0.3728597222222222 0.34773984375 0.38455231481481483 0.34293255208333334 0.39129861111111114 0.33812552083333336 0.3908486111111111
2 0.5118638020833334 0.5275518518518518 0.5076393229166667 0.5630949074074074 0.5104223958333333 0.5689416666666667 0.5152294270833333 0.5707402777777778 0.5218075520833333 0.5653435185185185 0.5243375 0.5293652777777779 0.5215544270833333 0.5244185185185185 0.5167473958333333 0.5226194444444444
2 0.6426848958333333 0.3246703703703704 0.6361658854166666 0.35711898148148147 0.6392020833333334 0.36341527777777777 0.6440091145833333 0.36476435185185185 0.6478041666666667 0.3638648148148148 0.6528643229166666 0.3287861111111111 0.65159921875 0.32338935185185186 0.6455270833333333 0.3224898148148148
2 0.8586903645833334 0.4835115740740741 0.8483239583333333 0.5124097222222223 0.8498419270833334 0.5209546296296296 0.8551549479166667 0.5263513888888889 0.8599619791666666 0.5259013888888888 0.8695763020833333 0.4890236111111111 0.8683111979166667 0.48407685185185184 0.86401015625 0.4804787037037037
2 0.9218744791666666 0.29250648148148145 0.9123341145833332 0.31902592592592594 0.91359921875 0.3289199074074074 0.92017734375 0.3320680555555556 0.9308036458333333 0.2996875 0.9290325520833334 0.2960898148148148 0.9254903645833333 0.29204212962962967
0 0.65234375 0.5601851851851852 0.6520833333333333 0.5814814814814815 0.6544270833333333 0.6166666666666667 0.66640625 0.6370370370370371 0.6684895833333333 0.6444444444444445 0.6778645833333333 0.6569444444444444 0.6854166666666667 0.6611111111111111 0.6895833333333333 0.6611111111111111 0.6958333333333333 0.663425925925926 0.6953125 0.6722222222222223 0.7 0.6921296296296297 0.7005208333333334 0.7027777777777777 0.7072916666666667 0.7212962962962963 0.7138020833333333 0.7337962962962963 0.71796875 0.7449074074074075 0.7377604166666667 0.7694444444444445 0.7630208333333334 0.7902777777777777 0.78671875 0.7939814814814815 0.8046875 0.7944444444444444 0.8276041666666667 0.7833333333333333 0.8359375 0.7754629629629629 0.8463541666666666 0.7592592592592593 0.8505208333333333 0.7513888888888889 0.8578125 0.7300925925925926 0.8673489583333333 0.6958708333333333 0.881159375 0.6853518518518518 0.889896875 0.6708259259259259 0.8966611979166667 0.6547972222222223 0.9022981770833333 0.6252444444444445 0.9068078125 0.6142245370370369 0.9214638020833333 0.6082138888888888 0.9325520833333333 0.5879629629629629 0.9346354166666667 0.5768518518518518 0.9403645833333333 0.5574074074074075 0.940625 0.5462962962962963 0.9424479166666667 0.5361111111111111 0.93984375 0.5236111111111111 0.9317708333333333 0.5087962962962963 0.9247395833333333 0.5 0.9036458333333334 0.4962962962962963 0.8786458333333333 0.5013888888888889 0.875 0.49953703703703706 0.8635416666666667 0.4828703703703704 0.85859375 0.48148148148148145 0.8458333333333333 0.4689814814814815 0.8223958333333333 0.4532407407407407 0.79765625 0.44351851851851853 0.7828125 0.44074074074074077 0.765625 0.44027777777777777 0.7393229166666667 0.44722222222222224 0.7234375 0.45694444444444443 0.7098958333333333 0.4726851851851852 0.7018229166666666 0.48935185185185187 0.6979166666666666 0.5013888888888889 0.6950520833333333 0.5152777777777777 0.6947916666666667 0.5268518518518519 0.68984375 0.5314814814814814 0.6864583333333333 0.5287037037037037 0.6833333333333333 0.5287037037037037 0.67890625 0.5342592592592592 0.6609375 0.5388888888888889 0.6578125 0.5425925925925926 0.6533854166666667 0.5523148148148148
0 0.7434895833333334 0.37407407407407406 0.74375 0.387037037037037 0.7653645833333333 0.4337962962962963 0.7755208333333333 0.43842592592592594 0.7984375 0.4412037037037037 0.8265625 0.4537037037037037 0.8453125 0.46805555555555556 0.8684895833333334 0.49166666666666664 0.8700520833333333 0.49537037037037035 0.87421875 0.4981481481481482 0.8807291666666667 0.49907407407407406 0.8971354166666666 0.49537037037037035 0.9174479166666667 0.4949074074074074 0.921875 0.49074074074074076 0.9255208333333333 0.4759259259259259 0.93203125 0.46064814814814814 0.9442708333333333 0.4476851851851852 0.9502604166666667 0.43842592592592594 0.9567708333333333 0.4166666666666667 0.9671875 0.4111111111111111 0.9817708333333334 0.387037037037037 0.98515625 0.3731481481481482 0.9885416666666667 0.36574074074074076 0.9916666666666667 0.3453703703703704 0.98984375 0.33796296296296297 0.9822916666666667 0.3226851851851852 0.9703125 0.31296296296296294 0.95234375 0.31296296296296294 0.94609375 0.31527777777777777 0.9427083333333334 0.32083333333333336 0.9390625 0.3212962962962963 0.9283854166666666 0.3101851851851852 0.9226346354166667 0.3056722222222222 0.9171875 0.29907407407407405 0.9041666666666667 0.2884259259259259 0.8953992187500001 0.28564814814814815 0.8888020833333333 0.2777777777777778 0.884375 0.2759259259259259 0.87578125 0.2759259259259259 0.8619791666666666 0.27175925925925926 0.83828125 0.2712962962962963 0.8208333333333333 0.27546296296296297 0.8067708333333333 0.2828703703703704 0.7955729166666666 0.29259259259259257 0.78984375 0.300462962962963 0.7864583333333334 0.30787037037037035 0.78046875 0.33611111111111114 0.7684895833333333 0.3351851851851852 0.753125 0.34074074074074073 0.7484375 0.3509259259259259 0.7473958333333334 0.3592592592592593
0 0.46197916666666666 0.3851851851851852 0.4609375 0.40925925925925927 0.46380208333333334 0.43194444444444446 0.4666666666666667 0.44027777777777777 0.478125 0.4625 0.48463541666666665 0.4703703703703704 0.4908854166666667 0.47453703703703703 0.4979166666666667 0.4708333333333333 0.5091145833333334 0.47175925925925927 0.5122395833333333 0.4703703703703704 0.5161458333333333 0.47314814814814815 0.51796875 0.47638888888888886 0.5171875 0.48009259259259257 0.5174479166666667 0.49444444444444446 0.5223958333333333 0.5018518518518519 0.5330729166666667 0.5125 0.5489583333333333 0.5347222222222222 0.5583333333333333 0.5356481481481481 0.5927083333333333 0.5319444444444444 0.6013020833333333 0.5365740740740741 0.60703125 0.5486111111111112 0.6096354166666667 0.5574074074074075 0.6114583333333333 0.5671296296296297 0.6127604166666667 0.5902777777777778 0.6161458333333333 0.5930555555555556 0.625 0.5888888888888889 0.63671875 0.5773148148148148 0.6479166666666667 0.5564814814814815 0.6528645833333333 0.5435185185185185 0.6536458333333334 0.5300925925925926 0.6578125 0.5083333333333333 0.65859375 0.49074074074074076 0.6609375 0.4837962962962963 0.6723958333333333 0.462037037037037 0.6763020833333333 0.45555555555555555 0.6807291666666667 0.4527777777777778 0.6963541666666667 0.4537037037037037 0.7098958333333333 0.43842592592592594 0.7169270833333333 0.425 0.7192708333333333 0.41805555555555557 0.7208333333333333 0.4115740740740741 0.7221354166666667 0.39444444444444443 0.7221354166666667 0.3787037037037037 0.7203125 0.3699074074074074 0.7166666666666667 0.362962962962963 0.70859375 0.35324074074074074 0.7010416666666667 0.3486111111111111 0.6934895833333333 0.34675925925925927 0.66796875 0.3486111111111111 0.6513020833333333 0.3263888888888889 0.6315104166666666 0.3101851851851852 0.6096354166666667 0.300462962962963 0.5908854166666667 0.29953703703703705 0.5856770833333333 0.2972222222222222 0.571875 0.29814814814814816 0.55703125 0.3023148148148148 0.5354166666666667 0.31574074074074077 0.52109375 0.33055555555555555 0.5111979166666667 0.3486111111111111 0.5075520833333333 0.3587962962962963 0.4700520833333333 0.36574074074074076 0.46458333333333335 0.3726851851851852
0 0.29635416666666664 0.6106481481481482 0.29453125 0.6300925925925925 0.296875 0.6467592592592593 0.29713541666666665 0.6620370370370371 0.3 0.6819444444444445 0.30572916666666666 0.6925925925925925 0.31796875 0.7050925925925926 0.3346354166666667 0.7166666666666667 0.3424479166666667 0.7134259259259259 0.36328125 0.711574074074074 0.36953125 0.7083333333333334 0.3734375 0.7111111111111111 0.37604166666666666 0.7486111111111111 0.37916666666666665 0.7657407407407407 0.38307291666666665 0.7824074074074074 0.3953125 0.8097222222222222 0.41119791666666666 0.8305555555555556 0.42942708333333335 0.8416666666666667 0.4317708333333333 0.8453703703703703 0.44947916666666665 0.8481481481481481 0.46770833333333334 0.8476851851851852 0.48671875 0.8425925925925926 0.5018229166666667 0.8319444444444445 0.5140625 0.8175925925925925 0.5229166666666667 0.8 0.5278645833333333 0.7949074074074074 0.53125 0.7828703703703703 0.5333333333333333 0.7796296296296297 0.5372395833333333 0.7592592592592593 0.5401041666666667 0.7513888888888889 0.5411458333333333 0.7342592592592593 0.5403645833333334 0.7231481481481481 0.5393229166666667 0.7203703703703703 0.5401041666666667 0.7162037037037037 0.5526041666666667 0.687037037037037 0.5575520833333333 0.6694444444444444 0.56171875 0.6643518518518519 0.5640625 0.6652777777777777 0.58359375 0.6611111111111111 0.6 0.6439814814814815 0.6127604166666667 0.6166666666666667 0.61015625 0.5666666666666667 0.6065104166666667 0.549537037037037 0.6026041666666667 0.5398148148148149 0.6002604166666666 0.5370370370370371 0.5953125 0.5342592592592592 0.5841145833333333 0.5333333333333333 0.55390625 0.538425925925926 0.5463541666666667 0.5375 0.5450520833333333 0.5328703703703703 0.53671875 0.5199074074074074 0.5255208333333333 0.5069444444444444 0.51328125 0.4962962962962963 0.48723958333333334 0.48333333333333334 0.46770833333333334 0.47824074074074074 0.4421875 0.48009259259259257 0.42083333333333334 0.48703703703703705 0.4041666666666667 0.4962962962962963 0.38203125 0.5171296296296296 0.37109375 0.5324074074074074 0.35911458333333335 0.5569444444444445 0.35625 0.5671296296296297 0.35703125 0.5712962962962963 0.35520833333333335 0.5745370370370371 0.33828125 0.5805555555555556 0.32760416666666664 0.5810185185185185 0.31197916666666664 0.5847222222222223 0.30390625 0.5884259259259259 0.30078125 0.5916666666666667 0.2981770833333333 0.5981481481481481
0 0.14895833333333333 0.41944444444444445 0.14817708333333332 0.4375 0.15104166666666666 0.4652777777777778 0.15442708333333333 0.47685185185185186 0.16119791666666666 0.4875 0.17526041666666667 0.5023148148148148 0.18203125 0.5074074074074074 0.20286458333333332 0.5027777777777778 0.20755208333333333 0.5027777777777778 0.21145833333333333 0.5055555555555555 0.22135416666666666 0.5180555555555556 0.22682291666666668 0.5504629629629629 0.23463541666666668 0.5879629629629629 0.24401041666666667 0.6050925925925926 0.25859375 0.6212962962962963 0.28567708333333336 0.6314814814814815 0.2911458333333333 0.6300925925925925 0.2942708333333333 0.624537037037037 0.29791666666666666 0.5967592592592592 0.30052083333333335 0.5907407407407408 0.3072916666666667 0.5842592592592593 0.3234375 0.5791666666666667 0.3458333333333333 0.5763888888888888 0.35442708333333334 0.5717592592592593 0.35494791666666664 0.5638888888888889 0.3606770833333333 0.549074074074074 0.37526041666666665 0.5212962962962963 0.37578125 0.48935185185185187 0.38177083333333334 0.48148148148148145 0.3971354166666667 0.4787037037037037 0.4078125 0.475 0.4127604166666667 0.47129629629629627 0.4234375 0.45 0.42682291666666666 0.44074074074074077 0.42942708333333335 0.4305555555555556 0.42994791666666665 0.4217592592592593 0.4270833333333333 0.38333333333333336 0.4244791666666667 0.37407407407407406 0.42109375 0.36944444444444446 0.4078125 0.36666666666666664 0.3763020833333333 0.3675925925925926 0.37552083333333336 0.3625 0.36692708333333335 0.35 0.35625 0.33935185185185185 0.34453125 0.33101851851851855 0.3255208333333333 0.32222222222222224 0.30520833333333336 0.31851851851851853 0.2755208333333333 0.32314814814814813 0.2591145833333333 0.3296296296296296 0.2453125 0.33796296296296297 0.23359375 0.34814814814814815 0.2203125 0.36342592592592593 0.21484375 0.3712962962962963 0.20677083333333332 0.3875 0.17421875 0.3902777777777778 0.15807291666666667 0.39537037037037037 0.15260416666666668 0.40370370370370373