0 0.165625 0.4791666666666667 0.1671875 0.6145833333333334 0.171875 0.6583333333333333 0.1796875 0.66875 0.1765625 0.6875 0.24375 0.75625 0.2703125 0.76875 0.3203125 0.7729166666666667 0.3640625 0.75 0.4046875 0.6916666666666667 0.4234375 0.6166666666666667 0.434375 0.5958333333333333 0.4625 0.5833333333333334 0.4734375 0.56875 0.4765625 0.55 0.4734375 0.5291666666666667 0.4609375 0.5083333333333333 0.4328125 0.50625 0.415625 0.49583333333333335 0.3953125 0.44583333333333336 0.3734375 0.41458333333333336 0.325 0.3854166666666667 0.296875 0.38333333333333336 0.2578125 0.39375 0.184375 0.45208333333333334
0 0.315625 0.18958333333333333 0.303125 0.24375 0.328125 0.32916666666666666 0.3671875 0.37083333333333335 0.4125 0.3770833333333333 0.4484375 0.39375 0.4765625 0.3958333333333333 0.521875 0.375 0.54375 0.3458333333333333 0.5578125 0.30833333333333335 0.5984375 0.275 0.603125 0.2625 0.5984375 0.20833333333333334 0.5578125 0.19375 0.5453125 0.14583333333333334 0.528125 0.1125 0.5 0.07916666666666666 0.4640625 0.0625 0.4390625 0.0625 0.40625 0.08125 0.36875 0.125 0.334375 0.15208333333333332
0 0.4796875 0.46458333333333335 0.4875 0.5708333333333333 0.5046875 0.6125 0.5171875 0.625 0.5515625 0.6333333333333333 0.584375 0.6604166666666667 0.5984375 0.6625 0.640625 0.6583333333333333 0.6703125 0.6291666666666667 0.6859375 0.58125 0.69375 0.5291666666666667 0.7171875 0.5166666666666667 0.725 0.4875 0.715625 0.46041666666666664 0.684375 0.44375 0.6734375 0.41041666666666665 0.653125 0.3770833333333333 0.6296875 0.3625 0.59375 0.3645833333333333 0.54140625 0.39791666666666664 0.5140625 0.40625 0.4921875 0.43125
0 0.5921875 0.19166666666666668 0.6078125 0.23333333333333334 0.6046875 0.275 0.5921875 0.275 0.5859375 0.28958333333333336 0.5875 0.3 0.59375 0.30416666666666664 0.6046875 0.3416666666666667 0.625 0.35833333333333334 0.6734375 0.3625 0.7015625 0.37916666666666665 0.73125 0.375 0.753125 0.35 0.7671875 0.29791666666666666 0.7765625 0.28958333333333336 0.7796875 0.29375 0.7953125 0.26458333333333334 0.7859375 0.23333333333333334 0.7625 0.22291666666666668 0.75625 0.19583333333333333 0.734375 0.14791666666666667 0.70625 0.12083333333333333 0.684375 0.12083333333333333 0.6421875 0.15416666666666667 0.6109375 0.16458333333333333
0 0.7 0.43125 0.7015625 0.45416666666666666 0.715625 0.4583333333333333 0.7234375 0.47291666666666665 0.7203125 0.5166666666666667 0.6984375 0.5270833333333333 0.7 0.5416666666666666 0.7171875 0.56875 0.7421875 0.58125 0.76875 0.58125 0.7921875 0.6 0.8171875 0.5979166666666667 0.834375 0.5791666666666667 0.846875 0.5458333333333333 0.8578125 0.475 0.853125 0.4708333333333333 0.840625 0.40625 0.8234375 0.375 0.809375 0.36666666666666664 0.7859375 0.36666666666666664 0.759375 0.39166666666666666 0.7375 0.3854166666666667 0.7203125 0.39791666666666664
0 0.765625 0.21875 0.7828125 0.22916666666666666 0.790625 0.24583333333333332 0.790625 0.26875 0.7703125 0.28541666666666665 0.7625 0.31875 0.7625 0.33125 0.7734375 0.35208333333333336 0.7875 0.3645833333333333 0.8328125 0.36666666666666664 0.8484375 0.37916666666666665 0.8765625 0.3729166666666667 0.890625 0.3375 0.89375 0.2708333333333333 0.88125 0.21875 0.8640625 0.18541666666666667 0.840625 0.17291666666666666 0.809375 0.19791666666666666 0.778125 0.20416666666666666
0 0.8453125 0.3854166666666667 0.8390625 0.39791666666666664 0.8546875 0.46875 0.8609375 0.475 0.8546875 0.49375 0.853125 0.53125 0.8890625 0.5354166666666667 0.9 0.5458333333333333 0.921875 0.5395833333333333 0.9359375 0.5083333333333333 0.9359375 0.42291666666666666 0.921875 0.38125 0.9140625 0.37083333333333335 0.90625 0.37083333333333335
0 0.8890625 0.22916666666666666 0.896875 0.26875 0.8875 0.35833333333333334 0.89375 0.3645833333333333 0.9265625 0.3645833333333333 0.9453125 0.3729166666666667 0.959375 0.35625 0.9640625 0.33125 0.9578125 0.25625 0.946875 0.225 0.9359375 0.2125 0.9234375 0.2125 0.9078125 0.22916666666666666
0 0.9359375 0.38125 0.93125 0.4 0.9375 0.42916666666666664 0.9375 0.50625 0.9765625 0.5166666666666667 0.990625 0.5125 0.9984375 0.5 0.9953125 0.38958333333333334 0.9796875 0.36875 0.9546875 0.36875
0 0.9609375 0.24583333333333332 0.965625 0.31875 0.9609375 0.35625 0.9984375 0.3625 0.9984375 0.23541666666666666
1 0.3234375 0.5666666666666667 0.321875 0.5854166666666667 0.3296875 0.5958333333333333 0.365625 0.6 0.371875 0.5895833333333333 0.371875 0.575 0.365625 0.5645833333333333 0.33125 0.55625
2 0.390625 0.55625 0.390625 0.5770833333333333 0.41875 0.5729166666666666 0.415625 0.55625
1 0.490625 0.20625 0.4890625 0.225 0.496875 0.23333333333333334 0.525 0.225 0.5328125 0.20833333333333334 0.5265625 0.19375 0.5109375 0.19375
1 0.64375 0.5020833333333333 0.640625 0.5104166666666666 0.640625 0.5145833333333333 0.6413984375 0.522025 0.6480203125 0.5295145833333333 0.65685 0.5332583333333333 0.665278125 0.5252354166666666 0.679525 0.5238979166666666 0.680128125 0.51159375 0.6799265625 0.5030354166666666 0.675 0.4979166666666667 0.6614656250000001 0.4976854166666667 0.6578125 0.49583333333333335 0.65504375 0.49394166666666667 0.65 0.49375
2 0.68125 0.49375 0.678125 0.4979166666666667 0.679325 0.5008958333333333 0.6796875 0.50625 0.68125 0.5104166666666666 0.684375 0.5104166666666666 0.68715 0.5099895833333333 0.6921875 0.5083333333333333 0.694575 0.5081166666666667 0.696875 0.5041666666666667 0.696875 0.4979166666666667 0.6953125 0.49375 0.690625 0.49375 0.6875 0.49375
2 0.7457265625 0.25315625 0.7497906249999999 0.2565 0.7608265624999999 0.25542916666666665 0.7738703124999999 0.25302291666666665 0.7744718749999999 0.24901041666666668 0.7748734374999999 0.2412541666666667 0.7702578124999999 0.23911458333333335 0.7620312499999999 0.24071875 0.75861875 0.243125 0.7572140625 0.24687083333333334 0.7554093749999999 0.24954583333333333 0.7521984374999999 0.25115000000000004
1 0.760771875 0.23911458333333335 0.7602249999999999 0.23403125 0.7568140624999999 0.22868333333333332 0.7505921875 0.22868333333333332 0.7413624999999999 0.2294854166666667 0.73594375 0.22921666666666668 0.7319312499999999 0.22841458333333334 0.7281187499999999 0.2356375 0.7257109374999999 0.24366041666666666 0.727315625 0.25088333333333335 0.7309281249999999 0.25462708333333334 0.7343390624999999 0.25890625 0.7379515624999999 0.2591729166666667 0.7439703125 0.25596458333333333 0.7473828124999999 0.25355625 0.7525999999999999 0.25061458333333336 0.755809375 0.24901041666666668 0.7578171874999999 0.24553333333333333 0.7590203125 0.24339375
1 0.8283015625000001 0.4982875 0.8423468749999999 0.49588125 0.8501734375 0.49267083333333334 0.8547890625000001 0.49347291666666665 0.8543875 0.48223958333333333 0.8541874999999999 0.4739479166666667 0.8509765625 0.4707395833333334 0.8423468749999999 0.4712729166666667 0.8393375000000001 0.4707395833333334 0.8333171875 0.46565625 0.8268968750000001 0.46752916666666666 0.8232843750000001 0.4734125 0.8238859375 0.48384375 0.825090625 0.4937416666666667
1 0.878371875 0.28357916666666666 0.8849875 0.28090625 0.889803125 0.28010208333333336 0.8928140625 0.27903333333333336 0.8948203124999999 0.276625 0.8952218750000001 0.27074166666666666 0.89421875 0.2656604166666667 0.889803125 0.2629854166666667 0.8843859374999999 0.2621833333333333 0.87916875 0.2635208333333333 0.874753125 0.26245 0.8721453125 0.2645895833333333 0.87174375 0.2734166666666667 0.87355 0.28251041666666665 0.8767609375 0.28491666666666665
2 0.8816328125 0.2825770833333333 0.8902046875 0.28411458333333334 0.897028125 0.28304583333333333 0.8988343750000001 0.28143958333333335 0.8976296874999999 0.27742916666666667 0.895421875 0.27742916666666667 0.8930140625 0.27823125 0.89060625 0.28010208333333336 0.88699375 0.28010208333333336