1 0.4652777777777778 0.14296875 0.4618467592592593 0.1509322916666667 0.4645916666666667 0.15710859375 0.46870925925925927 0.161740625 0.4736111111111111 0.16458333333333333 0.4791666666666667 0.16875 0.4875 0.17239583333333333 0.49537037037037035 0.171875 0.5175925925925926 0.16197916666666667 0.5254629629629629 0.16145833333333334 0.5416666666666666 0.1578125 0.5467592592592593 0.15572916666666667 0.5486111111111112 0.153125 0.549074074074074 0.14791666666666667 0.5462962962962963 0.140625 0.5407407407407407 0.13359375 0.5352754629629629 0.1300875 0.5181189814814815 0.13163151041666665 0.5018518518518519 0.13541666666666666 0.47962962962962963 0.1359375 0.4740740740740741 0.13697916666666668 0.4689814814814815 0.13932291666666666
1 0.6416444444444445 0.13124531250000002 0.6423180555555555 0.1367731770833333 0.6449583333333333 0.13986744791666667 0.6471587962962964 0.1437046875 0.6495796296296297 0.1455611979166667 0.6522199074074074 0.14766536458333332 0.6590416666666666 0.14927447916666667 0.6766453703703704 0.142590625 0.6869875 0.14098151041666668 0.6992810185185184 0.13815572916666669 0.7034476851851851 0.13372864583333335 0.7017305555555556 0.12588072916666668 0.6938087962962963 0.11932057291666666 0.6829300925925925 0.12037421875000001 0.6711439814814815 0.12253880208333333 0.6630023148148149 0.12191979166666668 0.6504597222222221 0.12402421875 0.6438583333333333 0.12513802083333334
1 0.44152592592592593 0.65116015625 0.4429736111111111 0.655503125 0.4449037037037037 0.6584888020833334 0.4462962962962963 0.6611979166666667 0.4527777777777778 0.6682291666666667 0.46296296296296297 0.6734375 0.48055555555555557 0.6716145833333333 0.5060185185185185 0.66640625 0.5189814814814815 0.6669270833333333 0.5393518518518519 0.6658854166666667 0.5462962962962963 0.6572916666666667 0.5481481481481482 0.6518229166666667 0.5449074074074074 0.640625 0.5402777777777777 0.6354166666666666 0.5370370370370371 0.6341145833333334 0.5216277777777777 0.6335171875000001 0.5087962962962963 0.6333333333333333 0.4955703703703704 0.63297421875 0.4675925925925926 0.6296875 0.4597222222222222 0.6296875 0.4537037037037037 0.63203125 0.4439814814814815 0.6421875 0.44249074074074074 0.6468171875
1 0.6437111111111111 0.47608802083333335 0.646123611111111 0.4855880208333333 0.6504666666666666 0.4918307291666667 0.6578703703703703 0.4953125 0.6671296296296296 0.4947916666666667 0.6847268518518519 0.4899307291666667 0.6995370370370371 0.4890625 0.7092592592592593 0.48776041666666664 0.7134259259259259 0.48333333333333334 0.7129629629629629 0.47369791666666666 0.711574074074074 0.4705729166666667 0.7064814814814815 0.46640625 0.6912037037037037 0.46640625 0.6799013888888888 0.46740208333333333 0.6537037037037037 0.46536458333333336 0.6486111111111111 0.4671875
2 0.6314837962962964 0.19741770833333333 0.6782722222222222 0.19372421874999998 0.6799138888888889 0.18495260416666665 0.6708847222222223 0.17802760416666666 0.6150666666666668 0.18264427083333334 0.6117828703703704 0.19233932291666667
2 0.4492541666666667 0.21819270833333335 0.46895462962962964 0.21865442708333335 0.501788888888889 0.21773098958333334 0.5124597222222222 0.22096276041666665 0.5141013888888889 0.22973463541666667 0.5075347222222223 0.23527447916666666 0.4796259259259259 0.23850625 0.45089583333333333 0.24127630208333334 0.4410458333333333 0.23296614583333333
2 0.6311749999999999 0.5404682291666667 0.6508759259259259 0.5413916666666666 0.6730388888888889 0.54323828125 0.6861722222222223 0.5441617187500001 0.6886351851851852 0.5524718750000001 0.6787847222222222 0.5593968749999999 0.6270708333333334 0.5575502604166667 0.6221458333333334 0.5473934895833333
2 0.4280550925925926 0.7406833333333334 0.4653629629629629 0.7468348958333333 0.49819722222222224 0.75098984375 0.5047638888888889 0.7625317708333333 0.4990180555555555 0.77361171875 0.42103703703703704 0.7694567708333333 0.4144699074074074 0.75791484375
0 0.005555555555555556 0.5515625 0 0.5552083333333333 0 0.7794270833333333 0.005555555555555556 0.78359375 0.0125 0.7859375 0.02824074074074074 0.7942708333333334 0.055092592592592596 0.8013020833333333 0.08981481481481482 0.8052083333333333 0.12314814814814815 0.8057291666666667 0.1361111111111111 0.8080729166666667 0.14027777777777778 0.8067708333333333 0.14351851851851852 0.8078125 0.1476851851851852 0.8067708333333333 0.15416666666666667 0.80859375 0.16203703703703703 0.8075520833333333 0.17916666666666667 0.8080729166666667 0.20092592592592592 0.8111979166666666 0.20185185185185187 0.8234375 0.1962962962962963 0.8643229166666667 0.19768518518518519 0.87265625 0.1925925925925926 0.8833333333333333 0.1925925925925926 0.8872395833333333 0.19583333333333333 0.8932291666666666 0.19907407407407407 0.8979166666666667 0.23194444444444445 0.9255208333333333 0.274537037037037 0.9463541666666667 0.28888888888888886 0.9473958333333333 0.29907407407407405 0.9494791666666667 0.3453703703703704 0.9486979166666667 0.3560185185185185 0.9497395833333333 0.38564814814814813 0.946875 0.4041666666666667 0.9427083333333334 0.4134259259259259 0.93828125 0.4217592592592593 0.9317708333333333 0.4273148148148148 0.9182291666666667 0.4337962962962963 0.8747395833333333 0.43194444444444446 0.859375 0.43333333333333335 0.8291666666666667 0.43657407407407406 0.8203125 0.4425925925925926 0.8174479166666667 0.44583333333333336 0.8182291666666667 0.4601851851851852 0.809375 0.47824074074074074 0.7921875 0.4898148148148148 0.7794270833333333 0.5027777777777778 0.7567708333333333 0.5092592592592593 0.75 0.5208333333333334 0.72109375 0.525 0.7005208333333334 0.5273148148148148 0.6729166666666667 0.5231481481481481 0.6302083333333334 0.5166666666666667 0.6057291666666667 0.5106481481481482 0.5911458333333334 0.49074074074074076 0.5575520833333333 0.4810185185185185 0.5442708333333334 0.4675925925925926 0.5299479166666666 0.4497685185185185 0.516796875 0.4444444444444444 0.5111979166666667 0.4444444444444444 0.47317708333333336 0.4476851851851852 0.4703125 0.4476851851851852 0.4666666666666667 0.44305555555555554 0.4609375 0.4449074074074074 0.4513020833333333 0.4444444444444444 0.43671875 0.43703703703703706 0.4244791666666667 0.425 0.41692708333333334 0.4041666666666667 0.4075520833333333 0.3939814814814815 0.4046875 0.37824074074074077 0.4041666666666667 0.36435185185185187 0.40572916666666664 0.3194444444444444 0.40677083333333336 0.3074074074074074 0.40911458333333334 0.2796296296296296 0.4203125 0.2657407407407407 0.4276041666666667 0.24537037037037038 0.4427083333333333 0.25092592592592594 0.44635416666666666 0.24953703703703703 0.44921875 0.25046296296296294 0.45598958333333334 0.24537037037037038 0.4596354166666667 0.2412037037037037 0.45859375 0.23935185185185184 0.47109375 0.23981481481481481 0.47317708333333336 0.24212962962962964 0.47421875 0.24074074074074073 0.4765625 0.2462962962962963 0.48489583333333336 0.23935185185185184 0.4856770833333333 0.23472222222222222 0.48984375 0.2199074074074074 0.4979166666666667 0.21296296296296297 0.49973958333333335 0.18796296296296297 0.515625 0.16157407407407406 0.5174479166666667 0.13333333333333333 0.5221354166666666 0.10416666666666667 0.52578125 0.08888888888888889 0.5265625 0.05694444444444444 0.5309895833333333 0.03935185185185185 0.5354166666666667 0.019444444444444445 0.5434895833333333
0 0.5009259259259259 0.33489583333333334 0.49027777777777776 0.3419270833333333 0.48564814814814816 0.3489583333333333 0.4898148148148148 0.3697916666666667 0.4722222222222222 0.38645833333333335 0.40370370370370373 0.4 0.4009259259259259 0.40078125 0.4009259259259259 0.4044270833333333 0.43425925925925923 0.4205729166666667 0.44814814814814813 0.4359375 0.44814814814814813 0.45416666666666666 0.449537037037037 0.45651041666666664 0.44583333333333336 0.46015625 0.45092592592592595 0.46640625 0.45092592592592595 0.4713541666666667 0.44814814814814813 0.4747395833333333 0.449537037037037 0.47760416666666666 0.44814814814814813 0.51015625 0.4513888888888889 0.5153645833333333 0.4648148148148148 0.5244791666666667 0.4740740740740741 0.53359375 0.49166666666666664 0.5536458333333333 0.49444444444444446 0.5606770833333333 0.5226851851851851 0.6044921875 0.524074074074074 0.6197916666666666 0.5273148148148148 0.6302083333333334 0.5291666666666667 0.6317708333333333 0.5402777777777777 0.6338541666666667 0.5449074074074074 0.63828125 0.549537037037037 0.6479166666666667 0.549537037037037 0.6557291666666667 0.5439814814814815 0.66484375 0.5444444444444444 0.6684895833333333 0.5504629629629629 0.671875 0.5657407407407408 0.6747395833333333 0.5810185185185185 0.6744791666666666 0.5949074074074074 0.6723958333333333 0.6194444444444445 0.6721354166666667 0.6268518518518519 0.6700520833333333 0.6328703703703704 0.66484375 0.640300462962963 0.6058721354166666 0.6673837962962963 0.5825205729166666 0.6818282407407408 0.5561231770833334 0.6872449074074074 0.52464921875 0.6827310185185186 0.4911447916666667 0.6755087962962962 0.4586557291666667 0.6574532407407407 0.42159765625 0.6412032407407408 0.3992614583333333 0.6294671296296296 0.38910859374999995 0.625 0.3651041666666667 0.6300925925925925 0.3640625 0.6342592592592593 0.35859375 0.6222222222222222 0.3375 0.6240740740740741 0.3346354166666667 0.6203703703703703 0.328125 0.6083333333333333 0.31796875 0.5930555555555556 0.31354166666666666 0.5365740740740741 0.31692708333333336 0.5236111111111111 0.32109375
0 0.26481481481481484 0.9888020833333333 0.26435185185185184 0.9997395833333333 0.6569444444444444 0.9997395833333333 0.6555555555555556 0.9908854166666666 0.6476851851851851 0.9739583333333334 0.6310185185185185 0.9505208333333334 0.6291666666666667 0.9411458333333333 0.625462962962963 0.940625 0.6231481481481481 0.9388020833333334 0.6152777777777778 0.9375 0.6060185185185185 0.9286458333333333 0.5916666666666667 0.9205729166666666 0.5796296296296296 0.9169270833333333 0.5685185185185185 0.915625 0.5601851851851852 0.9125 0.5587962962962963 0.8973958333333333 0.5615740740740741 0.8940104166666667 0.5652777777777778 0.8783854166666667 0.5703703703703704 0.8744791666666667 0.5814814814814815 0.86953125 0.5847222222222223 0.8658854166666666 0.5921296296296297 0.8528645833333334 0.5916666666666667 0.8453125 0.5879629629629629 0.8434895833333333 0.5685185185185185 0.8408854166666667 0.5527777777777778 0.84140625 0.5430555555555555 0.8440104166666667 0.5222222222222223 0.8513020833333333 0.5097222222222222 0.8575520833333333 0.4689814814814815 0.8822916666666667 0.4648148148148148 0.88671875 0.4615740740740741 0.8953125 0.4583333333333333 0.9216145833333333 0.4587962962962963 0.9325520833333333 0.4537037037037037 0.93515625 0.425 0.934375 0.4074074074074074 0.9434895833333333 0.3939814814814815 0.9466145833333334 0.3875 0.9502604166666667 0.3398148148148148 0.953125 0.3384259259259259 0.95234375 0.32685185185185184 0.95234375 0.32314814814814813 0.95390625 0.31712962962962965 0.9528645833333333 0.29768518518518516 0.9604166666666667 0.28888888888888886 0.9666666666666667
0 0.04027777777777778 0.14713541666666666 0.03935185185185185 0.16276041666666666 0.04212962962962963 0.18984375 0.04675925925925926 0.20234375 0.053703703703703705 0.21015625 0.05694444444444444 0.22057291666666667 0.07037037037037037 0.23776041666666667 0.07314814814814814 0.24427083333333333 0.08101851851851852 0.25052083333333336 0.08703703703703704 0.25885416666666666 0.12824074074074074 0.29140625 0.15416666666666667 0.30390625 0.1962962962962963 0.3151041666666667 0.20972222222222223 0.31744791666666666 0.2310185185185185 0.3182291666666667 0.23425925925925925 0.31927083333333334 0.2462962962962963 0.3190104166666667 0.25972222222222224 0.31640625 0.2625 0.3177083333333333 0.2689814814814815 0.3265625 0.2791666666666667 0.33255208333333336 0.29953703703703705 0.3424479166666667 0.3050925925925926 0.34401041666666665 0.31296296296296294 0.3489583333333333 0.3560185185185185 0.3697916666666667 0.38055555555555554 0.37916666666666665 0.38935185185185184 0.3796875 0.4041666666666667 0.37734375 0.42083333333333334 0.37213541666666666 0.43194444444444446 0.37213541666666666 0.4425925925925926 0.3703125 0.44722222222222224 0.36822916666666666 0.4527777777777778 0.3614583333333333 0.45787037037037037 0.33541666666666664 0.45787037037037037 0.31875 0.46064814814814814 0.31484375 0.48009259259259257 0.31197916666666664 0.487962962962963 0.3098958333333333 0.49583333333333335 0.3059895833333333 0.5060185185185185 0.29791666666666666 0.5138888888888888 0.28932291666666665 0.5263888888888889 0.27005208333333336 0.5342592592592592 0.24401041666666667 0.5328703703703703 0.209375 0.5268518518518519 0.19166666666666668 0.5273148148148148 0.16536458333333334 0.5060185185185185 0.12604166666666666 0.500462962962963 0.12473958333333333 0.49537037037037035 0.11380208333333333 0.48703703703703705 0.10625 0.4847222222222222 0.09791666666666667 0.4773148148148148 0.08854166666666667 0.47685185185185186 0.08489583333333334 0.4666666666666667 0.075 0.46620370370370373 0.06692708333333333 0.475 0.03984375 0.4708333333333333 0.034375 0.4740740740740741 0.0328125 0.4726851851851852 0.029166666666666667 0.475 0.025260416666666667 0.47129629629629627 0.023177083333333334 0.4740740740740741 0.019270833333333334 0.4722222222222222 0.014583333333333334 0.4671296296296296 0.010416666666666666 0.4638888888888889 0.011197916666666667 0.4587962962962963 0.009375 0.4601851851851852 0.004166666666666667 0.4583333333333333 0 0.3597222222222222 0 0.3560185185185185 0.00390625 0.3472222222222222 0.0033854166666666668 0.3453703703703704 0.00234375 0.32314814814814813 0.002864583333333333 0.2967592592592593 0.007291666666666667 0.29305555555555557 0.008854166666666666 0.28935185185185186 0.008333333333333333 0.26157407407407407 0.01484375 0.24444444444444444 0.022135416666666668 0.2375 0.0265625 0.22314814814814815 0.04375 0.13935185185185187 0.07630208333333334 0.1300925925925926 0.078125 0.12453703703703704 0.08072916666666667 0.08842592592592592 0.09140625 0.07407407407407407 0.09921875 0.05694444444444444 0.11354166666666667 0.05138888888888889 0.12447916666666667 0.046296296296296294 0.13046875
0 0.4847222222222222 0.0703125 0.4847222222222222 0.09401041666666667 0.4986111111111111 0.12265625 0.5013888888888889 0.12526041666666668 0.5050925925925925 0.12708333333333333 0.5069444444444444 0.12682291666666667 0.5083333333333333 0.13020833333333334 0.5125 0.1296875 0.5148148148148148 0.13151041666666666 0.5171296296296296 0.13151041666666666 0.5263888888888889 0.12942708333333333 0.5370370370370371 0.13151041666666666 0.5421296296296296 0.13489583333333333 0.549074074074074 0.14635416666666667 0.549537037037037 0.15078125 0.5472222222222223 0.15546875 0.5277777777777778 0.1609375 0.5222222222222223 0.16432291666666668 0.5282407407407408 0.19322916666666667 0.5333333333333333 0.20677083333333332 0.5351851851851852 0.22161458333333334 0.5351851851851852 0.24322916666666666 0.5287037037037037 0.265625 0.5287037037037037 0.27239583333333334 0.5356481481481481 0.2796875 0.5467592592592593 0.2864583333333333 0.5638888888888889 0.29348958333333336 0.5722222222222222 0.2953125 0.5782407407407407 0.2953125 0.5939814814814814 0.2921875 0.6018518518518519 0.2890625 0.611574074074074 0.28958333333333336 0.6222222222222222 0.28619791666666666 0.6268518518518519 0.2799479166666667 0.6287037037037037 0.26588541666666665 0.6319444444444444 0.2598958333333333 0.6351851851851852 0.25677083333333334 0.6476851851851851 0.2518229166666667 0.6555555555555556 0.24609375 0.6680555555555555 0.22994791666666667 0.674074074074074 0.21692708333333333 0.675 0.19479166666666667 0.6726851851851852 0.17161458333333332 0.6675925925925926 0.15 0.6537037037037037 0.11848958333333333 0.6523148148148148 0.11171875 0.6263888888888889 0.07057291666666667 0.6310185185185185 0.06744791666666666 0.6324074074074074 0.061197916666666664 0.6365740740740741 0.0578125 0.6365740740740741 0.052083333333333336 0.6263888888888889 0.0328125 0.6185185185185185 0.028385416666666666 0.6199074074074075 0.025260416666666667 0.6083333333333333 0.013020833333333334 0.5949074074074074 0.010677083333333334 0.5736111111111111 0.0140625 0.5578703703703703 0.019270833333333334 0.5481481481481482 0.0265625 0.5222222222222223 0.03177083333333333 0.5055555555555555 0.0375 0.49722222222222223 0.042708333333333334 0.49166666666666664 0.04973958333333333 0.48657407407407405 0.06041666666666667