1 0.3388200520833333 0.38312685185185186 0.33767604166666665 0.3729587962962963 0.33630338541666666 0.3701115740740741 0.33287187500000004 0.36929814814814815 0.3301265625 0.3705185185185185 0.32715234375 0.37255185185185186 0.32555078125 0.37702592592592593 0.32715234375 0.3884138888888889 0.32669479166666665 0.4010222222222222 0.3292114583333333 0.40508935185185185 0.3333294270833333 0.40630925925925926 0.33767604166666665 0.40549583333333333 0.3413364583333333 0.40224212962962963 0.34453932291666667 0.3993953703703704
1 0.40493489583333336 0.5054736111111111 0.4090026041666667 0.5065583333333333 0.41185 0.5098125 0.41307031250000004 0.5264449074074075 0.41774791666666666 0.538376388888889 0.41713776041666667 0.5445231481481482 0.41510416666666666 0.5481388888888888 0.4106296875 0.5510314814814815 0.4055450520833333 0.5521162037037036 0.40025703125 0.5499467592592593 0.39700286458333334 0.5456078703703703 0.39903671874999996 0.5315069444444445 0.39720625 0.5155976851851852 0.3984265625 0.5098125 0.4010705729166667 0.5072814814814816
1 0.5424216145833333 0.383625 0.5424216145833333 0.3944722222222222 0.5391674479166666 0.40821157407407405 0.5403877604166667 0.41291203703703705 0.54445546875 0.4161662037037037 0.5485231770833334 0.41797407407407405 0.552590625 0.41580462962962966 0.55564140625 0.41110416666666666 0.5540143229166666 0.3991722222222222 0.5542177083333333 0.38434814814814816 0.5534041666666667 0.3810939814814815 0.5513705729166667 0.3792861111111111 0.5489299479166667 0.378562962962963 0.5452690104166666 0.3792861111111111
1 0.6770609375000001 0.5557319444444445 0.6815354166666666 0.543438425925926 0.6833658854166667 0.5275296296296296 0.6858065104166666 0.5235523148148148 0.6894671875 0.5224675925925926 0.6939416666666667 0.5239138888888889 0.6969924479166667 0.5260833333333333 0.6998398437500001 0.5318685185185186 0.6978059895833333 0.5481388888888888 0.6996364583333333 0.5636865740740741 0.69861953125 0.5676638888888889 0.6947552083333334 0.5705560185185186 0.6902807291666666 0.572725462962963 0.6841794270833332 0.5712791666666667 0.6799083333333333 0.5665791666666666 0.6770609375000001 0.5611555555555555
1 0.7864807291666666 0.38181712962962966 0.7903450520833334 0.3829018518518518 0.79359921875 0.38507129629629633 0.7950229166666667 0.3890486111111111 0.7921755208333334 0.40314953703703704 0.7929890625 0.4172509259259259 0.7907518229166667 0.4212282407407407 0.78749765625 0.42339768518518517 0.7838369791666667 0.4237592592592593 0.7783455729166667 0.42158981481481483 0.7761083333333333 0.41797407407407405 0.7732609375 0.41327361111111116 0.7728541666666667 0.41110416666666666 0.7783455729166667 0.3998953703703704 0.7807861979166667 0.38543287037037033 0.7830234375 0.3821787037037037 0.7862773437499999 0.3810939814814815
2 0.4488619791666667 0.5614138888888889 0.455759375 0.5608699074074074 0.45755989583333334 0.555749074074074 0.4564796875 0.5339851851851851 0.455759375 0.5275842592592593 0.45251848958333335 0.5243837962962964 0.44819713541666667 0.5275842592592593 0.44603671875 0.5538287037037037
2 0.36725104166666667 0.4163277777777778 0.37221484375 0.4174861111111111 0.37473567708333333 0.41300555555555557 0.3732953125 0.3893217592592592 0.37149479166666666 0.3848407407407407 0.36789375 0.3848407407407407 0.3657330729166667 0.39060185185185187 0.36501276041666664 0.41108518518518516
2 0.5795979166666666 0.4226666666666667 0.5825166666666667 0.42836805555555557 0.5871981770833333 0.4277277777777778 0.5889986979166667 0.4174861111111111 0.59079921875 0.40404398148148146 0.59079921875 0.3995634259259259 0.5871981770833333 0.396362962962963 0.5825166666666667 0.4002032407407407
2 0.7281611979166667 0.5755 0.7312403645833334 0.5787925925925926 0.7380822916666666 0.5819930555555556 0.7424036458333333 0.5679111111111111 0.7460046874999999 0.5506282407407407 0.7434838541666667 0.5461472222222222 0.7388026041666667 0.543587037037037 0.73484140625 0.5551087962962963
2 0.8157145833333334 0.4297097222222222 0.8194661458333333 0.4341291666666667 0.8245075520833333 0.4341291666666667 0.829909375 0.4162060185185185 0.8320697916666667 0.4078847222222222 0.8306294270833334 0.4021236111111111 0.8245075520833333 0.3995634259259259 0.8187460937500001 0.4149259259259259 0.8147848958333334 0.4296481481481481
0 0.8416666666666667 0.5953703703703703 0.8380208333333333 0.6083333333333333 0.83828125 0.611574074074074 0.8484375 0.6476851851851851 0.85234375 0.6578703703703703 0.8666666666666667 0.6824074074074075 0.8692708333333333 0.6949074074074074 0.86875 0.7041666666666667 0.8700520833333333 0.7134259259259259 0.8776041666666666 0.7337962962962963 0.88828125 0.7560185185185185 0.9018229166666667 0.7763888888888889 0.9197916666666667 0.7958333333333333 0.9388020833333334 0.8111111111111111 0.95625 0.8203703703703704 0.9692708333333333 0.8263888888888888 0.9997395833333333 0.8268518518518518 0.9997395833333333 0.5560185185185185 0.9770833333333333 0.5430555555555555 0.97265625 0.5421296296296296 0.9703125 0.5393518518518519 0.9682291666666667 0.5402777777777777 0.96328125 0.5361111111111111 0.9450520833333333 0.5342592592592592 0.9002604166666667 0.5412037037037037 0.8973958333333333 0.5421296296296296 0.8880208333333334 0.5513888888888889 0.8796875 0.5666666666666667 0.8770833333333333 0.5824074074074074 0.8796875 0.6064814814814815 0.8778645833333333 0.6125 0.86953125 0.6111111111111112 0.8666666666666667 0.6083333333333333 0.8635416666666667 0.6092592592592593 0.8625 0.6055555555555555 0.8583333333333333 0.6060185185185185 0.8557291666666667 0.6018518518518519 0.8458333333333333 0.5930555555555556
0 0.56015625 0.5782407407407407 0.5588541666666667 0.6 0.5640625 0.6314814814814815 0.57109375 0.6462962962962963 0.5841145833333333 0.6578703703703703 0.5916666666666667 0.6592592592592592 0.60078125 0.6578703703703703 0.6067708333333334 0.674074074074074 0.6059895833333333 0.6754629629629629 0.6065104166666667 0.6921296296296297 0.6111979166666667 0.7166666666666667 0.61796875 0.7356481481481482 0.62578125 0.7518518518518519 0.6380208333333334 0.7643518518518518 0.6432291666666666 0.7726851851851851 0.65546875 0.7828703703703703 0.6776041666666667 0.7907407407407407 0.6927083333333334 0.7916666666666666 0.7065104166666667 0.7865740740740741 0.7140625 0.7814814814814814 0.7247395833333333 0.7694444444444445 0.7317708333333334 0.7546296296296297 0.7364583333333333 0.7342592592592593 0.7570122395833334 0.7038847222222222 0.7679354166666666 0.6821458333333333 0.77149296875 0.668525925925926 0.7922903645833334 0.6675532407407407 0.8059729166666667 0.6515009259259259 0.8130877604166666 0.6383675925925926 0.815625 0.6199074074074075 0.8174479166666667 0.6060185185185185 0.815625 0.5953703703703703 0.8109375 0.5796296296296296 0.8041666666666667 0.5708333333333333 0.7830729166666667 0.5638888888888889 0.7644966145833333 0.5638888888888889 0.7390625 0.5402777777777777 0.7328125 0.5314814814814814 0.7138020833333333 0.5152777777777777 0.7005208333333334 0.5083333333333333 0.6723958333333333 0.5018518518518519 0.64765625 0.5037037037037037 0.6286458333333333 0.512962962962963 0.6192708333333333 0.5208333333333334 0.609375 0.5351851851851852 0.60234375 0.5560185185185185 0.58125 0.5615740740740741 0.5794270833333334 0.5601851851851852 0.5674479166666667 0.5606481481481481 0.5638020833333334 0.5638888888888889 0.5609375 0.5708333333333333
0 0.2955729166666667 0.5708333333333333 0.2953125 0.5856481481481481 0.29739583333333336 0.5990740740740741 0.303125 0.6194444444444445 0.3072916666666667 0.6282407407407408 0.3106770833333333 0.6337962962962963 0.3203125 0.6388888888888888 0.32760416666666664 0.6398148148148148 0.36041666666666666 0.6933643518518519 0.3651041666666667 0.7203703703703703 0.37005208333333334 0.7314814814814815 0.37838541666666664 0.7449074074074075 0.38697916666666665 0.7550925925925925 0.40286458333333336 0.7625 0.41848958333333336 0.762962962962963 0.4395833333333333 0.7560185185185185 0.45807291666666666 0.7398148148148148 0.47213541666666664 0.712037037037037 0.47890625 0.6893518518518519 0.48125 0.6662037037037037 0.47890625 0.649074074074074 0.47942708333333334 0.6439814814814815 0.4850260416666667 0.6416666666666667 0.503125 0.6402777777777777 0.5119791666666667 0.6351851851851852 0.515625 0.6319444444444444 0.52109375 0.6231481481481481 0.5278645833333333 0.6023148148148149 0.5255208333333333 0.5574074074074075 0.5221354166666666 0.5476851851851852 0.5182291666666666 0.5449074074074074 0.48932291666666666 0.5449074074074074 0.48515625 0.5412037037037037 0.4828125 0.5314814814814814 0.4786458333333333 0.5217592592592593 0.46822916666666664 0.5069444444444444 0.453125 0.49583333333333335 0.43411458333333336 0.4888888888888889 0.40963541666666664 0.48842592592592593 0.3802083333333333 0.5013888888888889 0.35546875 0.5254629629629629 0.3494791666666667 0.5342592592592592 0.34713541666666664 0.5407407407407407 0.34375 0.5430555555555555 0.32057291666666665 0.5421296296296296 0.3065104166666667 0.5453703703703704 0.2989583333333333 0.5583333333333333
0 0.246875 0.425462962962963 0.246875 0.43333333333333335 0.25078125 0.4564814814814815 0.25442708333333336 0.46574074074074073 0.26536458333333335 0.47824074074074074 0.26901041666666664 0.47685185185185186 0.27369791666666665 0.4791666666666667 0.29453125 0.5106481481481482 0.2955729166666667 0.5291666666666667 0.29973958333333334 0.5393518518518519 0.3033854166666667 0.5430555555555555 0.3455729166666667 0.5402777777777777 0.35104166666666664 0.5296296296296297 0.3572916666666667 0.5217592592592593 0.37526041666666665 0.5041666666666667 0.4015625 0.4861111111111111 0.41067708333333336 0.48518518518518516 0.41484375 0.4828703703703704 0.42734375 0.45601851851851855 0.42994791666666665 0.4462962962962963 0.4309895833333333 0.42916666666666664 0.42994791666666665 0.41759259259259257 0.42734375 0.4101851851851852 0.41510416666666666 0.4064814814814815 0.40398072916666666 0.4060185185185185 0.39921875 0.40185185185185185 0.396875 0.39444444444444443 0.39036458333333335 0.38425925925925924 0.3841145833333333 0.3787037037037037 0.3653645833333333 0.36898148148148147 0.3421875 0.36712962962962964 0.3268229166666667 0.37037037037037035 0.303125 0.3888888888888889 0.28671875 0.4050925925925926 0.27734375 0.40324074074074073 0.25833333333333336 0.4050925925925926 0.25390625 0.40925925925925927 0.24817708333333333 0.4199074074074074
0 0.4513020833333333 0.4305555555555556 0.4515625 0.4601851851851852 0.4546875 0.4699074074074074 0.46951354166666665 0.49296249999999997 0.4896651041666667 0.491437962962963 0.49266640624999997 0.5028703703703704 0.4960966145833333 0.544787962962963 0.519678125 0.5432634259259259 0.5256809895833333 0.5546958333333334 0.5299684895833333 0.597375462962963 0.5432291666666667 0.6023148148148149 0.5520833333333334 0.5981481481481481 0.55390625 0.5990740740740741 0.55703125 0.5949074074074074 0.5591145833333333 0.5768518518518518 0.5630208333333333 0.5625 0.5708333333333333 0.5574074074074075 0.5815104166666667 0.5569444444444445 0.58515625 0.5587962962962963 0.5927083333333333 0.5541666666666667 0.5963541666666666 0.5421296296296296 0.5989583333333334 0.5162037037037037 0.5986979166666667 0.5083333333333333 0.6020833333333333 0.5018518518518519 0.6083333333333333 0.4976851851851852 0.6223958333333334 0.5009259259259259 0.6286458333333333 0.49953703703703706 0.6341145833333334 0.4935185185185185 0.6419270833333334 0.48055555555555557 0.6466145833333333 0.4666666666666667 0.6471354166666666 0.43842592592592594 0.6450520833333333 0.42824074074074076 0.6421875 0.4236111111111111 0.628125 0.41944444444444445 0.6111979166666667 0.4185185185185185 0.60625 0.4152777777777778 0.6002604166666666 0.4046296296296296 0.5825520833333333 0.387037037037037 0.57109375 0.3800925925925926 0.5591145833333333 0.3768518518518518 0.5359375 0.37592592592592594 0.5223958333333333 0.3800925925925926 0.5059895833333333 0.3907407407407407 0.49322916666666666 0.4041666666666667 0.49140625 0.40925925925925927 0.48984375 0.4101851851851852 0.4596354166666667 0.4115740740740741 0.45390625 0.41805555555555557
0 0.66953125 0.44722222222222224 0.6690104166666667 0.45694444444444443 0.67109375 0.46805555555555556 0.67734375 0.4842592592592593 0.6859375 0.5 0.6947916666666667 0.5023148148148148 0.6984375 0.5050925925925925 0.7091145833333333 0.5069444444444444 0.71640625 0.5152777777777777 0.7390625 0.5351851851851852 0.7484375 0.5453703703703704 0.75859375 0.5601851851851852 0.7861979166666667 0.562037037037037 0.7950520833333333 0.5643518518518519 0.8092192708333333 0.5741226851851852 0.8122205729166667 0.5855546296296297 0.82109375 0.5611111111111111 0.8278645833333333 0.5393518518518519 0.8435200520833334 0.5253453703703704 0.8525236979166666 0.5101027777777777 0.8632427083333333 0.5085787037037037 0.8799479166666667 0.48842592592592593 0.8838541666666667 0.4810185185185185 0.8856770833333333 0.4736111111111111 0.8880208333333334 0.46296296296296297 0.8888020833333333 0.449537037037037 0.8880208333333334 0.4425925925925926 0.8846354166666667 0.43425925925925923 0.8765625 0.42453703703703705 0.8383747395833333 0.4224569444444444 0.8203669270833333 0.4011166666666667 0.7893229166666667 0.38287037037037036 0.7791666666666667 0.38333333333333336 0.7760416666666666 0.38101851851851853 0.765625 0.37916666666666665 0.7421875 0.38101851851851853 0.7197916666666667 0.3921296296296296 0.7119791666666667 0.40046296296296297 0.70546875 0.4148148148148148 0.6927083333333334 0.4185185185185185 0.68515625 0.41944444444444445 0.6752604166666667 0.425 0.671875 0.43194444444444446
0 0.9111979166666667 0.462037037037037 0.9109375 0.4703703703703704 0.9143229166666667 0.48055555555555557 0.9270833333333334 0.500462962962963 0.9325520833333333 0.5171296296296296 0.9286458333333333 0.5296296296296297 0.9356770833333333 0.5300925925925926 0.9421875 0.5291666666666667 0.9489583333333333 0.5282407407407408 0.96171875 0.5305555555555556 0.9760416666666667 0.537962962962963 0.9877604166666667 0.5472222222222223 0.9997395833333333 0.5518518518518518 0.9997395833333333 0.40370370370370373 0.9713541666666666 0.40555555555555556 0.9505208333333334 0.4148148148148148 0.9416666666666667 0.42453703703703705 0.9393229166666667 0.4287037037037037 0.9380208333333333 0.4351851851851852 0.9385416666666667 0.45 0.9419270833333333 0.4638888888888889 0.93828125 0.46620370370370373 0.9341145833333333 0.4652777777777778 0.9182291666666667 0.45416666666666666 0.9143229166666667 0.4546296296296296