1 0.8174430555555555 0.13056536458333332 0.8391439814814815 0.12322942708333334 0.8567949074074074 0.12066744791666667 0.8607800925925926 0.11938645833333333 0.8622037037037037 0.11538359375 0.8607800925925926 0.11025989583333334 0.8590722222222222 0.10481614583333335 0.8553712962962964 0.1009734375 0.8337351851851852 0.10433567708333333 0.813237962962963 0.104015625 0.8098217592592593 0.10465598958333334 0.8075439814814815 0.10785833333333333 0.8061208333333333 0.11202135416666666 0.8072592592592593 0.11746510416666665 0.8098217592592593 0.12306927083333334 0.8138074074074074 0.12835286458333334
1 0.8944888888888889 0.1552296875 0.9103157407407407 0.15060885416666667 0.9276814814814814 0.14852734375 0.9299587962962963 0.14580546875 0.9285351851851852 0.13844010416666666 0.9268273148148147 0.13475755208333334 0.9248347222222222 0.13315651041666668 0.908037962962963 0.13539791666666667 0.8912416666666667 0.13491770833333333 0.8881101851851851 0.13619869791666667 0.8861171296296296 0.1395609375 0.889249074074074 0.15253020833333333
1 0.7760282407407407 0.394825 0.8005421296296297 0.3876143229166667 0.8260995370370371 0.38473958333333336 0.8283356481481481 0.38240390625000004 0.828974537037037 0.37863046875 0.8280162037037038 0.3732403645833333 0.8257800925925926 0.368209375 0.8235439814814814 0.3642565104166666 0.8200296296296296 0.36299869791666667 0.7954305555555556 0.365334375 0.767637037037037 0.36353776041666663 0.7638032407407408 0.3662328125 0.761886574074074 0.3705450520833333 0.7615671296296296 0.37539635416666667 0.7638032407407408 0.3834817708333333 0.7663592592592593 0.38959088541666664 0.7695537037037038 0.39228593749999996
1 0.8974787037037038 0.36000312500000003 0.9067587962962963 0.35988177083333334 0.9177657407407408 0.3595174479166667 0.9205717592592593 0.35672578125 0.9214347222222222 0.3510205729166667 0.9205717592592593 0.3472578125 0.9188449074074073 0.3434947916666667 0.9171185185185186 0.34240234375 0.8979101851851853 0.3431307291666667 0.8774074074074074 0.34058177083333335 0.8741699074074074 0.3426453125 0.8724435185185185 0.3481075520833333 0.8720120370370371 0.35599739583333334 0.873738425925926 0.36121692708333336 0.8789180555555556 0.36400859375
1 0.8748407407407407 0.6577125 0.8984495370370371 0.6577403645833333 0.9011930555555555 0.65548515625 0.9020375 0.6490755208333333 0.9018263888888889 0.6431408854166667 0.899926851851852 0.6395799479166667 0.8971833333333333 0.6376809895833334 0.8737578703703703 0.6373247395833334 0.8494884259259259 0.6332890624999999 0.8454782407407407 0.6349507812499999 0.8437902777777778 0.6373247395833334 0.8427347222222222 0.6415979166666667 0.8429458333333333 0.65038125 0.8435791666666667 0.6547729166666667 0.8452675925925927 0.6580963541666667 0.8475888888888888 0.6598768229166667 0.8505435185185185 0.6614197916666666
1 0.7478402777777778 0.80489765625 0.7765652777777778 0.8059872395833333 0.778886574074074 0.8055125000000001 0.7820523148148147 0.80373203125 0.7843740740740741 0.80005234375 0.786062037037037 0.7954231770833334 0.7866953703703703 0.7883015624999999 0.7847958333333334 0.7826041666666667 0.782263425925926 0.7788059895833332 0.7803638888888889 0.7777377604166666 0.7782537037037037 0.7772630208333333 0.7495523148148148 0.7756013020833333 0.7178958333333333 0.7685981770833333 0.7138861111111111 0.7694291666666667 0.7088212962962963 0.771684375 0.704600462962963 0.7776190104166666 0.7022791666666667 0.78331640625 0.7018569444444445 0.7888950520833333 0.7022791666666667 0.7950671875 0.7033342592592593 0.80005234375 0.7058666666666666 0.8045627604166667 0.7130421296296297 0.8084796875
2 0.676575925925926 0.86550859375 0.7366421296296296 0.8773041666666667 0.7388601851851853 0.88260625 0.7371967592592593 0.8885322916666667 0.7305421296296296 0.8938343750000001 0.7105787037037037 0.8928986979166668 0.6673250000000001 0.8860369791666667 0.6656611111111111 0.87823984375 0.6684337962962963 0.8688833333333333
2 0.821163425925926 0.6990726562499999 0.866474537037037 0.7040317708333333 0.8720199074074074 0.70871015625 0.8703564814814815 0.7137002604166667 0.8659199074074074 0.7177549479166667 0.8182296296296296 0.71338828125 0.8171203703703703 0.7093338541666667 0.8171203703703703 0.7037197916666666
2 0.7375833333333334 0.4276276041666666 0.7891819444444444 0.43028125 0.7919546296296297 0.43464765625 0.7914 0.43994973958333333 0.7875185185185185 0.44338046875 0.7387189814814815 0.4458755208333333 0.7331736111111111 0.4390140625 0.7353916666666667 0.4321526041666666
2 0.8534972222222222 0.38885 0.8928810185185185 0.3906716145833334 0.8967625 0.3965973958333333 0.8884444444444445 0.40252317708333335 0.854062962962963 0.4022114583333333 0.8474087962962963 0.3975330729166667 0.8496268518518518 0.39191901041666666
2 0.7833388888888889 0.15034895833333334 0.8252824074074073 0.14826614583333333 0.831937037037037 0.15107317708333332 0.8324916666666666 0.15606328125 0.8280550925925926 0.15949401041666667 0.7942282407407407 0.16604375 0.7870194444444445 0.164484375 0.7836921296296296 0.15824661458333333
2 0.8702004629629629 0.1716578125 0.9056907407407407 0.17072213541666667 0.9095726851851852 0.1744645833333333 0.9073541666666667 0.17976666666666666 0.874636574074074 0.18413333333333334 0.8690912037037037 0.18226197916666667 0.868536574074074 0.17727161458333332
2 0.8840009259259259 0.008277864583333332 0.914563425925926 0.00479765625 0.9201087962962963 0.00885234375 0.9195541666666667 0.012906770833333333 0.8907180555555556 0.018208854166666667 0.8835092592592593 0.015090104166666667
0 0.26851851851851855 0.7856770833333333 0.2689814814814815 0.8080729166666667 0.2763888888888889 0.83515625 0.2810185185185185 0.84453125 0.2949074074074074 0.8627604166666667 0.30694444444444446 0.8739583333333333 0.32222222222222224 0.884375 0.3365740740740741 0.8919270833333334 0.3523148148148148 0.89765625 0.36944444444444446 0.9002604166666667 0.387037037037037 0.9010416666666666 0.4009259259259259 0.9044270833333333 0.4050925925925926 0.9041666666666667 0.449537037037037 0.9104166666666667 0.46296296296296297 0.9091145833333333 0.47129629629629627 0.9096354166666667 0.47638888888888886 0.9153645833333334 0.475462962962963 0.9223958333333333 0.46620370370370373 0.9640625 0.4615740740740741 0.97265625 0.4615740740740741 0.9778645833333334 0.46620370370370373 0.9856770833333334 0.47962962962962963 0.9997395833333333 0.6555555555555556 0.9997395833333333 0.6587962962962963 0.98828125 0.6587962962962963 0.9609375 0.6625 0.93671875 0.7273148148148149 0.89140625 0.7300925925925926 0.8872395833333333 0.7319444444444444 0.8799479166666667 0.7291666666666666 0.8770833333333333 0.7208333333333333 0.8731770833333333 0.7199074074074074 0.8684895833333334 0.725 0.8588541666666667 0.7305555555555555 0.8408854166666667 0.736574074074074 0.8075520833333333 0.775 0.8018229166666667 0.7791666666666667 0.8028645833333333 0.7824074074074074 0.7986979166666667 0.7842592592592592 0.79140625 0.7837962962962963 0.7848958333333333 0.7791666666666667 0.7783854166666667 0.7722222222222223 0.77890625 0.7675925925925926 0.7776041666666667 0.7583333333333333 0.7783854166666667 0.7481481481481481 0.7768229166666667 0.7379629629629629 0.7739583333333333 0.7361111111111112 0.7703125 0.737037037037037 0.7614583333333333 0.7337962962962963 0.7375 0.7282407407407407 0.7182291666666667 0.7217592592592592 0.7046875 0.7208333333333333 0.69609375 0.7023148148148148 0.6682291666666667 0.7018518518518518 0.6606770833333333 0.7055555555555556 0.6372395833333333 0.7083333333333334 0.6359375 0.7101851851851851 0.63046875 0.7069444444444445 0.6171875 0.7087962962962963 0.61328125 0.7074074074074074 0.5984375 0.7027777777777777 0.5903645833333333 0.6930555555555555 0.5833333333333334 0.6884259259259259 0.58046875 0.6800925925925926 0.5778645833333333 0.6615740740740741 0.5752604166666667 0.6541666666666667 0.5765625 0.6416666666666667 0.5768229166666666 0.6189814814814815 0.57421875 0.5916666666666667 0.5802083333333333 0.5810185185185185 0.5861979166666667 0.5634259259259259 0.5934895833333333 0.5560185185185185 0.5984375 0.5537037037037037 0.6020833333333333 0.5546296296296296 0.6057291666666667 0.5435185185185185 0.6161458333333333 0.5439814814814815 0.6236979166666666 0.5398148148148149 0.6333333333333333 0.537962962962963 0.6484375 0.5324074074074074 0.65390625 0.49537037037037035 0.6588541666666666 0.4736111111111111 0.6588541666666666 0.4699074074074074 0.6578125 0.46296296296296297 0.6591145833333333 0.44583333333333336 0.6588541666666666 0.41898148148148145 0.6609375 0.40555555555555556 0.6606770833333333 0.37037037037037035 0.665625 0.35138888888888886 0.6736979166666667 0.33194444444444443 0.6838541666666667 0.3148148148148148 0.6958333333333333 0.2898148148148148 0.7236979166666667 0.2851851851851852 0.7307291666666667 0.2773148148148148 0.7515625
0 0.5694444444444444 0.5744791666666667 0.5694444444444444 0.5799479166666667 0.5740740740740741 0.5830729166666667 0.5814814814814815 0.5822916666666667 0.5879629629629629 0.5791666666666667 0.5953703703703703 0.578125 0.5986111111111111 0.5744791666666667 0.6791666666666667 0.5755208333333334 0.7013888888888888 0.5859375 0.7055555555555556 0.5903645833333333 0.7101851851851851 0.6 0.711574074074074 0.6109375 0.7143518518518519 0.615625 0.7097222222222223 0.6161458333333333 0.7111111111111111 0.6166666666666667 0.7097222222222223 0.6197916666666666 0.7152777777777778 0.6291666666666667 0.7152777777777778 0.6319445312499999 0.7087962962962963 0.6369791666666667 0.7069444444444445 0.640625 0.7046296296296296 0.6677083333333333 0.7222222222222222 0.6966145833333334 0.7328703703703704 0.7268229166666667 0.7375 0.7505208333333333 0.7435185185185185 0.7552083333333334 0.7439814814814815 0.76328125 0.7486111111111111 0.7723958333333333 0.7527777777777778 0.77421875 0.7694444444444445 0.7736979166666667 0.7828703703703703 0.7783854166666667 0.7851851851851852 0.7807291666666667 0.7875 0.7861979166666667 0.787962962962963 0.796875 0.7856481481481481 0.8046875 0.7805555555555556 0.8072916666666666 0.7837962962962963 0.8109375 0.7805555555555556 0.8140625 0.7921296296296296 0.8153645833333333 0.8 0.8145833333333333 0.8037037037037037 0.81171875 0.8083333333333333 0.8036458333333333 0.8106481481481481 0.78984375 0.8106481481481481 0.7653645833333333 0.8560185185185185 0.715625 0.8592592592592593 0.71640625 0.8648148148148148 0.7135416666666666 0.8643518518518518 0.7065104166666667 0.8574074074074074 0.7041666666666667 0.8574074074074074 0.6598958333333333 0.8717592592592592 0.65703125 0.8828703703703704 0.6580729166666667 0.8935185185185185 0.6572916666666667 0.899074074074074 0.6544270833333333 0.9009259259259259 0.6486979166666667 0.899074074074074 0.640625 0.8953703703703704 0.63828125 0.8717592592592592 0.6380208333333334 0.8291666666666667 0.5552083333333333 0.8310185185185185 0.5466145833333333 0.8337962962962963 0.5432291666666667 0.8379629629629629 0.5424479166666667 0.8407407407407408 0.5401041666666667 0.8402777777777778 0.5356770833333333 0.8356481481481481 0.52578125 0.8282407407407407 0.5197916666666667 0.8203703703703704 0.5096354166666667 0.8189814814814815 0.5010416666666667 0.8143518518518519 0.49895833333333334 0.8023148148148148 0.4986979166666667 0.7912037037037037 0.5002604166666667 0.7837962962962963 0.49895833333333334 0.7666666666666667 0.4986979166666667 0.7439814814814815 0.5052083333333334 0.7333333333333333 0.5125 0.7212962962962963 0.5450520833333333 0.7180555555555556 0.54921875 0.7125 0.5518229166666667 0.7097222222222223 0.5549479166666667 0.6949074074074074 0.5578125 0.6643518518518519 0.55859375 0.6601851851851852 0.5598958333333334 0.6361111111111111 0.5611979166666666 0.6162037037037037 0.5638020833333334 0.5958333333333333 0.5640625 0.5833333333333334 0.5677083333333334 0.575925925925926 0.57109375 0.5740740740740741 0.5739583333333333
0 0.41759259259259257 0.37005208333333334 0.41712962962962963 0.39036458333333335 0.42314814814814816 0.41822916666666665 0.43703703703703706 0.4440104166666667 0.45092592592592595 0.4609375 0.46574074074074073 0.4713541666666667 0.4824074074074074 0.47942708333333334 0.49444444444444446 0.48359375 0.5189814814814815 0.48828125 0.5351851851851852 0.48723958333333334 0.5462962962962963 0.48854166666666665 0.5643518518518519 0.4875 0.5675925925925925 0.48854166666666665 0.5740740740740741 0.4859375 0.5791666666666667 0.4859375 0.5814814814814815 0.4908854166666667 0.5782407407407407 0.49947916666666664 0.5810185185185185 0.50546875 0.6282407407407408 0.5361979166666667 0.6560185185185186 0.5513020833333333 0.6611111111111111 0.5526041666666667 0.6787037037037037 0.5526041666666667 0.6902777777777778 0.55 0.7069444444444445 0.5494791666666666 0.7134259259259259 0.5471354166666667 0.7199074074074074 0.540625 0.7226851851851852 0.5291666666666667 0.7273148148148149 0.5223958333333333 0.7300925925925926 0.50243046875 0.7333333333333333 0.4986979166666667 0.7453703703703703 0.49505208333333334 0.7513888888888889 0.49166666666666664 0.7699074074074074 0.47552083333333334 0.7782407407407408 0.4635416666666667 0.788425925925926 0.43671875 0.7861111111111111 0.43020833333333336 0.7870370370370371 0.4171875 0.7851851851851852 0.4041666666666667 0.7907407407407407 0.39296875 0.7944444444444444 0.38958333333333334 0.8 0.38776041666666666 0.8069444444444445 0.3875 0.8166666666666667 0.3846354166666667 0.8212962962962963 0.3854166666666667 0.8245370370370371 0.38333333333333336 0.8273148148148148 0.3765625 0.825462962962963 0.3697916666666667 0.8208333333333333 0.3645833333333333 0.7944444444444444 0.3645833333333333 0.7898148148148149 0.3614583333333333 0.7814814814814814 0.3609375 0.7787037037037037 0.3575520833333333 0.7763888888888889 0.34869791666666666 0.7574074074074074 0.30833333333333335 0.7666666666666667 0.2833333333333333 0.7671296296296296 0.27578125 0.7550925925925925 0.24817708333333333 0.7444444444444445 0.23828125 0.7379629629629629 0.23619791666666667 0.7282407407407407 0.23567708333333334 0.6981481481481482 0.23880208333333333 0.6888888888888889 0.23828125 0.6754629629629629 0.23984375 0.6625 0.24453125 0.6402777777777777 0.2552083333333333 0.6296296296296297 0.2669270833333333 0.6152777777777778 0.2760416666666667 0.6037037037037037 0.28802083333333334 0.5370370370370371 0.29765625 0.5166666666666667 0.3015625 0.5023148148148148 0.3028645833333333 0.4837962962962963 0.3065104166666667 0.4675925925925926 0.31171875 0.45185185185185184 0.31875 0.4356481481481482 0.3307291666666667 0.4222222222222222 0.35182291666666665
0 0.5263888888888889 0.11824244791666666 0.5254629629629629 0.12761744791666665 0.5305555555555556 0.15417994791666667 0.5449074074074074 0.18412786458333336 0.5768518518518518 0.2158986979166667 0.5907407407407408 0.22214869791666667 0.6162037037037037 0.22839869791666667 0.6300925925925925 0.22944036458333333 0.6375 0.22944036458333333 0.6439814814814815 0.22683619791666668 0.6550925925925926 0.22631536458333334 0.6657407407407407 0.2237111979166667 0.674074074074074 0.22501328125 0.6967592592592593 0.23464869791666668 0.7074074074074074 0.22970078125 0.7125 0.23412786458333334 0.7319444444444444 0.23386744791666667 0.7527777777777778 0.2393361979166667 0.7680555555555556 0.23699244791666668 0.7722222222222223 0.23438828125000002 0.7773148148148148 0.22735703125 0.7976851851851852 0.22345078125 0.8064814814814815 0.21798203125 0.8194444444444444 0.20365911458333336 0.8245370370370371 0.19089869791666667 0.825462962962963 0.16772161458333334 0.8231481481481482 0.16407578125000002 0.8277777777777777 0.15652369791666668 0.8287037037037037 0.15027369791666667 0.8212962962962963 0.14402369791666667 0.8222222222222222 0.13595078125 0.8208333333333333 0.13334661458333336 0.8532407407407407 0.11641953125 0.8564814814814815 0.11589869791666667 0.8532407407407407 0.11329453125 0.8574074074074074 0.10860703125 0.8518518518518519 0.10339869791666666 0.8453703703703703 0.10522161458333333 0.836574074074074 0.10522161458333333 0.8333333333333334 0.10782578125 0.8087962962962963 0.10131536458333333 0.8037037037037037 0.08386744791666666 0.7976851851851852 0.07110703125 0.7925925925925926 0.06589869791666667 0.7916666666666666 0.06173203125 0.7777777777777778 0.04063828125 0.7671296296296296 0.03152369791666667 0.7416666666666667 0.01954453125 0.7291666666666666 0.018242447916666668 0.6953703703703704 0.023711197916666666 0.6856481481481481 0.02891953125 0.6773148148148148 0.04324244791666666 0.6712962962962963 0.04662786458333333 0.6467592592592593 0.05131536458333333 0.5851851851851851 0.06589869791666667 0.5578703703703703 0.07449244791666666 0.537962962962963 0.08855494791666667 0.5324074074074074 0.09845078125
0 0.7666666666666667 0.271875 0.7597222222222222 0.30859375 0.7648148148148148 0.32421875 0.7782407407407408 0.35104166666666664 0.7893518518518519 0.43841145833333334 0.7759259259259259 0.46770833333333334 0.7754629629629629 0.4739583333333333 0.7893518518518519 0.47994791666666664 0.7981481481481482 0.47994791666666664 0.8069444444444445 0.4791666666666667 0.8134259259259259 0.47708333333333336 0.8282407407407407 0.47734375 0.8337962962962963 0.475 0.8384259259259259 0.4705729166666667 0.8481481481481481 0.44583333333333336 0.8560185185185185 0.44244791666666666 0.8708333333333333 0.4296875 0.875462962962963 0.4203125 0.8869648148148148 0.38073229166666667 0.8773148148148148 0.33958333333333335 0.8634259259259259 0.30182291666666666 0.8657407407407407 0.28854166666666664 0.8712962962962963 0.2828125 0.8703703703703703 0.2760416666666667 0.8587962962962963 0.2552083333333333 0.8513888888888889 0.24817708333333333 0.8412037037037037 0.24739583333333334 0.8032407407407407 0.2515625 0.799537037037037 0.25286458333333334 0.7967592592592593 0.25234375 0.7875 0.2546875 0.7731481481481481 0.26197916666666665
0 0.8041666666666667 0.075 0.8069444444444445 0.09479166666666666 0.8106481481481481 0.10286458333333333 0.8138888888888889 0.10390625 0.8245370370370371 0.16067708333333333 0.8231481481481482 0.16223958333333333 0.825462962962963 0.1677734375 0.825462962962963 0.18958333333333333 0.8180555555555555 0.20677083333333332 0.8050925925925926 0.22109375 0.788425925925926 0.22734375 0.787962962962963 0.23151041666666666 0.7935185185185185 0.23854166666666668 0.8 0.24322916666666666 0.8097222222222222 0.246875 0.8189814814814815 0.24791666666666667 0.8314814814814815 0.24661458333333333 0.8402777777777778 0.24348958333333334 0.8453703703703703 0.24479166666666666 0.8555555555555555 0.24427083333333333 0.8606481481481482 0.24140625 0.8699074074074075 0.23046875 0.8787037037037037 0.22734375 0.8856481481481482 0.22083333333333333 0.8925925925925926 0.21041666666666667 0.8939814814814815 0.19596354166666666 0.9236111111111112 0.1484375 0.9263888888888889 0.14739583333333334 0.9277777777777778 0.140625 0.9259259259259259 0.13515625 0.9217592592592593 0.13307291666666668 0.9009259259259259 0.13567708333333334 0.8888888888888888 0.134375 0.8777777777777778 0.11380208333333333 0.875462962962963 0.10286458333333333 0.8689814814814815 0.0921875 0.8666666666666667 0.084375 0.8523148148148149 0.075 0.8472222222222222 0.0734375 0.8384259259259259 0.06822916666666666 0.8333333333333334 0.06744791666666666 0.8157407407407408 0.06848958333333334 0.8087962962962963 0.07005208333333333 0.8060185185185185 0.07135416666666666