1 0.034794531249999996 0.3697550925925926 0.03979192708333333 0.3674699074074074 0.043684375 0.36314537037037037 0.044657552083333336 0.3579560185185185 0.045387239583333336 0.35233472222222223 0.0412515625 0.3480101851851852 0.03881901041666667 0.34628055555555554 0.03249375 0.3359023148148148 0.03054765625 0.3341722222222222 0.026655208333333333 0.3354699074074074 0.023005989583333334 0.33763194444444444 0.020329947916666664 0.3428212962962963 0.021546354166666667 0.3475777777777778 0.02568203125 0.3557939814814815 0.028601302083333332 0.3674699074074074
1 0.08832187500000001 0.5167773148148148 0.09598828125 0.5136319444444444 0.09842109375000001 0.5075777777777778 0.09915104166666668 0.5006587962962963 0.09817786458333333 0.495037037037037 0.09452864583333334 0.49114537037037037 0.09160937499999999 0.4902805555555556 0.08577083333333334 0.4803347222222222 0.08260833333333334 0.47860462962962963 0.07822942708333333 0.4803347222222222 0.07433697916666666 0.4846587962962963 0.07263411458333334 0.49114537037037037 0.07433697916666666 0.49633472222222225 0.07822942708333333 0.5032532407407407 0.07920234375 0.5084425925925926 0.082121875 0.5144967592592593
1 0.22936718749999999 0.3607148148148148 0.23375494791666668 0.3592037037037037 0.23716067708333333 0.3548796296296296 0.23837708333333335 0.3501226851851852 0.23740390625 0.3457986111111111 0.23351145833333334 0.3397444444444444 0.23107890625 0.33196064814814813 0.22961927083333336 0.32850138888888886 0.2271864583333333 0.3272037037037037 0.22451041666666666 0.3272037037037037 0.22110442708333336 0.32979861111111114 0.21964479166666667 0.3345550925925926 0.21988828124999998 0.3397444444444444 0.22256432291666667 0.34796064814814814 0.221834375 0.3527175925925926 0.22256432291666667 0.3570416666666667 0.22524010416666668 0.3613662037037037
1 0.3072515625 0.495738425925926 0.31215494791666665 0.49417222222222223 0.3167135416666667 0.48687962962962966 0.31792916666666665 0.48066759259259256 0.3167135416666667 0.47526527777777783 0.3133705729166667 0.4717541666666667 0.3107875 0.462300925925926 0.30850833333333333 0.4587898148148148 0.3059252604166666 0.4571689814814815 0.3027341145833333 0.45797916666666666 0.2998471354166667 0.4606805555555556 0.29832760416666665 0.46473194444444443 0.29817578125 0.46905324074074073 0.3001510416666667 0.4763458333333333 0.300303125 0.48228796296296295 0.30106276041666663 0.48850000000000005 0.30334192708333335 0.4928217592592592
1 0.41390338541666666 0.3465523148148148 0.4176072916666667 0.34615972222222224 0.4198864583333333 0.3426486111111111 0.4206463541666666 0.3388671296296296 0.42079817708333334 0.3350856481481481 0.41836692708333334 0.32779305555555555 0.4176072916666667 0.31969027777777775 0.41684765625 0.3159087962962963 0.41396041666666666 0.31374814814814816 0.4115294270833333 0.31374814814814816 0.40833854166666667 0.3164490740740741 0.40757864583333336 0.31942037037037035 0.4080346354166667 0.3294138888888889 0.4068190104166666 0.33589583333333334 0.4065151041666667 0.3402175925925926 0.40833854166666667 0.3429185185185185 0.41061770833333333 0.34615972222222224
1 0.5139841145833334 0.48103518518518523 0.5185424479166667 0.47941481481481485 0.5212776041666667 0.4750930555555556 0.5226450520833333 0.47077175925925924 0.5229489583333333 0.46645000000000003 0.5209736979166667 0.45942731481481486 0.5209736979166667 0.4537555555555555 0.5206697916666667 0.4499740740740741 0.518390625 0.44538240740740737 0.515959375 0.4434916666666667 0.5123125 0.4443023148148148 0.5100333333333333 0.44727314814814817 0.5091216145833334 0.45186481481481483 0.5091216145833334 0.457537037037037 0.5077541666666667 0.4623986111111111 0.5068424479166667 0.4680703703703704 0.5069945312499999 0.4740125 0.5092736979166667 0.4780643518518518
1 0.58992890625 0.33407037037037035 0.5937963541666667 0.3345037037037037 0.5972911458333333 0.3315324074074074 0.5985067708333334 0.3280212962962963 0.5975950520833333 0.3182976851851852 0.5989627604166666 0.309925 0.5989627604166666 0.3058736111111111 0.5966833333333333 0.3020921296296296 0.5936445312499999 0.30101157407407403 0.58999765625 0.3020921296296296 0.58756640625 0.3058736111111111 0.5868067708333334 0.31721759259259263 0.5842236979166666 0.3237 0.5849833333333333 0.3277513888888889 0.5869585937499999 0.33234305555555554
1 0.7071119791666667 0.45769907407407406 0.7096874999999999 0.4602810185185185 0.7145497395833333 0.4608212962962963 0.7177406249999999 0.45920046296296296 0.71926015625 0.45379861111111114 0.7197161458333333 0.4465060185185185 0.72290703125 0.4357023148148148 0.7230588541666666 0.4319208333333333 0.7209317708333334 0.427599537037037 0.71865234375 0.42543888888888887 0.7153096354166667 0.4240884259259259 0.7130302083333333 0.42543888888888887 0.7104471354166667 0.4297601851851852 0.7087757812500001 0.43597222222222226 0.70634453125 0.44029398148148147 0.7048249999999999 0.4446152777777778 0.70512890625 0.4497472222222222
1 0.7575960937499999 0.31683379629629627 0.7607921875 0.3191555555555555 0.7641348958333333 0.31861527777777776 0.7679335937499999 0.31591435185185185 0.7693013020833334 0.31375324074074074 0.769453125 0.3051101851851852 0.7721882812499999 0.2967375 0.7723401041666667 0.2934962962962963 0.7714283854166666 0.290525 0.7686934895833333 0.28674398148148145 0.7659583333333334 0.28620370370370374 0.7627674479166667 0.28674398148148145 0.7612479166666667 0.28998518518518523 0.7588166666666667 0.29808796296296297 0.7536505208333334 0.3080814814814815 0.75380234375 0.31186296296296295
2 0.07709687500000001 0.3657550925925926 0.07105989583333333 0.3495699074074074 0.06747057291666667 0.3468351851851852 0.06285572916666667 0.35017731481481484 0.06371041666666667 0.3556462962962963 0.06935078125000001 0.3726601851851852 0.07516197916666667 0.3726601851851852
2 0.12786744791666668 0.49111435185185187 0.12592578125 0.4893273148148148 0.12199453125 0.49023888888888884 0.11994348958333334 0.4947962962962963 0.12113984375 0.5026953703703703 0.1252421875 0.516975 0.12951510416666667 0.516975 0.134471875 0.5087717592592592 0.13327526041666665 0.5039106481481481
2 0.25702239583333336 0.34622777777777775 0.2590734375 0.36415324074074074 0.2647140625 0.3647606481481482 0.2672778645833333 0.35929212962962964 0.26368854166666666 0.3416703703703704 0.26129557291666666 0.3389361111111111 0.25736432291666667 0.34106296296296296
2 0.3482486979166667 0.48676851851851854 0.3475111979166667 0.4774847222222222 0.3469984375 0.47049675925925927 0.34460546875000003 0.4680662037037037 0.3411869791666666 0.4683699074074074 0.3391359375 0.47414259259259256 0.33999062500000005 0.48994120370370364 0.34340911458333334 0.49146018518518525
2 0.44772135416666664 0.346700462962963 0.4478419270833333 0.3277009259259259 0.4463036458333333 0.3243587962962963 0.44305625 0.3237509259259259 0.44151796875000004 0.3280046296296296 0.4399796875 0.34258796296296296 0.44134687499999997 0.3465375 0.44442369791666664 0.3483606481481481
2 0.54595078125 0.456824537037037 0.5425325520833333 0.47414259259259256 0.5433869791666667 0.4777884259259259 0.5466346354166667 0.47869999999999996 0.5493692708333333 0.4777884259259259 0.55295859375 0.460774537037037 0.5517622395833333 0.4562171296296296 0.5495403645833333 0.4537865740740741
2 0.6214690104166666 0.3370060185185185 0.6253471354166666 0.31815 0.6243216145833334 0.31450416666666664 0.6220994791666666 0.31237731481481484 0.6197065104166666 0.31328888888888884 0.6142372395833333 0.33091018518518517 0.61543359375 0.33789814814814817 0.61851015625 0.3382018518518518
2 0.7431119791666667 0.4345134259259259 0.7376424479166667 0.4475777777777778 0.73781328125 0.4521351851851852 0.74020625 0.45517314814814813 0.7441375 0.45608472222222224 0.7499486979166666 0.4421087962962963 0.750290625 0.4372476851851852 0.74789765625 0.43360185185185185
2 0.7901153645833333 0.30022453703703705 0.782765625 0.3169347222222222 0.7837911458333333 0.3227074074074074 0.7872096354166668 0.3248337962962963 0.79678125 0.3059972222222222 0.7964393229166667 0.3026550925925926 0.7933627604166666 0.2996166666666667
0 0.6760416666666667 0.3314814814814815 0.6765625 0.3416666666666667 0.6807291666666667 0.3592592592592593 0.6888020833333334 0.3736111111111111 0.6932291666666667 0.3763888888888889 0.6950520833333333 0.3902777777777778 0.7130208333333333 0.39537037037037037 0.7239583333333334 0.4027777777777778 0.7424479166666667 0.4199074074074074 0.74921875 0.4300925925925926 0.7515625 0.4361111111111111 0.7549479166666667 0.43657407407407406 0.7658854166666667 0.4356481481481482 0.7819817708333333 0.4069787037037037 0.7957924479166666 0.39495694444444446 0.8050934895833334 0.3764240740740741 0.8149580729166667 0.3709138888888889 0.8253864583333334 0.3598944444444444 0.8302083333333333 0.3449074074074074 0.83203125 0.3351851851851852 0.8291666666666667 0.3212962962962963 0.82421875 0.3138888888888889 0.8143229166666667 0.3111111111111111 0.8020833333333334 0.31157407407407406 0.7973958333333333 0.30833333333333335 0.7950520833333333 0.3013888888888889 0.77734375 0.28425925925925927 0.7611979166666667 0.274537037037037 0.7453125 0.27037037037037037 0.7299479166666667 0.2712962962962963 0.7161458333333334 0.27824074074074073 0.7080729166666667 0.2902777777777778 0.7018229166666666 0.30694444444444446 0.6828125 0.31342592592592594
0 0.62146875 0.4736111111111111 0.62146875 0.487962962962963 0.625375 0.5083333333333333 0.6300625 0.5189814814814815 0.6337083333333333 0.5236111111111111 0.6420416666666667 0.5268518518518519 0.6469895833333333 0.549074074074074 0.6553229166666666 0.5685185185185185 0.6688645833333333 0.587037037037037 0.6782395833333333 0.5939814814814814 0.6860520833333333 0.5976851851851852 0.7001145833333333 0.5990740740740741 0.7141770833333333 0.5935185185185186 0.7243333333333334 0.5819444444444445 0.7329270833333333 0.5652777777777778 0.7436041666666667 0.5574074074074075 0.7501145833333334 0.549074074074074 0.7631354166666667 0.5222222222222223 0.7652187500000001 0.5101851851851852 0.7688645833333333 0.4986111111111111 0.7834479166666667 0.48703703703703705 0.7873541666666667 0.48148148148148145 0.7920416666666666 0.4703703703703704 0.7928229166666667 0.46296296296296297 0.7881354166666666 0.44675925925925924 0.7831875 0.43842592592592594 0.7730312500000001 0.43287037037037035 0.7646979166666666 0.4375 0.7516770833333334 0.4375 0.7469895833333333 0.42685185185185187 0.7428229166666667 0.42083333333333334 0.7232916666666667 0.4027777777777778 0.7100104166666666 0.39537037037037037 0.6904791666666666 0.3921296296296296 0.67615625 0.3958333333333333 0.6644375 0.40370370370370373 0.6532395833333333 0.42083333333333334 0.6488125 0.43425925925925923 0.64646875 0.45046296296296295 0.6389166666666667 0.4546296296296296 0.6331875 0.4546296296296296 0.6266770833333334 0.45740740740740743 0.6240729166666666 0.4615740740740741
0 0.5114583333333333 0.3484074074074074 0.5119791666666667 0.3683148148148148 0.515625 0.37896296296296295 0.5255072916666667 0.39390648148148144 0.5375294270833333 0.39552916666666665 0.5395075520833333 0.41824675925925925 0.5506166666666666 0.4287944444444445 0.5592906249999999 0.4444800925925926 0.5659864583333333 0.45746157407407406 0.5708333333333333 0.45720370370370367 0.5919270833333333 0.4567407407407407 0.5994791666666667 0.45905555555555555 0.6026041666666667 0.4581296296296296 0.6096354166666667 0.45025925925925925 0.6166666666666667 0.4382222222222222 0.6197916666666666 0.4178518518518518 0.625 0.4039629629629629 0.6338541666666667 0.38868518518518513 0.6411458333333333 0.3845185185185185 0.64765625 0.38405555555555554 0.6575520833333334 0.37340740740740735 0.6635416666666667 0.3585925925925926 0.6645833333333333 0.34424074074074074 0.6627604166666666 0.3308148148148148 0.6588541666666666 0.32387037037037036 0.6489583333333333 0.3220185185185185 0.6348958333333333 0.32387037037037036 0.6236979166666666 0.3053518518518518 0.6098958333333333 0.29238888888888886 0.5950520833333334 0.28498148148148145 0.5763020833333333 0.28359259259259256 0.5627604166666667 0.2882222222222222 0.5528645833333333 0.2960925925925926 0.5432291666666667 0.31090740740740735 0.5401041666666667 0.3229444444444444 0.5283854166666667 0.32849999999999996 0.5177083333333333 0.33035185185185184 0.5145833333333333 0.3345185185185185
0 0.4270833333333333 0.48055555555555557 0.42630208333333336 0.5060185185185185 0.4270833333333333 0.5157407407407407 0.42994791666666665 0.5226851851851851 0.43723958333333335 0.5300925925925926 0.44244791666666666 0.538425925925926 0.44921875 0.5412037037037037 0.45625 0.5402777777777777 0.4609375 0.5435185185185185 0.46536458333333336 0.5527777777777778 0.46927083333333336 0.575925925925926 0.4734375 0.5879629629629629 0.4817708333333333 0.6023148148148149 0.48984375 0.6106481481481482 0.4984375 0.6166666666666667 0.5067708333333333 0.6185185185185185 0.5190104166666667 0.6185185185185185 0.528125 0.6157407407407407 0.54140625 0.6013888888888889 0.5473958333333333 0.5902777777777778 0.5552083333333333 0.5657407407407408 0.5643229166666667 0.5462962962962963 0.5677083333333334 0.5328703703703703 0.57274296875 0.5268518518518519 0.5817708333333333 0.5273148148148148 0.5919270833333333 0.5189814814814815 0.5989583333333334 0.5050925925925925 0.6026041666666667 0.487962962962963 0.6015625 0.4736111111111111 0.59609375 0.46064814814814814 0.5911458333333334 0.4583333333333333 0.5708333333333333 0.45925925925925926 0.5645833333333333 0.45555555555555555 0.5622395833333333 0.4486111111111111 0.55390625 0.43287037037037035 0.5416666666666666 0.4203703703703704 0.5270833333333333 0.4125 0.5153645833333333 0.40879629629629627 0.4984375 0.41064814814814815 0.48515625 0.41712962962962963 0.47369791666666666 0.4287037037037037 0.46588541666666666 0.4398148148148148 0.45416666666666666 0.4685185185185185 0.4328125 0.4726851851851852 0.42916666666666664 0.4759259259259259
0 0.33567708333333335 0.3592592592592593 0.33541666666666664 0.3662037037037037 0.3377604166666667 0.3907407407407407 0.3411458333333333 0.39675925925925926 0.35234375 0.4083333333333333 0.36666666666666664 0.4078703703703704 0.37135416666666665 0.41064814814814815 0.371875 0.4148148148148148 0.3815104166666667 0.43148148148148147 0.38307291666666665 0.4388888888888889 0.38255208333333335 0.4425925925925926 0.38671875 0.4597222222222222 0.39010416666666664 0.46574074074074073 0.4114583333333333 0.47824074074074074 0.4158854166666667 0.4787037037037037 0.42526041666666664 0.4777777777777778 0.42890625 0.4736111111111111 0.44609375 0.462037037037037 0.4578125 0.44907407407407407 0.459375 0.4388888888888889 0.46145833333333336 0.4356481481481482 0.46015625 0.43148148148148147 0.46145833333333336 0.42916666666666664 0.46197916666666666 0.41574074074074074 0.46119791666666665 0.41064814814814815 0.4627604166666667 0.40324074074074073 0.46822916666666664 0.3962962962962963 0.4778645833333333 0.3972222222222222 0.4822916666666667 0.39490740740740743 0.49114583333333334 0.38055555555555554 0.4942708333333333 0.36944444444444446 0.4921875 0.34120370370370373 0.490625 0.3351851851851852 0.48828125 0.3314814814814815 0.48463541666666665 0.3296296296296296 0.46848958333333335 0.33055555555555555 0.4609375 0.32685185185185184 0.45598958333333334 0.31574074074074077 0.44947916666666665 0.30694444444444446 0.43776041666666665 0.2986111111111111 0.4231770833333333 0.29444444444444445 0.4046875 0.2962962962962963 0.39140625 0.30324074074074076 0.38307291666666665 0.3101851851851852 0.37604166666666666 0.3194444444444444 0.3703125 0.3287037037037037 0.36692708333333335 0.3388888888888889 0.36276041666666664 0.34074074074074073 0.35208333333333336 0.34074074074074073 0.3419270833333333 0.3453703703703704 0.3380208333333333 0.3490740740740741
0 0.2203125 0.5037037037037037 0.22005208333333334 0.5226851851851851 0.22161458333333334 0.5305555555555556 0.22238151041666668 0.5372537037037037 0.22633906250000002 0.5462055555555556 0.23731249999999998 0.5567555555555556 0.2551216145833333 0.5596328703703703 0.26483567708333333 0.5839300925925925 0.2749096354166667 0.5963981481481482 0.28480364583333334 0.6031115740740741 0.29002057291666666 0.615899537037037 0.2966765625 0.6248513888888889 0.30911458333333336 0.6324074074074074 0.32526041666666666 0.6328703703703704 0.34479166666666666 0.624537037037037 0.36302083333333335 0.6018518518518519 0.36692708333333335 0.5921296296296297 0.3731770833333333 0.5638888888888889 0.3734375 0.5453703703703704 0.39140625 0.5365740740740741 0.3971354166666667 0.5287037037037037 0.4 0.5222222222222223 0.40390625 0.5055555555555555 0.4036458333333333 0.48055555555555557 0.4010416666666667 0.4736111111111111 0.39739583333333334 0.47129629629629627 0.37942708333333336 0.4722222222222222 0.37135416666666665 0.4699074074074074 0.3692708333333333 0.4597222222222222 0.3614583333333333 0.44212962962962965 0.34765625 0.42777777777777776 0.34036458333333336 0.4236111111111111 0.3296875 0.42083333333333334 0.3109375 0.4212962962962963 0.2953125 0.42962962962962964 0.2799479166666667 0.44212962962962965 0.26875 0.45740740740740743 0.2596354166666667 0.4740740740740741 0.25833333333333336 0.4787037037037037 0.24479166666666666 0.4842592592592593 0.22708333333333333 0.48842592592592593 0.22447916666666667 0.4912037037037037
0 0.15182291666666667 0.37037037037037035 0.15052083333333333 0.37546296296296294 0.15078125 0.38333333333333336 0.16145833333333334 0.4074074074074074 0.17272838541666669 0.4197601851851852 0.18090208333333332 0.4187587962962963 0.18851223958333332 0.4387949074074074 0.19978645833333333 0.4518185185185185 0.20711458333333335 0.4543231481481481 0.21218802083333335 0.47185462962962965 0.22233489583333332 0.48788379629629625 0.23079036458333332 0.48788379629629625 0.24403776041666667 0.4838763888888889 0.2565104166666667 0.4773148148148148 0.26588541666666665 0.45925925925925926 0.27890625 0.44212962962962965 0.296875 0.425 0.30104166666666665 0.4111111111111111 0.30572916666666666 0.4125 0.3104166666666667 0.4078703703703704 0.3177083333333333 0.3902777777777778 0.31875 0.3824074074074074 0.3182291666666667 0.36944444444444446 0.3151041666666667 0.35833333333333334 0.31302083333333336 0.35509259259259257 0.30755208333333334 0.35185185185185186 0.2925346354166667 0.35185185185185186 0.28932291666666665 0.3472222222222222 0.2864583333333333 0.33240740740740743 0.2796875 0.32037037037037036 0.26484375 0.30925925925925923 0.24869791666666666 0.3060185185185185 0.23229166666666667 0.3087962962962963 0.21614583333333334 0.31666666666666665 0.20260416666666667 0.32916666666666666 0.19348958333333333 0.34074074074074073 0.18567708333333333 0.3541666666666667 0.17447916666666666 0.35185185185185186 0.16692708333333334 0.3560185185185185 0.15755208333333334 0.3560185185185185
0 0.09036458333333333 0.45 0.07291666666666667 0.46435185185185185 0.058854166666666666 0.48055555555555557 0.05546875 0.4875 0.04453125 0.5013888888888889 0.038802083333333334 0.5032407407407408 0.01796875 0.5018518518518519 0.007843229166666667 0.5094226851851852 0 0.5279564814814814 0 0.5486111111111112 0.0125 0.562962962962963 0.01640625 0.5652777777777778 0.024479166666666666 0.5657407407407408 0.03463541666666667 0.5981481481481481 0.04921875 0.6189814814814815 0.06041666666666667 0.6273148148148148 0.08307291666666666 0.6337962962962963 0.08984375 0.6444444444444445 0.0984375 0.6523148148148148 0.11171875 0.6578703703703703 0.13125 0.6550925925925926 0.14765625 0.6449074074074074 0.16223958333333333 0.6305555555555555 0.1734375 0.611574074074074 0.17916666666666667 0.5986111111111111 0.18255208333333334 0.5847222222222223 0.18359375 0.575 0.18307291666666667 0.5680555555555555 0.18489583333333334 0.562962962962963 0.18984375 0.5574074074074075 0.19322916666666667 0.55 0.1984375 0.5199074074074074 0.19817708333333334 0.5120370370370371 0.19375 0.49537037037037035 0.18984375 0.49212962962962964 0.17369791666666667 0.49074074074074076 0.16666666666666666 0.48194444444444445 0.16328125 0.4689814814814815 0.15651041666666668 0.45416666666666666 0.14088541666666668 0.4412037037037037 0.12239583333333333 0.43796296296296294 0.10182291666666667 0.44351851851851853
0 0.0046875 0.350462962962963 0 0.35648148148148145 0 0.4550925925925926 0.01484375 0.4634259259259259 0.022916666666666665 0.46574074074074073 0.027864583333333335 0.46944444444444444 0.0328125 0.48009259259259257 0.0484375 0.49027777777777776 0.05364583333333333 0.4875 0.07421875 0.4615740740740741 0.08697916666666666 0.45046296296296295 0.10572916666666667 0.4388888888888889 0.11770833333333333 0.4356481481481482 0.12836536458333334 0.4382939814814815 0.1292109375 0.4127476851851852 0.13385416666666666 0.39305555555555555 0.13619791666666667 0.38055555555555554 0.13515625 0.3731481481481482 0.12734375 0.3587962962962963 0.10859375 0.35509259259259257 0.10494791666666667 0.3351851851851852 0.10052083333333334 0.32685185185185184 0.09036458333333333 0.31712962962962965 0.08125 0.31342592592592594 0.06432291666666666 0.31296296296296294 0.043229166666666666 0.31851851851851853 0.028125 0.3277777777777778 0.020572916666666666 0.3365740740740741