2 0.6676890625 0.8584708333333333 0.6701390625 0.8446645833333334 0.672484375 0.8347645833333334 0.6720937499999999 0.82695 0.6642765625 0.8253874999999999 0.657240625 0.8264291666666667 0.6537234375 0.8415374999999999 0.6490328125 0.8509166666666667 0.6509875 0.86185625 0.6591953125 0.8649833333333333
1 0.65606875 0.7305666666666667 0.64746875 0.73681875 0.6459046875000001 0.7482791666666666 0.6423875 0.7576583333333333 0.6392609375 0.7649520833333334 0.6404328125000001 0.7732875 0.6451234375 0.7837083333333333 0.65333125 0.7837083333333333 0.66115 0.7847500000000001 0.6693578125 0.7795395833333333 0.66779375 0.7628687500000001 0.6701390625 0.75453125 0.6720937499999999 0.7425479166666666 0.67053125 0.7347333333333333 0.6627125 0.7316083333333334
0 0.528125 0.78125 0.5265625 0.8395833333333333 0.54375 0.8854166666666666 0.5515625 0.9333333333333333 0.584375 0.9770833333333333 0.61875 0.9895833333333334 0.625 0.9979166666666667 0.6953125 0.9979166666666667 0.7 0.9520833333333333 0.709375 0.95 0.7515625 0.8875 0.76875 0.8270833333333333 0.7671875 0.78125 0.7515625 0.7395833333333334 0.721875 0.70625 0.696875 0.6895833333333333 0.6671875 0.68125 0.6609375 0.6354166666666666 0.6484375 0.6208333333333333 0.6265625 0.6208333333333333 0.6125 0.6291666666666667 0.6078125 0.6520833333333333 0.6109375 0.6791666666666667 0.584375 0.6916666666666667 0.5546875 0.7166666666666667 0.5375 0.74375
0 0.3078125 0.6208333333333333 0.3109375 0.6583333333333333 0.30625 0.6625 0.30625 0.6770833333333334 0.325 0.7104166666666667 0.3421875 0.7729166666666667 0.3625 0.7958333333333333 0.390625 0.8083333333333333 0.4375 0.8083333333333333 0.46875 0.79375 0.4921875 0.7583333333333333 0.5 0.7041666666666667 0.5203125 0.6583333333333333 0.5203125 0.6229166666666667 0.509375 0.5958333333333333 0.478125 0.5583333333333333 0.43125 0.5375 0.4296875 0.5 0.396875 0.49166666666666664 0.3796875 0.49583333333333335 0.3796875 0.5354166666666667 0.3625 0.54375 0.33125 0.575
0 0.49375 0.45416666666666666 0.4921875 0.4895833333333333 0.50625 0.5229166666666667 0.5078125 0.56875 0.5140625 0.5875 0.540625 0.61875 0.5671875 0.63125 0.6015625 0.63125 0.640625 0.6104166666666667 0.65625 0.5833333333333334 0.6640625 0.5458333333333333 0.678125 0.51875 0.684375 0.49166666666666664 0.684375 0.47708333333333336 0.675 0.45 0.6453125 0.41458333333333336 0.6078125 0.39791666666666664 0.603125 0.39166666666666666 0.6046875 0.3770833333333333 0.5953125 0.36041666666666666 0.584375 0.3541666666666667 0.5640625 0.35833333333333334 0.5578125 0.39166666666666666 0.521875 0.41458333333333336 0.5 0.4395833333333333
0 0.3390625 0.33541666666666664 0.328125 0.3729166666666667 0.3453125 0.4083333333333333 0.3515625 0.4583333333333333 0.3640625 0.4791666666666667 0.3796875 0.4895833333333333 0.4390625 0.49583333333333335 0.45625 0.4875 0.478125 0.46458333333333335 0.4859375 0.4395833333333333 0.4875 0.4 0.5015625 0.3729166666666667 0.5015625 0.35 0.4953125 0.33125 0.478125 0.30833333333333335 0.4515625 0.29583333333333334 0.434375 0.2604166666666667 0.415625 0.25833333333333336 0.403125 0.26458333333333334 0.403125 0.28125 0.3984375 0.28958333333333336 0.3671875 0.30416666666666664 0.35 0.31875
0 0.484375 0.24166666666666667 0.48125 0.26666666666666666 0.4921875 0.29375 0.4921875 0.3229166666666667 0.5015625 0.33958333333333335 0.5046875 0.36041666666666666 0.5109375 0.36875 0.53125 0.38125 0.5515625 0.3854166666666667 0.5578125 0.37916666666666665 0.5609375 0.35833333333333334 0.5703125 0.35208333333333336 0.5953125 0.3541666666666667 0.5984375 0.35833333333333334 0.59375 0.3625 0.5984375 0.3625 0.6015625 0.36875 0.6140625 0.36041666666666666 0.6203125 0.3375 0.6234375 0.3020833333333333 0.6359375 0.28125 0.6359375 0.25625 0.6109375 0.22083333333333333 0.565625 0.20208333333333334 0.559375 0.17916666666666667 0.54375 0.175 0.528125 0.18333333333333332 0.528125 0.2 0.5234375 0.20833333333333334 0.5015625 0.22083333333333333
0 0.353125 0.17083333333333334 0.3515625 0.175 0.3546875 0.19583333333333333 0.3609375 0.2125 0.365625 0.2604166666666667 0.38125 0.2833333333333333 0.3921875 0.2875 0.4 0.28541666666666665 0.403125 0.26458333333333334 0.4078125 0.25833333333333336 0.4109375 0.2604166666666667 0.4171875 0.25625 0.434375 0.25833333333333336 0.440625 0.26875 0.4390625 0.2791666666666667 0.453125 0.28541666666666665 0.4625 0.28125 0.4765625 0.2625 0.4875 0.2 0.484375 0.16458333333333333 0.471875 0.14583333333333334 0.4578125 0.1375 0.44375 0.13541666666666666 0.4359375 0.1125 0.421875 0.10833333333333334 0.4125 0.1125 0.40625 0.11875 0.3984375 0.1375 0.38125 0.14166666666666666 0.359375 0.16041666666666668
0 0.475 0.10625 0.4734375 0.12083333333333333 0.4828125 0.1375 0.4828125 0.15625 0.4890625 0.17291666666666666 0.4890625 0.18958333333333333 0.4921875 0.2 0.50625 0.20833333333333334 0.5171875 0.20833333333333334 0.5265625 0.20208333333333334 0.5265625 0.18541666666666667 0.53125 0.17916666666666667 0.5515625 0.175 0.5609375 0.17916666666666667 0.5625 0.19791666666666666 0.565625 0.20208333333333334 0.578125 0.20208333333333334 0.5859375 0.19375 0.590625 0.175 0.590625 0.14583333333333334 0.5984375 0.13125 0.6 0.12083333333333333 0.59375 0.10208333333333333 0.584375 0.08958333333333333 0.5671875 0.07916666666666666 0.5421875 0.07291666666666667 0.5421875 0.0625 0.5390625 0.05625 0.53125 0.05625 0.5265625 0.06041666666666667 0.5140625 0.0625 0.5109375 0.075 0.4859375 0.0875 0.4796875 0.09375
0 0.3671875 0.05416666666666667 0.3625 0.06666666666666667 0.3671875 0.08125 0.3734375 0.0875 0.375 0.12291666666666666 0.38125 0.1375 0.3921875 0.1375 0.403125 0.13333333333333333 0.40625 0.11875 0.4171875 0.11041666666666666 0.4328125 0.11041666666666666 0.4453125 0.13333333333333333 0.4625 0.1375 0.4703125 0.12916666666666668 0.4734375 0.09375 0.478125 0.07916666666666666 0.478125 0.058333333333333334 0.475 0.04583333333333333 0.4671875 0.0375 0.44375 0.029166666666666667 0.4375 0.020833333333333332 0.4390625 0.01875 0.434375 0.014583333333333334 0.415625 0.014583333333333334 0.409375 0.03125 0.3859375 0.0375
0 0.5609375 0 0.475 0 0.471875 0.020833333333333332 0.4765625 0.03125 0.4765625 0.04375 0.4796875 0.052083333333333336 0.48125 0.075 0.4859375 0.08125 0.4953125 0.08125 0.503125 0.07708333333333334 0.5104640625 0.07329791666666667 0.516009375 0.05957083333333334 0.528684375 0.05534583333333333 0.540303125 0.055697916666666666 0.5453125 0.06458333333333334 0.5453125 0.06875 0.5484375 0.07291666666666667 0.5671875 0.075 0.56875 0.07291666666666667 0.5671875 0.04583333333333333 0.56875 0.04375 0.56875 0.035416666666666666 0.575 0.022916666666666665 0.5734375 0.010416666666666666 0.56875 0