1 0.6532630208333334 0.586101388888889 0.6523140625 0.5913310185185185 0.6537375 0.5974046296296296 0.6578184895833333 0.6036462962962963 0.6652213541666666 0.6065143518518518 0.67034609375 0.6061768518518519 0.6752812499999999 0.6019592592592592 0.6764203125 0.5980791666666667 0.6748067708333333 0.5807032407407408 0.67661015625 0.5626518518518518 0.6752604166666667 0.5592592592592592 0.6721354166666667 0.5550925925925926 0.6666666666666666 0.5527777777777778 0.6604166666666667 0.5550925925925926 0.6580083333333333 0.5690625 0.6567744791666666 0.5754731481481481
1 0.50693828125 0.4502273148148148 0.5078125 0.4537037037037037 0.5112700520833333 0.4576018518518518 0.5149309895833334 0.45933703703703704 0.5193846354166667 0.4583611111111111 0.522984375 0.456300462962963 0.5240825520833333 0.45337222222222223 0.5224963541666666 0.43873101851851853 0.52359453125 0.42463240740740743 0.52265625 0.4217592592592593 0.5188356770833333 0.41910138888888887 0.5142596354166666 0.4184509259259259 0.5110260416666667 0.42127037037037035 0.51078203125 0.4261509259259259 0.51015625 0.4361111111111111
1 0.05878411458333333 0.442525 0.06298515625 0.4411949074074074 0.06704062499999999 0.4389185185185185 0.06924609374999999 0.4370212962962963 0.07145182291666667 0.43234212962962965 0.07095364583333333 0.4270305555555555 0.0690328125 0.4219717592592592 0.06689817708333333 0.41843055555555553 0.06419453125 0.40755416666666666 0.06369661458333334 0.40515092592592594 0.06255807291666667 0.40375972222222223 0.059925781250000004 0.402874537037037 0.05700859375 0.4032541666666667 0.05416276041666667 0.4042657407407408 0.051672395833333336 0.40565694444444444 0.0500359375 0.4069217592592593 0.04797265625 0.40932453703703703 0.04797265625 0.4109685185185185 0.05124557291666666 0.42437453703703704 0.05131666666666667 0.43019212962962966 0.051601302083333335 0.4362625 0.052241666666666665 0.4386657407407408 0.05380703125 0.4409421296296296 0.0558703125 0.4420800925925926
2 0.09411536458333333 0.42352268518518515 0.0968453125 0.4211550925925926 0.10140390625000001 0.42169537037037036 0.10398697916666667 0.426287037037037 0.10687395833333334 0.4462740740740741 0.10535442708333333 0.4514060185185185 0.10064401041666667 0.45437685185185184 0.09638958333333333 0.4530263888888889 0.09335052083333334 0.42844768518518517
2 0.5539252604166667 0.43969907407407405 0.54982265625 0.4653583333333333 0.55164609375 0.46967962962962967 0.5559005208333333 0.47184027777777776 0.5589395833333334 0.47048981481481483 0.56152265625 0.4459111111111111 0.5613708333333334 0.44348055555555554 0.5595473958333332 0.44023935185185187 0.5568122395833334 0.43969907407407405
2 0.7151359374999999 0.5801384259259259 0.7075453125000001 0.6068884259259258 0.7087606770833333 0.6122902777777778 0.7114958333333333 0.6163416666666667 0.7165101562499999 0.6179625 0.72076484375 0.616612037037037 0.7262348958333333 0.5866310185185185 0.7250192708333334 0.581499537037037 0.7215244791666666 0.5777180555555556 0.7178776041666667 0.5769078703703704
0 0.010677083333333334 0.6111111111111112 0.0046875 0.6217592592592592 0 0.6263888888888889 0 0.7398148148148148 0.012239583333333333 0.7481481481481481 0.023697916666666666 0.775 0.039322916666666666 0.8064814814814815 0.055989583333333336 0.8194444444444444 0.065625 0.8226851851851852 0.07734375 0.8236111111111111 0.0890625 0.8217592592592593 0.11536458333333334 0.8115740740740741 0.11848958333333333 0.8074074074074075 0.12421875 0.8046296296296296 0.14114583333333333 0.7898148148148149 0.15859375 0.7699074074074074 0.17109375 0.750462962962963 0.18411458333333333 0.7208333333333333 0.2046875 0.6444444444444445 0.20703125 0.6412037037037037 0.21432291666666667 0.6203703703703703 0.21354166666666666 0.6125 0.21041666666666667 0.6050925925925926 0.20859375 0.6041666666666666 0.20598958333333334 0.6041666666666666 0.19921875 0.6106481481481482 0.19140625 0.6111111111111112 0.18359375 0.6175925925925926 0.18203125 0.6087962962962963 0.18307291666666667 0.6055555555555555 0.18229166666666666 0.5981481481481481 0.18385416666666668 0.5953703703703703 0.18463541666666666 0.5884259259259259 0.18046875 0.5708333333333333 0.17604166666666668 0.562962962962963 0.17135416666666667 0.5578703703703703 0.15572916666666667 0.5467592592592593 0.14427083333333332 0.5416666666666666 0.10911458333333333 0.5444444444444444 0.078125 0.5546296296296296 0.06354166666666666 0.562962962962963 0.04296875 0.5782407407407407
0 0.049479166666666664 0.4064814814814815 0.048177083333333336 0.4115740740740741 0.04973958333333333 0.42314814814814816 0.046614583333333334 0.42685185185185187 0.02265625 0.4398148148148148 0 0.46111111111111114 0 0.5472222222222223 0.006510416666666667 0.549537037037037 0.011979166666666667 0.5546296296296296 0.014583333333333334 0.5606481481481481 0.020052083333333335 0.5675925925925925 0.02890625 0.5893518518518519 0.06927083333333334 0.5583333333333333 0.11276041666666667 0.5421296296296296 0.1375 0.5407407407407407 0.14739583333333334 0.5375 0.15208333333333332 0.5393518518518519 0.15338541666666666 0.5370370370370371 0.15260416666666668 0.5273148148148148 0.1546875 0.5194444444444445 0.16848958333333333 0.4986111111111111 0.17682291666666666 0.48055555555555557 0.1765625 0.4699074074074074 0.16953125 0.44907407407407407 0.16276041666666666 0.44583333333333336 0.14869791666666668 0.44351851851851853 0.14635416666666667 0.43148148148148147 0.14348958333333334 0.425 0.140625 0.4212962962962963 0.13046875 0.4148148148148148 0.1171875 0.4101851851851852 0.09869791666666666 0.40925925925925927 0.07057291666666667 0.4152777777777778 0.06588541666666667 0.41203703703703703 0.06432291666666666 0.40694444444444444 0.06067708333333333 0.4027777777777778
0 0.18541666666666667 0.48333333333333334 0.18203125 0.4912037037037037 0.18203125 0.4981481481481482 0.18385416666666668 0.5041666666666667 0.18411458333333333 0.512962962962963 0.18567708333333333 0.5189814814814815 0.18958333333333333 0.5259259259259259 0.19921875 0.5375 0.20859375 0.5402777777777777 0.21276041666666667 0.538425925925926 0.21692708333333333 0.5407407407407407 0.22395833333333334 0.5513888888888889 0.234375 0.5592592592592592 0.23697916666666666 0.5685185185185185 0.23802083333333332 0.5777777777777777 0.23723958333333334 0.5814814814814815 0.2390625 0.5847222222222223 0.23828125 0.5884259259259259 0.24140625 0.5986111111111111 0.24479166666666666 0.600925925925926 0.25104166666666666 0.5972222222222222 0.25677083333333334 0.5972222222222222 0.26927083333333335 0.6050925925925926 0.2721354166666667 0.6111111111111112 0.28541666666666665 0.6134259259259259 0.2903645833333333 0.6097222222222223 0.29583333333333334 0.5990740740740741 0.30390625 0.5875 0.31171875 0.5796296296296296 0.3151041666666667 0.5722222222222222 0.32317708333333334 0.5634259259259259 0.3380208333333333 0.5546296296296296 0.3502604166666667 0.55 0.35234375 0.5467592592592593 0.35390625 0.5375 0.35963541666666665 0.5337962962962963 0.3658854166666667 0.5370370370370371 0.3697916666666667 0.5370370370370371 0.3729166666666667 0.5337962962962963 0.38697916666666665 0.5074074074074074 0.39036458333333335 0.4981481481481482 0.39140625 0.4861111111111111 0.390625 0.4773148148148148 0.38697916666666665 0.47453703703703703 0.3729166666666667 0.4791666666666667 0.3671875 0.4842592592592593 0.36171875 0.4842592592592593 0.35911458333333335 0.48148148148148145 0.3580729166666667 0.4736111111111111 0.35494791666666664 0.46574074074074073 0.34869791666666666 0.4564814814814815 0.3302083333333333 0.4412037037037037 0.3138020833333333 0.4361111111111111 0.2833333333333333 0.4388888888888889 0.265625 0.44537037037037036 0.23984375 0.46574074074074073 0.22369791666666666 0.48703703703703705 0.21822916666666667 0.49074074074074076 0.21666666666666667 0.4912037037037037 0.21119791666666668 0.48703703703703705 0.21067708333333332 0.4824074074074074 0.20520833333333333 0.4773148148148148 0.19973958333333333 0.475 0.19270833333333334 0.475
0 0.23333333333333334 0.6296296296296297 0.23307291666666666 0.638425925925926 0.234375 0.6472222222222223 0.23776041666666667 0.6601851851851852 0.240625 0.6652777777777777 0.25338541666666664 0.6819444444444445 0.25833333333333336 0.6856481481481481 0.26276041666666666 0.6856481481481481 0.2986979166666667 0.7421296296296296 0.30130208333333336 0.7513888888888889 0.30494791666666665 0.7587962962962963 0.30807291666666664 0.7856481481481481 0.3098958333333333 0.7935185185185185 0.3145833333333333 0.8041666666666667 0.32734375 0.8199074074074074 0.3385416666666667 0.8287037037037037 0.3580729166666667 0.8328703703703704 0.3768229166666667 0.8310185185185185 0.3890625 0.825462962962963 0.40520833333333334 0.8106481481481481 0.4158854166666667 0.7962962962962963 0.42864583333333334 0.774074074074074 0.43411458333333336 0.7555555555555555 0.43697916666666664 0.7388888888888889 0.43723958333333335 0.7226851851851852 0.4361979166666667 0.7101851851851851 0.45677083333333335 0.6907407407407408 0.4625 0.6935185185185185 0.46536458333333336 0.6925925925925925 0.4705729166666667 0.6893518518518519 0.471875 0.6856481481481481 0.4752604166666667 0.6824074074074075 0.48489583333333336 0.6754629629629629 0.4901041666666667 0.6578703703703703 0.49192708333333335 0.6439814814814815 0.49140625 0.6231481481481481 0.4875 0.6134259259259259 0.4825520833333333 0.611574074074074 0.44947916666666665 0.6166666666666667 0.4473958333333333 0.6069444444444444 0.44375 0.5990740740740741 0.44166666666666665 0.5907407407407408 0.42994791666666665 0.5736111111111111 0.40625 0.5509259259259259 0.39140625 0.5467592592592593 0.36276041666666664 0.5476851851851852 0.3380208333333333 0.5564814814814815 0.32447916666666665 0.5638888888888889 0.31744791666666666 0.5703703703703704 0.3111979166666667 0.5819444444444445 0.29973958333333334 0.5949074074074074 0.29192708333333334 0.6074074074074074 0.2890625 0.6152777777777778 0.2872395833333333 0.6166666666666667 0.26197916666666665 0.600462962962963 0.2552083333333333 0.5981481481481481 0.24869791666666666 0.5990740740740741 0.24453125 0.6018518518518519 0.24010416666666667 0.6083333333333333
0 0.41302083333333334 0.4740740740740741 0.4127604166666667 0.5074074074074074 0.41458333333333336 0.5157407407407407 0.42526041666666664 0.5351851851851852 0.43203125 0.5425925925925926 0.45 0.538425925925926 0.45729166666666665 0.5449074074074074 0.4622395833333333 0.6060185185185185 0.46328125 0.6092592592592593 0.47317708333333336 0.6125 0.48359375 0.6106481481481482 0.48828125 0.6129629629629629 0.49166666666666664 0.6217592592592592 0.49244791666666665 0.6467592592592593 0.49375 0.6546296296296297 0.50703125 0.6587962962962963 0.51953125 0.6592592592592592 0.5239583333333333 0.6574074074074074 0.5267041666666666 0.6177847222222222 0.53263828125 0.597350925925926 0.5508122395833334 0.5914185185185185 0.5697276041666667 0.592737037037037 0.5723239583333334 0.5531884259259259 0.5947916666666667 0.5504629629629629 0.6 0.5504629629629629 0.61328125 0.5333333333333333 0.6166666666666667 0.5268518518518519 0.6200520833333333 0.513425925925926 0.6197916666666666 0.4837962962962963 0.6174479166666667 0.4736111111111111 0.6151041666666667 0.46944444444444444 0.6096354166666667 0.46620370370370373 0.5997395833333333 0.46435185185185185 0.5848958333333333 0.46435185185185185 0.5817708333333333 0.46620370370370373 0.57734375 0.46435185185185185 0.5716145833333334 0.4532407407407407 0.56171875 0.4449074074074074 0.5580729166666667 0.4388888888888889 0.5473958333333333 0.43148148148148147 0.5171875 0.41898148148148145 0.5114583333333333 0.42083333333333334 0.509375 0.42685185185185187 0.5005208333333333 0.42407407407407405 0.48072916666666665 0.4310185185185185 0.4669270833333333 0.44212962962962965 0.4596354166666667 0.45 0.45729166666666665 0.45601851851851855 0.45260416666666664 0.4583333333333333 0.44192708333333336 0.45787037037037037 0.4393229166666667 0.45555555555555555 0.43263880208333333 0.45787037037037037 0.42682291666666666 0.4564814814814815 0.42135416666666664 0.45787037037037037 0.41640625 0.4634259259259259
0 0.5255208333333333 0.6333333333333333 0.5268229166666667 0.6611111111111111 0.5309895833333333 0.6768518518518518 0.5421875 0.700925925925926 0.5466145833333333 0.7060185185185185 0.55 0.7069444444444445 0.55703125 0.7064814814814815 0.5606770833333333 0.7083333333333334 0.5658854166666667 0.7060185185185185 0.5763020833333333 0.7236111111111111 0.578125 0.7578703703703704 0.5807291666666666 0.7726851851851851 0.58515625 0.787962962962963 0.5901041666666667 0.8 0.5994791666666667 0.8175925925925925 0.6044270833333333 0.825 0.6119791666666666 0.8314814814814815 0.6182291666666667 0.8398148148148148 0.63359375 0.8532407407407407 0.6432291666666666 0.8583333333333333 0.65703125 0.8597222222222223 0.6739583333333333 0.8601851851851852 0.6802083333333333 0.8583333333333333 0.6919270833333333 0.8523148148148149 0.7072916666666667 0.8375 0.715625 0.8208333333333333 0.7192708333333333 0.8078703703703703 0.7239583333333334 0.7814814814814814 0.7588541666666667 0.7199074074074074 0.765625 0.7175925925925926 0.76875 0.7138888888888889 0.7729166666666667 0.7166666666666667 0.77578125 0.7138888888888889 0.7794270833333333 0.7134259259259259 0.7864583333333334 0.7069444444444445 0.7908854166666667 0.6972222222222222 0.796875 0.6884259259259259 0.80390625 0.6546296296296297 0.8028645833333333 0.6402777777777777 0.7953125 0.6231481481481481 0.7877604166666666 0.6125 0.7809895833333333 0.6087962962962963 0.7700520833333333 0.6064814814814815 0.7450520833333333 0.6064814814814815 0.7247395833333333 0.586574074074074 0.71328125 0.5722222222222222 0.7072916666666667 0.5601851851851852 0.7013020833333333 0.5550925925925926 0.6963541666666667 0.5523148148148148 0.6671875 0.5476851851851852 0.6544270833333333 0.538425925925926 0.6432291666666666 0.5388888888888889 0.6057291666666667 0.5472222222222223 0.58359375 0.5717592592592593 0.5736979166666667 0.5925925925925926 0.5546875 0.5944444444444444 0.553125 0.5916666666666667 0.5328125 0.5981481481481481 0.5294270833333333 0.6074074074074074
0 0.7065104166666667 0.49444444444444446 0.70625 0.5092592592592593 0.7265625 0.5513888888888889 0.72890625 0.5550925925925926 0.73203125 0.5564814814814815 0.7356770833333334 0.5652777777777778 0.7372395833333333 0.5958333333333333 0.7403645833333333 0.6032407407407407 0.74375 0.6055555555555555 0.7752604166666667 0.6060185185185185 0.7828125 0.6083333333333333 0.7903645833333334 0.6138888888888889 0.7947916666666667 0.6199074074074075 0.80390625 0.6416666666666667 0.8046875 0.6541666666666667 0.8028645833333333 0.662962962962963 0.8033854166666666 0.6675925925925926 0.8049479166666667 0.6694444444444444 0.8125 0.6703703703703704 0.8346354166666666 0.6675925925925926 0.8416666666666667 0.6648148148148149 0.85 0.6578703703703703 0.859375 0.6402777777777777 0.86640625 0.6194444444444445 0.8755208333333333 0.5856481481481481 0.890625 0.5740740740740741 0.8953125 0.5666666666666667 0.9 0.5541666666666667 0.9091145833333333 0.5467592592592593 0.91796875 0.5365740740740741 0.9216145833333333 0.5273148148148148 0.925 0.5087962962962963 0.9216145833333333 0.49953703703703706 0.9080729166666667 0.48564814814814816 0.90234375 0.4847222222222222 0.89453125 0.4875 0.8796875 0.4986111111111111 0.8763020833333334 0.49675925925925923 0.8716145833333333 0.48935185185185187 0.8643229166666667 0.48194444444444445 0.8341145833333333 0.462037037037037 0.8109375 0.45231481481481484 0.7872395833333333 0.4476851851851852 0.759375 0.4527777777777778 0.74453125 0.4634259259259259 0.7375 0.4773148148148148 0.73515625 0.48703703703703705 0.7359375 0.4962962962962963 0.7322916666666667 0.5074074074074074 0.7265625 0.5064814814814815 0.7140625 0.4935185185185185 0.7098958333333333 0.49166666666666664
0 0.9065104166666667 0.6407407407407407 0.9065104166666667 0.6462962962962963 0.9104166666666667 0.6578703703703703 0.9338541666666667 0.7023148148148148 0.9356770833333333 0.7106481481481481 0.9325520833333333 0.7449074074074075 0.9513020833333333 0.7967592592592593 0.9645833333333333 0.8134259259259259 0.9770833333333333 0.8333333333333334 0.9947916666666666 0.8513888888888889 0.9997395833333333 0.8541666666666666 0.9997395833333333 0.5787037037037037 0.9864583333333333 0.5787037037037037 0.965625 0.5828703703703704 0.95234375 0.5949074074074074 0.9484375 0.600925925925926 0.9447916666666667 0.6111111111111112 0.9442708333333333 0.6208333333333333 0.9471354166666667 0.6393518518518518 0.941875 0.6453703703703704 0.92578125 0.6398148148148148 0.91953125 0.6319444444444444 0.915625 0.6300925925925925 0.9111979166666667 0.6305555555555555