1 0.4890625 0.48148148148148145 0.4895833333333333 0.49444444444444446 0.4877322916666667 0.507074074074074 0.4878044270833334 0.5106638888888889 0.49032864583333335 0.515150462962963 0.4941510416666667 0.5177148148148147 0.5001372395833333 0.5179708333333334 0.50413984375 0.5132402777777777 0.5062315104166667 0.5082402777777778 0.5062315104166667 0.5042662037037037 0.5046447916666666 0.49888194444444445 0.5031302083333333 0.49349768518518516 0.5016877604166666 0.4783699074074074 0.49873072916666666 0.4751652777777778 0.49453125 0.47453703703703703 0.49114583333333334 0.47638888888888886
1 0.6824377604166667 0.6110712962962963 0.6847981770833333 0.6116939814814815 0.6886929687500001 0.6110527777777778 0.6931643229166667 0.6083606481481482 0.6940296875 0.6052837962962963 0.69330859375 0.5870796296296297 0.6946067708333333 0.5774648148148148 0.6948231770833334 0.5729777777777778 0.69467890625 0.5693884259259259 0.69330859375 0.5651578703703704 0.6913614583333333 0.5627217592592593 0.6885486979166667 0.560799074074074 0.6855916666666667 0.5602861111111112 0.6829231770833334 0.5604143518518518 0.6806875 0.5614398148148149 0.6793171875 0.563362962962963 0.6785958333333333 0.5654138888888889 0.6764322916666666 0.5801569444444444 0.6741963541666667 0.5825925925925927 0.6728263020833333 0.5856694444444445 0.67181640625 0.5901564814814815 0.6720328125 0.5946435185185186 0.67268203125 0.5984893518518519 0.67405234375 0.6023351851851853 0.6758552083333333 0.6060532407407407 0.6783794270833333 0.607975925925926
2 0.5393864583333333 0.503826388888889 0.5401799479166667 0.4783050925925925 0.5384497395833333 0.47330740740740745 0.534340625 0.47215416666666665 0.5315291666666666 0.4756138888888889 0.5289338541666667 0.4994486111111111 0.5313127604166666 0.5071374999999999
2 0.7209260416666667 0.5554305555555555 0.7147098958333333 0.5809481481481481 0.7160075520833333 0.5878675925925927 0.72054921875 0.590174537037037 0.7263885416666667 0.5897898148148147 0.7300651041666666 0.5655708333333334 0.7309302083333333 0.5582666666666667 0.72682109375 0.5544222222222221
0 0.84140625 0.49722222222222223 0.8408854166666667 0.5125 0.8479166666666667 0.5333333333333333 0.8471354166666667 0.5435185185185185 0.8481770833333333 0.5537037037037037 0.8552083333333333 0.5712962962962963 0.8768229166666667 0.6018518518518519 0.8942708333333333 0.6162037037037037 0.91484375 0.625462962962963 0.928125 0.6291666666666667 0.9401041666666666 0.6296296296296297 0.94609375 0.6291666666666667 0.9598958333333333 0.6231481481481481 0.9739583333333334 0.6087962962962963 0.9838541666666667 0.5884259259259259 0.9854166666666667 0.5810185185185185 0.9997395833333333 0.5578703703703703 0.9997395833333333 0.44722222222222224 0.9924479166666667 0.43796296296296294 0.9778645833333334 0.425 0.9630208333333333 0.4166666666666667 0.9466145833333334 0.4101851851851852 0.921875 0.4027777777777778 0.9041666666666667 0.4013888888888889 0.88671875 0.4046296296296296 0.86953125 0.412962962962963 0.8572916666666667 0.425 0.8526041666666667 0.4388888888888889 0.8518229166666667 0.4527777777777778 0.85625 0.4759259259259259 0.85625 0.4824074074074074 0.85390625 0.49212962962962964 0.85 0.49444444444444446 0.8440104166666667 0.4930555555555556
0 0.6604166666666667 0.44675925925925924 0.6609375 0.45601851851851855 0.6791666666666667 0.4842592592592593 0.6786458333333333 0.49444444444444446 0.6815104166666667 0.5041666666666667 0.6940104166666666 0.5277777777777778 0.7020833333333333 0.5356481481481481 0.7080729166666667 0.538425925925926 0.7200520833333334 0.5481481481481482 0.7268229166666667 0.5509259259259259 0.7484375 0.5486111111111112 0.7653645833333333 0.5393518518518519 0.7723958333333333 0.5319444444444444 0.7786458333333334 0.5194444444444445 0.7880208333333333 0.4861111111111111 0.7893229166666667 0.47685185185185186 0.8033854166666666 0.46064814814814814 0.80703125 0.45231481481481484 0.809375 0.44305555555555554 0.8098958333333334 0.43333333333333335 0.8080729166666667 0.41574074074074074 0.8057291666666667 0.4050925925925926 0.8111979166666666 0.3902777777777778 0.8143229166666667 0.36898148148148147 0.8106770833333333 0.3592592592592593 0.8020833333333334 0.35185185185185186 0.7971354166666667 0.35 0.7927083333333333 0.35 0.7880208333333333 0.3527777777777778 0.7802083333333333 0.36666666666666664 0.7768229166666667 0.36944444444444446 0.7653645833333333 0.3597222222222222 0.7515625 0.3578703703703704 0.7390625 0.3537037037037037 0.7122395833333334 0.3527777777777778 0.7057291666666666 0.35462962962962963 0.6911458333333333 0.36712962962962964 0.6768229166666667 0.38796296296296295 0.67421875 0.40046296296296297 0.6739583333333333 0.4078703703703704 0.675 0.4162037037037037 0.67890625 0.4305555555555556 0.6770833333333334 0.4356481481481482 0.6645833333333333 0.4398148148148148 0.6614583333333334 0.44305555555555554
0 0.5666666666666667 0.687962962962963 0.5669270833333333 0.7027777777777777 0.57109375 0.7203703703703703 0.5744791666666667 0.7231481481481481 0.5760416666666667 0.7222222222222222 0.58046875 0.7310185185185185 0.5864583333333333 0.7351851851851852 0.5877604166666667 0.7379629629629629 0.5890625 0.7375 0.61015625 0.7532407407407408 0.6151041666666667 0.7675925925925926 0.6260416666666667 0.7893518518518519 0.63125 0.7981481481481482 0.634375 0.799537037037037 0.63671875 0.8074074074074075 0.6459635416666667 0.8134259259259259 0.6489583333333333 0.8189814814814815 0.64921875 0.8236111111111111 0.6731770833333334 0.8287037037037037 0.69375 0.8268518518518518 0.70234375 0.8231481481481482 0.7174479166666666 0.8115740740740741 0.7236979166666667 0.8041666666666667 0.7322916666666667 0.7828703703703703 0.7369791666666666 0.7643518518518518 0.7552083333333334 0.7384259259259259 0.7619791666666667 0.7236111111111111 0.7677083333333333 0.7037037037037037 0.771875 0.6759259259259259 0.77265625 0.6578703703703703 0.77109375 0.6361111111111111 0.7731770833333333 0.6296296296296297 0.7796875 0.6231481481481481 0.7833333333333333 0.6129629629629629 0.78828125 0.5745370370370371 0.7861979166666667 0.5675925925925925 0.7752604166666667 0.5537037037037037 0.7721354166666666 0.5476851851851852 0.7638020833333333 0.5416666666666666 0.75859375 0.5425925925925926 0.7494791666666667 0.549074074074074 0.73125 0.5555555555555556 0.72734375 0.5550925925925926 0.7106770833333333 0.5425925925925926 0.6963541666666667 0.5347222222222222 0.6736979166666667 0.5287037037037037 0.6505208333333333 0.5314814814814814 0.6302083333333334 0.5407407407407407 0.6205729166666667 0.5486111111111112 0.6078125 0.5643518518518519 0.5989583333333334 0.5884259259259259 0.596875 0.600925925925926 0.5953125 0.6189814814814815 0.5963541666666666 0.6393518518518518 0.59296875 0.6481481481481481 0.5841145833333333 0.6537037037037037 0.5799479166666667 0.6541666666666667 0.5703125 0.663425925925926 0.5677083333333334 0.674537037037037
0 0.39296875 0.575462962962963 0.3932291666666667 0.5990740740740741 0.3971354166666667 0.6222222222222222 0.40598958333333335 0.6351851851851852 0.41510416666666666 0.6425925925925926 0.42578125 0.6449074074074074 0.44192708333333336 0.6342592592592593 0.44869791666666664 0.6453703703703704 0.44921875 0.6541666666666667 0.4513020833333333 0.6560185185185186 0.453125 0.6689814814814815 0.45989583333333334 0.6837962962962963 0.46640625 0.6930555555555555 0.48046875 0.7041666666666667 0.4921875 0.7083333333333334 0.4981770833333333 0.7092592592592593 0.51484375 0.7055555555555556 0.5244791666666667 0.700462962962963 0.5328125 0.6935185185185185 0.540625 0.6847222222222222 0.5486979166666667 0.6689814814814815 0.5494791666666666 0.663425925925926 0.553125 0.6541666666666667 0.55546875 0.6416666666666667 0.5613916666666667 0.6059037037037037 0.5678872395833333 0.5870143518518519 0.5726109375 0.5602541666666666 0.5833333333333334 0.5509259259259259 0.58828125 0.5421296296296296 0.5953125 0.5222222222222223 0.5958333333333333 0.5009259259259259 0.5950520833333334 0.4898148148148148 0.5919270833333333 0.47962962962962963 0.58515625 0.4703703703703704 0.58046875 0.4685185185185185 0.5708333333333333 0.4699074074074074 0.5653645833333333 0.4759259259259259 0.5575520833333333 0.47962962962962963 0.55625 0.48194444444444445 0.5486979166666667 0.48055555555555557 0.5434895833333333 0.4726851851851852 0.5385416666666667 0.4708333333333333 0.5283854166666667 0.4625 0.5169270833333334 0.4583333333333333 0.496875 0.45740740740740743 0.48098958333333336 0.46111111111111114 0.46588541666666666 0.4689814814814815 0.45234375 0.48055555555555557 0.44609375 0.487962962962963 0.43411458333333336 0.5087962962962963 0.4278645833333333 0.5291666666666667 0.42552083333333335 0.5444444444444444 0.41302083333333334 0.5541666666666667 0.4080729166666667 0.5550925925925926 0.39739583333333334 0.5625 0.39401041666666664 0.5675925925925925
0 0.2596354166666667 0.9004629629629629 0.259375 0.9152777777777777 0.26171875 0.9333333333333333 0.26927083333333335 0.950462962962963 0.27265625 0.9550925925925926 0.2796875 0.9597222222222223 0.29192708333333334 0.9629629629629629 0.30364583333333334 0.9606481481481481 0.31171875 0.9541666666666667 0.3177083333333333 0.9527777777777777 0.32447916666666665 0.9458333333333333 0.33125 0.9550925925925926 0.3380208333333333 0.9685185185185186 0.34921875 0.9828703703703704 0.3692708333333333 0.999537037037037 0.4578125 0.999537037037037 0.46328125 0.9949074074074075 0.4705729166666667 0.9833333333333333 0.47552083333333334 0.9708333333333333 0.4783854166666667 0.9666666666666667 0.4778645833333333 0.9638888888888889 0.48098958333333336 0.950925925925926 0.48411458333333335 0.9458333333333333 0.4861979166666667 0.937962962962963 0.49114583333333334 0.9115740740740741 0.490625 0.9050925925925926 0.49609375 0.8861111111111111 0.5 0.8634259259259259 0.5046255208333333 0.8329712962962963 0.5046255208333333 0.8215939814814816 0.5156 0.8134675925925926 0.5247455729166667 0.8091333333333334 0.53328125 0.7945055555555556 0.5387684895833333 0.7831282407407407 0.542121875 0.760374074074074 0.542121875 0.746287962962963 0.5330729166666667 0.7166666666666667 0.5265625 0.7083333333333334 0.52109375 0.7101851851851851 0.5119419270833333 0.7154069444444444 0.5049479166666667 0.7222222222222222 0.5052083333333334 0.7263888888888889 0.5 0.7310185185185185 0.4927364583333333 0.7387032407407407 0.4864583333333333 0.7388888888888889 0.48333333333333334 0.7305555555555555 0.47265625 0.7143518518518519 0.4591145833333333 0.7018518518518518 0.44973958333333336 0.6967592592592593 0.41953125 0.6902777777777778 0.41484375 0.6902777777777778 0.40078125 0.6962962962962963 0.3734375 0.7157407407407408 0.3416666666666667 0.75 0.33125 0.775 0.32395833333333335 0.8004629629629629 0.31796875 0.825462962962963 0.31354166666666666 0.8555555555555555 0.3059895833333333 0.8583333333333333 0.30390625 0.8611111111111112 0.296875 0.8597222222222223 0.29348958333333336 0.8629629629629629 0.28802083333333334 0.8625 0.2721354166666667 0.8689814814814815 0.26458333333333334 0.8791666666666667 0.26119791666666664 0.8898148148148148
0 0.11015625 0.7759259259259259 0.10989583333333333 0.7861111111111111 0.1125 0.8004629629629629 0.11614583333333334 0.8078703703703703 0.12265625 0.8152777777777778 0.13333333333333333 0.8208333333333333 0.15 0.8226851851851852 0.15520833333333334 0.8208333333333333 0.17239583333333333 0.8078703703703703 0.18697916666666667 0.8226851851851852 0.20807291666666666 0.8319444444444445 0.2140625 0.836574074074074 0.21614583333333334 0.8430555555555556 0.21875 0.8592592592592593 0.22552083333333334 0.8666666666666667 0.24088541666666666 0.875 0.24817708333333333 0.8768518518518519 0.265625 0.8731481481481481 0.27057291666666666 0.8680555555555556 0.2859375 0.8606481481481482 0.2908854166666667 0.8564814814814815 0.30442708333333335 0.8407407407407408 0.3177083333333333 0.8152777777777778 0.32786458333333335 0.7777777777777778 0.3333333333333333 0.7652777777777777 0.33489583333333334 0.7583333333333333 0.33489583333333334 0.7337962962962963 0.33046875 0.7106481481481481 0.33567708333333335 0.6949074074074074 0.34661458333333334 0.6865740740740741 0.35234375 0.6842592592592592 0.3580729166666667 0.6773148148148148 0.36666666666666664 0.6541666666666667 0.37005208333333334 0.6370370370370371 0.3697916666666667 0.6300925925925925 0.36354166666666665 0.6060185185185185 0.35833333333333334 0.600462962962963 0.3533854166666667 0.6018518518518519 0.34739583333333335 0.6106481481481482 0.33489583333333334 0.6236111111111111 0.32864583333333336 0.6268518518518519 0.3221354166666667 0.6217592592592592 0.31328125 0.6087962962962963 0.29713541666666665 0.5990740740740741 0.27838541666666666 0.5967592592592592 0.2677083333333333 0.5976851851851852 0.2513020833333333 0.6023148148148149 0.23932291666666666 0.6083333333333333 0.21666666666666667 0.6263888888888889 0.19505208333333332 0.6513888888888889 0.18385416666666668 0.674537037037037 0.17369791666666667 0.6995370370370371 0.16796875 0.7189814814814814 0.16796875 0.7240740740740741 0.16458333333333333 0.7416666666666667 0.15442708333333333 0.7416666666666667 0.14348958333333334 0.7472222222222222 0.13567708333333334 0.7425925925925926 0.12005208333333334 0.7467592592592592 0.11614583333333334 0.7513888888888889 0.11276041666666667 0.7597222222222222
0 0.007291666666666667 0.9703703703703703 0 0.9810185185185185 0 0.999537037037037 0.22395833333333334 0.999537037037037 0.22578125 0.9944444444444445 0.228125 0.9791666666666666 0.22864583333333333 0.9388888888888889 0.22734375 0.9324074074074075 0.22473958333333333 0.9273148148148148 0.22109375 0.9231481481481482 0.21588541666666666 0.9222222222222223 0.2109375 0.924074074074074 0.20208333333333334 0.9351851851851852 0.2 0.9398148148148148 0.19088541666666667 0.9472222222222222 0.17473958333333334 0.9472222222222222 0.17239583333333333 0.9356481481481481 0.16614583333333333 0.9175925925925926 0.15234375 0.8972222222222223 0.140625 0.8898148148148148 0.12708333333333333 0.8856481481481482 0.10677083333333333 0.8847222222222222 0.08463541666666667 0.8921296296296296 0.07864583333333333 0.9009259259259259 0.06171875 0.912962962962963 0.04921875 0.924537037037037
0 0.0020833333333333333 0.7236111111111111 0 0.7240740740740741 0 0.9800925925925926 0.0015625 0.9800925925925926 0.009114583333333334 0.9675925925925926 0.03515625 0.937962962962963 0.05755208333333333 0.9157407407407407 0.0625 0.9078703703703703 0.06484375 0.9009259259259259 0.06484375 0.8643518518518518 0.0796875 0.8106481481481481 0.08567708333333333 0.7699074074074074 0.08515625 0.763425925925926 0.08203125 0.7574074074074074 0.06796875 0.7398148148148148 0.05963541666666667 0.7407407407407407 0.04375 0.7509259259259259 0.03359375 0.7550925925925925 0.022395833333333334 0.7421296296296296 0.015625 0.7305555555555555 0.00546875 0.7236111111111111