0 0.18125 0.5354166666666667 0.159375 0.5791666666666667 0.1140625 0.575 0.0796875 0.5833333333333334 0.0484375 0.6020833333333333 0.025 0.6395833333333333 0.0125 0.6875 0.0140625 0.7291666666666666 0.03125 0.7791666666666667 0.0125 0.80625 0.0109375 0.825 0.0359375 0.8541666666666666 0.046875 0.8604166666666667 0.0796875 0.8583333333333333 0.1265625 0.875 0.175 0.8541666666666666 0.2 0.8229166666666666 0.225 0.7458333333333333 0.2328125 0.6958333333333333 0.225 0.6583333333333333 0.20625 0.6229166666666667 0.215625 0.60625 0.2203125 0.5604166666666667 0.2109375 0.5458333333333333 0.19375 0.5354166666666667
0 0.221875 0.8791666666666667 0.2078125 0.89375 0.2 0.9479166666666666 0.1953125 0.9541666666666667 0.1484375 0.9645833333333333 0.10625 0.9979166666666667 0.2890625 0.9979166666666667 0.265625 0.975 0.271875 0.9291666666666667 0.26875 0.9041666666666667 0.25625 0.8895833333333333 0.2328125 0.8791666666666667
0 0.39448906250000004 0.45459791666666666 0.3828125 0.47708333333333336 0.375 0.49375 0.3359375 0.4979166666666667 0.29375 0.5166666666666667 0.2703125 0.5458333333333333 0.2609375 0.575 0.2625 0.6229166666666667 0.2734375 0.65 0.275 0.6833333333333333 0.2890625 0.7395833333333334 0.3109375 0.7604166666666666 0.375 0.7729166666666667 0.40625 0.7604166666666666 0.4328125 0.73125 0.44375 0.7 0.471875 0.6604166666666667 0.475 0.60625 0.4703125 0.5833333333333334 0.4578125 0.5541666666666667 0.4234375 0.5145833333333333 0.4388375 0.47899375 0.43250312500000004 0.46022708333333334 0.40575312500000005 0.4517833333333333
0 0.2796875 0.2791666666666667 0.2703125 0.3104166666666667 0.2234375 0.3125 0.1890625 0.32916666666666666 0.1734375 0.35 0.1671875 0.37916666666666665 0.1640625 0.42083333333333334 0.171875 0.4375 0.178125 0.5 0.196875 0.5291666666666667 0.2328125 0.5458333333333333 0.2640625 0.5479166666666667 0.284375 0.5208333333333334 0.3125 0.5041666666666667 0.3234375 0.4583333333333333 0.3453125 0.4125 0.3390625 0.36666666666666664 0.3125 0.3333333333333333 0.3171875 0.31666666666666665 0.315625 0.29375 0.303125 0.2833333333333333 0.284375 0.2791666666666667
0 0.46875 0.22291666666666668 0.4328125 0.25625 0.4140625 0.25833333333333336 0.384375 0.27291666666666664 0.3671875 0.29791666666666666 0.3640625 0.32083333333333336 0.3734375 0.35 0.371875 0.40625 0.3984375 0.4583333333333333 0.4078125 0.46458333333333335 0.4609375 0.46875 0.496875 0.4479166666666667 0.5046875 0.4354166666666667 0.5140625 0.39791666666666664 0.534375 0.35833333333333334 0.534375 0.33541666666666664 0.525 0.30833333333333335 0.509375 0.2833333333333333 0.490625 0.26666666666666666 0.4890625 0.23333333333333334 0.4703125 0.22291666666666668
0 0.3609375 0.11458333333333333 0.3484375 0.13333333333333333 0.3203125 0.13541666666666666 0.296875 0.14583333333333334 0.278125 0.1625 0.26875 0.18125 0.26875 0.19583333333333333 0.278125 0.21666666666666667 0.278125 0.27291666666666664 0.2828125 0.2791666666666667 0.309375 0.28541666666666665 0.3171875 0.29583333333333334 0.3203125 0.31666666666666665 0.3609375 0.3125 0.36875 0.2875 0.4015625 0.25625 0.421875 0.2125 0.4203125 0.18958333333333333 0.409375 0.16666666666666666 0.3859375 0.14583333333333334 0.3859375 0.125 0.375 0.11458333333333333
0 0.525 0.09583333333333334 0.5140625 0.1125 0.490625 0.10833333333333334 0.4546875 0.11875 0.440625 0.14375 0.446875 0.16875 0.4453125 0.23125 0.453125 0.24166666666666667 0.4625 0.23125 0.478125 0.23125 0.4875 0.24166666666666667 0.4921875 0.26666666666666666 0.5015625 0.27291666666666664 0.525 0.27291666666666664 0.5453125 0.26458333333333334 0.5796875 0.1875 0.571875 0.15 0.5484375 0.12708333333333333 0.5484375 0.10625 0.5328125 0.09583333333333334
0 0.4375 0.004166666666666667 0.428125 0.008333333333333333 0.4296875 0.010416666666666666 0.421875 0.01875 0.375 0.01875 0.365625 0.022916666666666665 0.353125 0.035416666666666666 0.3515625 0.05416666666666667 0.35625 0.06666666666666667 0.35 0.0875 0.353125 0.12291666666666666 0.365625 0.11458333333333333 0.375 0.11458333333333333 0.384375 0.12291666666666666 0.3875 0.14583333333333334 0.409375 0.1625 0.41875 0.1625 0.425 0.15833333333333333 0.428125 0.16041666666666668 0.4375 0.15416666666666667 0.4421875 0.13125 0.459375 0.11041666666666666 0.4609375 0.10208333333333333 0.4703125 0.09166666666666666 0.475 0.07708333333333334 0.475 0.0625 0.4703125 0.04791666666666667 0.45 0.029166666666666667 0.4484375 0.014583333333333334 0.4390625 0.004166666666666667
0 0.4875 0.016666666666666666 0.4859375 0.03333333333333333 0.490625 0.04583333333333333 0.4875 0.09583333333333334 0.49375 0.10833333333333334 0.5171875 0.10833333333333334 0.525 0.09583333333333334 0.540625 0.1 0.55 0.11041666666666666 0.5484375 0.125 0.553125 0.13125 0.5640625 0.13541666666666666 0.575 0.13125 0.5796875 0.125 0.5875 0.1 0.5984375 0.0875 0.6046875 0.06041666666666667 0.6046875 0.04583333333333333 0.5890625 0.020833333333333332 0.5734375 0.008333333333333333 0.5640625 0.008333333333333333 0.559375 0 0.5015625 0 0.49375 0.004166666666666667
0 0.1640625 0.06666666666666667 0.1625 0.08333333333333333 0.165625 0.09166666666666666 0.1671875 0.11666666666666667 0.1703125 0.12708333333333333 0.1796875 0.13541666666666666 0.190625 0.13958333333333334 0.209375 0.1375 0.2234375 0.12708333333333333 0.2265625 0.12083333333333333 0.228125 0.10416666666666667 0.2359375 0.07708333333333334 0.234375 0.06458333333333334 0.2265625 0.05416666666666667 0.1953125 0.04583333333333333 0.19375 0.04791666666666667 0.184375 0.04791666666666667 0.171875 0.052083333333333336
0 0.1 0.03958333333333333 0.0984375 0.04375 0.0984375 0.06041666666666667 0.103125 0.09375 0.1046875 0.09791666666666667 0.1140625 0.10625 0.125 0.11041666666666666 0.140625 0.10833333333333334 0.1515625 0.10208333333333333 0.1609375 0.08958333333333333 0.1609375 0.07083333333333333 0.1640625 0.06041666666666667 0.165625 0.041666666666666664 0.1515625 0.03125 0.1296875 0.022916666666666665 0.11875 0.022916666666666665 0.1109375 0.027083333333333334
0 0.0375 0.03125 0.0359375 0.0375 0.0359375 0.05 0.0390625 0.05625 0.040625 0.08125 0.0484375 0.09166666666666666 0.053125 0.09375 0.0734375 0.09375 0.075 0.09166666666666666 0.0765625 0.05416666666666667 0.0765625 0.014583333333333334 0.0734375 0.0125 0.06875 0.0125 0.0671875 0.010416666666666666 0.053125 0.0125 0.04375 0.020833333333333332
0 0.021875 0 0 0 0 0.075 0.009375 0.075 0.0109375 0.07708333333333334 0.0125 0.075 0.021875 0.075 0.0234375 0.07291666666666667 0.028125 0.07291666666666667 0.03125 0.07083333333333333 0.0359375 0.06458333333333334 0.0359375 0.052083333333333336 0.040625 0.01875 0.0390625 0.014583333333333334 0.034375 0.014583333333333334 0.034375 0.0125 0.0234375 0.004166666666666667
2 0.5497078125 0.025322916666666664 0.5486375 0.04119375 0.5427500000000001 0.04262083333333333 0.538825 0.039529166666666664 0.5407875 0.025739583333333333 0.5439984375 0.019795833333333335 0.5484578124999999 0.021220833333333335
1 0.5599609375 0.002139583333333333 0.55951875 0.014325000000000001 0.5579125 0.018131249999999998 0.5505984374999999 0.01765416666666667 0.5461390625 0.01670416666666667 0.5436421874999999 0.010997916666666666 0.5461390625 0.004577083333333333 0.548815625 0.00029791666666666665 0.5589828125 0.00006041666666666667