1 0.3729401041666666 0.6545189814814815 0.3782734375 0.6516953703703704 0.38178567708333333 0.648199537037037 0.3843143229166667 0.6442037037037037 0.3847359375 0.6397087962962963 0.3843143229166667 0.6344648148148148 0.38192630208333334 0.6277222222222223 0.3815046875 0.6207300925925926 0.3809427083333333 0.6154861111111112 0.37911640625 0.6114907407407407 0.37672812499999997 0.6099925925925926 0.37448046875 0.6084939814814815 0.3719518229166667 0.6089935185185185 0.36956354166666666 0.6102421296296296 0.3668942708333333 0.613987962962963 0.3660513020833333 0.6184828703703704 0.36633229166666664 0.6234773148148148 0.3664729166666667 0.6289708333333334 0.36534895833333336 0.6342152777777778 0.3646466145833333 0.6379611111111112 0.3646466145833333 0.6412074074074074 0.36534895833333336 0.6447032407407407 0.3675966145833333 0.6489486111111111 0.37040651041666667 0.6519453703703704
1 0.49905625 0.4915842592592592 0.5018625 0.4919893518518518 0.5052341145833333 0.4902416666666667 0.50734140625 0.4869953703703704 0.50804375 0.483749074074074 0.5070604166666667 0.4722615740740741 0.508184375 0.46427083333333335 0.5076223958333334 0.460275462962963 0.5064984375 0.4562796296296296 0.5046721354166667 0.45478148148148145 0.5015815104166667 0.4535328703703704 0.49947421875 0.45453194444444445 0.49722656249999997 0.4557805555555556 0.4959619791666666 0.460525 0.495540625 0.4662685185185185 0.49259036458333333 0.4737601851851852 0.49160703125 0.47750601851851854 0.49160703125 0.4815013888888888 0.49202864583333333 0.4844981481481482 0.4945572916666666 0.4889930555555555 0.4968049479166667 0.49124027777777773
1 0.47413203125 0.1444351851851852 0.47744114583333336 0.1445699074074074 0.47905442708333335 0.14288287037037037 0.47971874999999997 0.14018379629629632 0.478675 0.13242361111111112 0.47905442708333335 0.127025 0.47914947916666667 0.12415694444444443 0.478675 0.12061435185185185 0.4768716145833333 0.1190962962962963 0.4750684895833333 0.11825277777777778 0.4732651041666667 0.11926481481481482 0.47193645833333336 0.12095185185185184 0.4712721354166666 0.12331342592592594 0.4709875 0.1275310185185185 0.47079765625000003 0.13073657407407407 0.46927916666666664 0.13680972222222224 0.4691841145833333 0.13950879629629628 0.4695638020833333 0.14203935185185185 0.4709875 0.14322037037037036
1 0.40041770833333334 0.08503657407407407 0.4026546875 0.0845125 0.40455286458333334 0.08333148148148149 0.40550182291666664 0.08096944444444444 0.40398333333333336 0.07287222222222223 0.4040783854166667 0.06882314814814815 0.40388854166666666 0.06511157407407407 0.403034375 0.06258148148148147 0.40170572916666664 0.06190648148148148 0.39990234375 0.06106296296296296 0.39800416666666666 0.06190648148148148 0.3964856770833334 0.06426805555555555 0.3966755208333333 0.06730509259259258 0.39696015625 0.07152222222222222 0.39639088541666667 0.0755712962962963 0.3957265625 0.07928287037037038 0.39610625 0.08231944444444445 0.39809921875 0.08501851851851851
1 0.46671875 0.05143935185185185 0.468425 0.05110972222222222 0.47003828124999997 0.05009722222222222 0.47108229166666665 0.04824166666666667 0.4698484375 0.0409875 0.470228125 0.036601388888888885 0.470228125 0.032889814814814816 0.46946901041666667 0.030190740740740744 0.46747578125 0.029853240740740743 0.46567265625 0.030190740740740744 0.46462864583333335 0.03103425925925926 0.46377447916666664 0.03575787037037037 0.46377447916666664 0.03845694444444444 0.46244583333333333 0.04199953703703704 0.46187630208333336 0.044193055555555555 0.46178151041666665 0.04739814814814815 0.4626356770833333 0.04925370370370371 0.4643440104166666 0.05110972222222222
2 0.49751093750000003 0.5380884259259259 0.4990453125 0.5279222222222222 0.501640625 0.5190800925925926 0.5053171875 0.5171583333333333 0.5094263020833333 0.5210023148148148 0.5068309895833333 0.5421462962962963 0.5022893229166666 0.5456060185185185
2 0.37274348958333337 0.693611574074074 0.37469010416666665 0.702837962962963 0.37642005208333335 0.7128333333333333 0.3753388020833333 0.721675 0.37252734375 0.724750462962963 0.368634375 0.7239819444444444 0.36495781250000003 0.7197532407407407 0.3653903645833333 0.6986092592592593 0.36885078125 0.6928430555555555
2 0.4756145833333333 0.16970972222222222 0.47859401041666666 0.16827314814814817 0.4789890625 0.1630097222222222 0.47928515624999996 0.1514300925925926 0.47760703125 0.14932499999999999 0.47583046875 0.1495 0.47454739583333333 0.1517810185185185 0.4731653645833333 0.16318518518518518 0.4736591145833334 0.16774675925925928
2 0.4041640625 0.10484675925925925 0.40279036458333334 0.08949675925925925 0.4011125 0.08844398148148147 0.3992369791666667 0.08826851851851851 0.39775651041666665 0.090725 0.39795390625 0.10423425925925925 0.3998291666666667 0.10651527777777778 0.4028890625 0.10616435185185186
2 0.4645388020833333 0.0691337962962963 0.46665104166666665 0.07019722222222223 0.4692174479166667 0.06914444444444445 0.4696122395833333 0.054582407407407406 0.46882265625 0.05282777777777778 0.46684843750000005 0.05265231481481481 0.46487447916666663 0.054582407407407406
2 0.40774739583333336 0.020293055555555554 0.40772473958333333 0.006885185185185185 0.40673750000000003 0.004604166666666667 0.40456614583333333 0.005130555555555556 0.40328307291666665 0.0056569444444444445 0.4026908854166667 0.019166203703703703 0.40466484375 0.020745370370370372 0.40811953125 0.019868055555555555
0 0.44609375 0.9875 0.44609375 0.999537037037037 0.6135416666666667 0.999537037037037 0.6174479166666667 0.9949074074074075 0.6158854166666666 0.9902777777777778 0.61640625 0.9875 0.6145833333333334 0.9861111111111112 0.6119791666666666 0.9787037037037037 0.6088541666666667 0.9606481481481481 0.6065104166666667 0.9550925925925926 0.6057291666666667 0.9495370370370371 0.59296875 0.9222222222222223 0.5869791666666667 0.9125 0.5752604166666667 0.8958333333333334 0.5606770833333333 0.8824074074074074 0.5375 0.8722222222222222 0.5346354166666667 0.8685185185185185 0.53515625 0.8587962962962963 0.5341145833333333 0.8555555555555555 0.53515625 0.8523148148148149 0.53203125 0.836574074074074 0.5328125 0.8287037037037037 0.53125 0.8143518518518519 0.5263020833333333 0.799537037037037 0.5223958333333333 0.7953703703703704 0.5197916666666667 0.7949074074074074 0.5088541666666667 0.7958333333333333 0.5015625 0.7986111111111112 0.49453125 0.8074074074074075 0.49114583333333334 0.8199074074074074 0.4901041666666667 0.8342592592592593 0.49296875 0.8523148148148149 0.4934895833333333 0.8800925925925925 0.49114583333333334 0.8875 0.47682291666666665 0.9037037037037037 0.46171875 0.9319444444444445 0.453125 0.9587962962962963
0 0.29765625 0.6537037037037037 0.29609375 0.6680555555555555 0.29635416666666664 0.6893518518518519 0.29791666666666666 0.7092592592592593 0.3015625 0.7314814814814815 0.30911458333333336 0.7574074074074074 0.31875 0.7726851851851851 0.34375 0.8398148148148148 0.3450520833333333 0.8625 0.3489583333333333 0.8680555555555556 0.3567708333333333 0.8703703703703703 0.3765625 0.8694444444444445 0.384375 0.8643518518518518 0.38828125 0.8541666666666666 0.39088541666666665 0.8245370370370371 0.39817708333333335 0.8217592592592593 0.40989583333333335 0.8078703703703703 0.41770833333333335 0.7953703703703704 0.42552083333333335 0.7759259259259259 0.4296875 0.7601851851851852 0.4421875 0.7282407407407407 0.4484375 0.6865740740740741 0.44973958333333336 0.6680555555555555 0.4473958333333333 0.6365740740740741 0.4440104166666667 0.6194444444444445 0.43723958333333335 0.600462962962963 0.42291666666666666 0.5791666666666667 0.4119791666666667 0.5685185185185185 0.40286458333333336 0.5643518518518519 0.39895833333333336 0.5578703703703703 0.39921875 0.5425925925925926 0.39505208333333336 0.513425925925926 0.3919270833333333 0.5115740740740741 0.3776041666666667 0.5101851851851852 0.371875 0.5115740740740741 0.3684895833333333 0.5152777777777777 0.3658854166666667 0.5287037037037037 0.36614583333333334 0.5342592592592592 0.36380208333333336 0.5444444444444444 0.36328125 0.5540124999999999 0.35572916666666665 0.5615740740740741 0.3484375 0.5648148148148148 0.3333333333333333 0.5773148148148148 0.31588541666666664 0.5986111111111111 0.3065104166666667 0.6199074074074075 0.3046875 0.6300925925925925
0 0.434375 0.500462962962963 0.4356770833333333 0.5305555555555556 0.43854166666666666 0.5467592592592593 0.44427083333333334 0.5666666666666667 0.4453125 0.5888888888888889 0.4479166666666667 0.6060185185185185 0.45729166666666665 0.6277777777777778 0.46484375 0.638425925925926 0.4942708333333333 0.6592592592592592 0.5044270833333333 0.6611111111111111 0.5088541666666667 0.6597222222222222 0.51875 0.6518518518518519 0.5216145833333333 0.6467592592592593 0.5434895833333333 0.5842592592592593 0.5536458333333333 0.5601851851851852 0.5588541666666667 0.5324074074074074 0.5591145833333333 0.5185185185185185 0.55703125 0.4976851851851852 0.5536458333333333 0.48009259259259257 0.5403645833333334 0.4564814814814815 0.5291666666666667 0.4425925925925926 0.5197916666666667 0.4356481481481482 0.5065104166666666 0.42916666666666664 0.5049479166666667 0.42314814814814816 0.5057291666666667 0.4111111111111111 0.5033854166666667 0.399537037037037 0.49609375 0.3925925925925926 0.48671875 0.39305555555555555 0.48098958333333336 0.39861111111111114 0.4786458333333333 0.4046296296296296 0.4791666666666667 0.41203703703703703 0.478125 0.4148148148148148 0.4778645833333333 0.42777777777777776 0.46380208333333334 0.43425925925925923 0.4546875 0.44305555555555554 0.44583333333333336 0.45555555555555555 0.44140625 0.46435185185185185 0.4375 0.4777777777777778
0 0.3346354166666667 0.3851851851851852 0.334375 0.4023148148148148 0.3359375 0.4148148148148148 0.3463541666666667 0.4449074074074074 0.34869791666666666 0.4625 0.3536458333333333 0.48148148148148145 0.36380208333333336 0.49722222222222223 0.3731770833333333 0.5064814814814815 0.39296875 0.5106481481481482 0.40234375 0.5092592592592593 0.4153645833333333 0.5032407407407408 0.41875 0.49953703703703706 0.42916666666666664 0.48009259259259257 0.43411458333333336 0.4597222222222222 0.434375 0.44166666666666665 0.4427083333333333 0.4212962962962963 0.44557291666666665 0.4078703703703704 0.44635416666666666 0.3976851851851852 0.4427083333333333 0.37546296296296294 0.4395833333333333 0.36574074074074076 0.43255208333333334 0.35138888888888886 0.425 0.3416666666666667 0.409375 0.33240740740740743 0.4073940104166667 0.3100453703703704 0.40614192708333335 0.3017018518518519 0.4010416666666667 0.29907407407407405 0.38798802083333334 0.29725138888888886 0.3820408854166667 0.30337037037037035 0.3806322916666666 0.31838935185185185 0.3773458333333333 0.32450833333333334 0.37109375 0.33194444444444443 0.3546875 0.3435185185185185 0.3419270833333333 0.36064814814814816 0.3380208333333333 0.37083333333333335
0 0.4317708333333333 0.29583333333333334 0.43203125 0.3101851851851852 0.43854166666666666 0.3347222222222222 0.43854166666666666 0.3578703703703704 0.4473958333333333 0.3912037037037037 0.453125 0.4013888888888889 0.46822916666666664 0.4101851851851852 0.475 0.40879629629629627 0.47734375 0.4041666666666667 0.47890625 0.39305555555555555 0.48072916666666665 0.39166666666666666 0.48723958333333334 0.38981481481481484 0.4953125 0.3902777777777778 0.5052083333333334 0.3958333333333333 0.50859375 0.3907407407407407 0.5125 0.3768518518518518 0.515625 0.3523148148148148 0.52265625 0.33935185185185185 0.5255208333333333 0.3277777777777778 0.52578125 0.30694444444444446 0.5184895833333333 0.2861111111111111 0.5104166666666666 0.27361111111111114 0.5013020833333334 0.26481481481481484 0.48776041666666664 0.25555555555555554 0.4830729166666667 0.25416666666666665 0.4817708333333333 0.23842592592592593 0.4825520833333333 0.23425925925925925 0.4739583333333333 0.22870370370370371 0.46796875 0.22916666666666666 0.4630208333333333 0.2324074074074074 0.46067708333333335 0.2388888888888889 0.4591145833333333 0.25462962962962965 0.4453125 0.2675925925925926 0.4393229166666667 0.27546296296296297 0.43411458333333336 0.28703703703703703
0 0.3515625 0.20972222222222223 0.34869791666666666 0.2199074074074074 0.3489583333333333 0.22777777777777777 0.35182291666666665 0.23935185185185184 0.35963541666666665 0.2587962962962963 0.3580729166666667 0.2652777777777778 0.35911458333333335 0.28194444444444444 0.3653645833333333 0.300462962962963 0.37265625 0.31157407407407406 0.38125 0.3125 0.38307291666666665 0.3106481481481482 0.38567708333333334 0.30324074074074076 0.3919270833333333 0.2962962962962963 0.39427083333333335 0.2962962962962963 0.40338541666666666 0.29953703703703705 0.40572916666666664 0.30648148148148147 0.40625 0.3138888888888889 0.4114583333333333 0.31712962962962965 0.42083333333333334 0.3111111111111111 0.42916666666666664 0.2949074074074074 0.43125 0.2657407407407407 0.43046875 0.25925925925925924 0.43828125 0.2361111111111111 0.43828125 0.22175925925925927 0.4356770833333333 0.21342592592592594 0.42630208333333336 0.19444444444444445 0.41848958333333336 0.18703703703703703 0.409375 0.1824074074074074 0.40572916666666664 0.1648148148148148 0.40078125 0.16064814814814815 0.38958333333333334 0.16111111111111112 0.38776041666666666 0.16527777777777777 0.3854166666666667 0.17777777777777778 0.3684895833333333 0.1865740740740741 0.35859375 0.19537037037037036
0 0.43333333333333335 0.15601851851851853 0.43333333333333335 0.1712962962962963 0.43828125 0.18796296296296297 0.4390625 0.19675925925925927 0.43854166666666666 0.21435185185185185 0.44166666666666665 0.2361111111111111 0.4471354166666667 0.2449074074074074 0.4557291666666667 0.2523148148148148 0.45869375 0.2506398148148148 0.46008333333333334 0.23801851851851852 0.46178151041666665 0.2347263888888889 0.4651778645833333 0.2297875 0.47490442708333336 0.22923888888888888 0.48046875 0.23472222222222222 0.4822916666666667 0.2513888888888889 0.48385416666666664 0.2537037037037037 0.48802083333333335 0.25462962962962965 0.4921875 0.2523148148148148 0.4979166666666667 0.2439814814814815 0.50078125 0.23333333333333334 0.5026041666666666 0.2222222222222222 0.503125 0.20601851851851852 0.5046875 0.19953703703703704 0.5119791666666667 0.18981481481481483 0.5130208333333334 0.18564814814814815 0.51171875 0.16157407407407406 0.50625 0.14814814814814814 0.4934895833333333 0.13287037037037036 0.47994791666666664 0.12685185185185185 0.47823072916666665 0.11729444444444444 0.4766869791666667 0.1087888888888889 0.47143776041666663 0.10796574074074074 0.46433593749999996 0.10631944444444445 0.45985885416666666 0.10769166666666667 0.45893255208333333 0.1164712962962963 0.4591145833333333 0.12222222222222222 0.44869791666666664 0.12685185185185185 0.44114583333333335 0.1337962962962963 0.4354166666666667 0.1439814814814815
0 0.3645833333333333 0.08888888888888889 0.3625 0.09490740740740741 0.36328125 0.10925925925925926 0.36336718749999997 0.11619722222222222 0.3683075520833333 0.12717175925925925 0.36954270833333336 0.13924444444444442 0.37083333333333335 0.15694444444444444 0.3731770833333333 0.16944444444444445 0.3768229166666667 0.17777777777777778 0.37942708333333336 0.17962962962962964 0.38515625 0.17824074074074073 0.38697916666666665 0.175 0.3885416666666667 0.1648148148148148 0.39036458333333335 0.16064814814814815 0.3966145833333333 0.1597222222222222 0.40520833333333334 0.1648148148148148 0.4075520833333333 0.17731481481481481 0.40911458333333334 0.18194444444444444 0.4109375 0.18333333333333332 0.4234375 0.18703703703703703 0.42552083333333335 0.1865740740740741 0.42890625 0.1814814814814815 0.4315104166666667 0.17175925925925925 0.4322916666666667 0.15324074074074073 0.43645833333333334 0.12638888888888888 0.43802083333333336 0.10601851851851851 0.4356770833333333 0.09351851851851851 0.43046875 0.08472222222222223 0.42157083333333334 0.07586435185185185 0.4099919270833333 0.06900462962962964 0.4095286458333333 0.05940185185185185 0.40613229166666664 0.05391435185185185 0.4004197916666667 0.05309120370370371 0.39424453125 0.05418888888888889 0.3922375 0.05885324074074074 0.39177421875 0.06818194444444445 0.3811216145833333 0.06982777777777778 0.37057291666666664 0.07777777777777778
0 0.4317708333333333 0.05925925925925926 0.43203125 0.07731481481481481 0.43828125 0.1 0.43776041666666665 0.12916666666666668 0.4390625 0.13240740740740742 0.44244791666666666 0.13425925925925927 0.4471354166666667 0.12824074074074074 0.45729166666666665 0.12268518518518519 0.45754296875 0.1071425925925926 0.46016744791666664 0.1054962962962963 0.467578125 0.10604537037037037 0.47267291666666666 0.10686851851851853 0.4766869791666667 0.10824027777777778 0.47745885416666667 0.11674583333333333 0.48072916666666665 0.12777777777777777 0.4899640625 0.12936712962962962 0.49270833333333336 0.09907407407407408 0.49765625 0.08472222222222223 0.4984375 0.07037037037037037 0.4973958333333333 0.06481481481481481 0.4903645833333333 0.05185185185185185 0.48333333333333334 0.04490740740740741 0.47239583333333335 0.03935185185185185 0.4720552083333333 0.02922083333333333 0.46634296875000003 0.025653703703703703 0.45989583333333334 0.025925925925925925 0.4563078125 0.026202777777777776 0.4555359375 0.0366287037037037 0.44583333333333336 0.03796296296296296 0.43984375 0.041666666666666664 0.43307291666666664 0.052314814814814814
0 0.3729166666666667 0.008333333333333333 0.371875 0.012037037037037037 0.37265625 0.03009259259259259 0.3776041666666667 0.04583333333333333 0.3796875 0.06898148148148148 0.39162265625 0.06598657407407407 0.39224036458333333 0.05803009259259259 0.39548229166666665 0.05501203703703703 0.40119479166666666 0.05446296296296296 0.4062893229166667 0.05501203703703703 0.4099947916666667 0.05912731481481481 0.41030338541666667 0.07010231481481481 0.41744791666666664 0.07222222222222222 0.42864583333333334 0.0824074074074074 0.43072916666666666 0.08101851851851852 0.4309895833333333 0.0587962962962963 0.43255208333333334 0.04861111111111111 0.4356770833333333 0.041666666666666664 0.43645833333333334 0.03287037037037037 0.4359375 0.016203703703703703 0.4317708333333333 0.006481481481481481 0.42421875 0 0.37786458333333334 0
0 0.4979166666666667 0 0.43333333333333335 0 0.43333333333333335 0.0023148148148148147 0.4363924479166667 0.012038888888888889 0.436778125 0.033289351851851855 0.436778125 0.04614212962962963 0.442178125 0.03980138888888889 0.45208333333333334 0.03611111111111111 0.45490677083333336 0.03620231481481482 0.4554854166666667 0.029347685185185185 0.4562567708333333 0.026262962962962964 0.4618497395833333 0.024377777777777776 0.46937135416666664 0.026605555555555556 0.4725533854166667 0.028662037037037034 0.47245703125 0.03843009259259259 0.48325703125 0.044256944444444446 0.49022447916666667 0.05110138888888889 0.4936981770833333 0.05645138888888889 0.49493333333333334 0.02188101851851852 0.4950875 0.01008287037037037 0.49635416666666665 0.00787037037037037