1 0.15202291666666667 0.19832453703703704 0.14623098958333333 0.18407777777777778 0.14488203125 0.18280833333333332 0.142184375 0.18196203703703703 0.13782057291666666 0.1842189814814815 0.13559869791666665 0.18760416666666668 0.13329791666666665 0.1918361111111111 0.13290104166666666 0.19606759259259257 0.1335359375 0.19931203703703704 0.13837578125000002 0.21116064814814817 0.14099427083333332 0.22583055555555553 0.14266041666666668 0.229075 0.14718307291666666 0.23006203703703704 0.15130885416666665 0.22893379629629632 0.15622812500000002 0.22413796296296296 0.15845 0.22018842592592594 0.159878125 0.21539259259259258 0.159878125 0.21017314814814814 0.15210234375 0.19818333333333335
1 0.2556716145833333 0.4742106481481482 0.2591265625 0.4739314814814815 0.26289583333333333 0.47113935185185185 0.26611536458333335 0.46723055555555554 0.26784270833333335 0.4627634259259259 0.26902057291666664 0.45801712962962965 0.26909921875 0.4522939814814815 0.26839244791666667 0.4467101851851852 0.2671359375 0.4439180555555556 0.2621890625 0.4397300925925926 0.25755625 0.4281435185185185 0.255121875 0.42493287037037036 0.25331588541666666 0.4240953703703704 0.25088177083333335 0.4240953703703704 0.2475052083333333 0.4260495370370371 0.2449140625 0.42995833333333333 0.24326510416666666 0.4335879629629629 0.24263671875 0.4391717592592593 0.24302942708333333 0.44377824074074074 0.2446 0.44852453703703704 0.24609192708333336 0.4522939814814815 0.24734817708333334 0.45480648148148145 0.2467984375 0.46429907407407406 0.24758385416666667 0.46764953703703704 0.25025364583333337 0.4714185185185185 0.25260937499999997 0.47281435185185183
1 0.4277700520833333 0.22044629629629628 0.42761901041666667 0.20768472222222223 0.42686328125 0.20472916666666666 0.42527630208333334 0.20163935185185186 0.42285833333333334 0.19975879629629628 0.42081822916666667 0.19895277777777778 0.4185510416666667 0.19895277777777778 0.4169643229166667 0.19975879629629628 0.4149997395833333 0.20137083333333333 0.4135638020833333 0.20365462962962963 0.41280833333333333 0.2063412037037037 0.41265703125000003 0.20781898148148148 0.4125059895833333 0.21816296296296298 0.40993671875 0.2272976851851852 0.4094833333333333 0.23052175925925927 0.4100125 0.23347731481481482 0.4114481770833333 0.23898518518518516 0.41424401041666664 0.24314953703703704 0.4163598958333333 0.24556759259259262 0.42089375 0.2463736111111111 0.42588098958333337 0.24476157407407406 0.4290546875 0.23911944444444447 0.43033932291666666 0.23414907407407407 0.43026354166666664 0.2290439814814815
1 0.5587408854166667 0.4853527777777778 0.5620231770833333 0.4852064814814815 0.5662083333333333 0.4822888888888888 0.5682596354166667 0.47776666666666673 0.5696546875 0.4706185185185185 0.56957265625 0.4675550925925926 0.566946875 0.4566134259259259 0.5671109375000001 0.44377592592592596 0.5667005208333333 0.44085833333333335 0.56514140625 0.43750277777777774 0.5633361979166666 0.4353148148148148 0.5608744791666667 0.4341476851851852 0.5589869791666667 0.4338560185185185 0.5563611979166667 0.4342935185185185 0.5538171875 0.4361898148148148 0.5522580729166666 0.4386699074074074 0.5509453125 0.4426087962962963 0.5505348958333334 0.45486296296296297 0.5471705729166667 0.46624212962962963 0.54700625 0.4700347222222222 0.5476627604166667 0.4751407407407408 0.54930390625 0.47878796296296294 0.5521760416666667 0.4821430555555556 0.5546377604166667 0.4849148148148148
1 0.6919229166666666 0.25091851851851854 0.6945486979166666 0.2516481481481481 0.6974208333333334 0.25106435185185183 0.70062109375 0.24902222222222223 0.70300078125 0.2452291666666667 0.7041497395833333 0.24231157407407408 0.7039856770833333 0.2370597222222222 0.70316484375 0.22859861111111113 0.705134375 0.21517731481481484 0.70521640625 0.21196805555555556 0.7036572916666667 0.20788333333333334 0.7023442708333333 0.2061324074074074 0.6999645833333333 0.2042361111111111 0.6983234374999999 0.20336064814814817 0.69594375 0.20321481481481482 0.6935640625 0.20438194444444444 0.69126640625 0.20642453703703703 0.6900354166666667 0.2103634259259259 0.6881481770833333 0.2232009259259259 0.68461953125 0.2288902777777778 0.6837169270833333 0.23239166666666666 0.6833067708333334 0.2364763888888889 0.6839630208333334 0.24070694444444446 0.6859325520833334 0.24552083333333335 0.6885583333333333 0.24902222222222223
2 0.7397591145833334 0.25757546296296296 0.7477815104166667 0.2294462962962963 0.74332578125 0.22224583333333334 0.7388700520833333 0.2229662037037037 0.73157890625 0.24168703703703703 0.7291484374999999 0.2510472222222222 0.73157890625 0.25464722222222225
2 0.6031716145833333 0.48361712962962966 0.6096528645833333 0.48649722222222225 0.6145135416666666 0.4670564814814815 0.61572890625 0.4576962962962963 0.6112729166666667 0.4519361111111111 0.6068171875 0.45481620370370374 0.5995260416666667 0.47281666666666666
2 0.46018203124999996 0.24816712962962967 0.4630174479166667 0.25464722222222225 0.46828333333333333 0.2532074074074074 0.47111875 0.2474472222222222 0.4723341145833333 0.22512592592592592 0.4699036458333333 0.22008564814814816 0.46585286458333336 0.21936574074074072 0.4622072916666667 0.2236861111111111
2 0.30169843749999997 0.4651430555555555 0.30422994791666663 0.47209675925925926 0.3094958333333333 0.47353703703703703 0.31476197916666665 0.4670564814814815 0.31435677083333335 0.45625601851851855 0.3127364583333333 0.44185555555555556 0.30787578125 0.4360953703703704 0.30220468749999996 0.44257546296296296
2 0.191215625 0.23232638888888887 0.19486119791666667 0.23736666666666667 0.20174739583333334 0.23376666666666665 0.2029625 0.2265662037037037 0.19931692708333332 0.20568518518518517 0.19567135416666667 0.19992500000000002 0.19162057291666665 0.2013652777777778 0.18878515624999997 0.20784537037037037
0 0.8359375 0.27546296296296297 0.8338541666666667 0.28379629629629627 0.8364583333333333 0.30694444444444446 0.8408854166666667 0.32731481481481484 0.8453125 0.3384259259259259 0.85455390625 0.350875 0.86046953125 0.3515324074074074 0.8625 0.37453703703703706 0.8666666666666667 0.39351851851851855 0.8716145833333333 0.4041666666666667 0.8919270833333334 0.4263888888888889 0.9 0.4393518518518518 0.90859375 0.4476851851851852 0.92734375 0.4532407407407407 0.9442708333333333 0.45231481481481484 0.9515625 0.45 0.95859375 0.4462962962962963 0.9708333333333333 0.43425925925925923 0.9778645833333334 0.4236111111111111 0.9828125 0.412962962962963 0.9997395833333333 0.4060185185185185 0.9997395833333333 0.22175925925925927 0.9786458333333333 0.2013888888888889 0.9625 0.18981481481481483 0.9484375 0.18287037037037038 0.9234375 0.18425925925925926 0.9119791666666667 0.18703703703703703 0.8971354166666666 0.1962962962962963 0.8833333333333333 0.21388888888888888 0.8794270833333333 0.22361111111111112 0.8786458333333333 0.23055555555555557 0.8723958333333334 0.24444444444444444 0.8700520833333333 0.26157407407407407 0.8700520833333333 0.275 0.8630208333333333 0.2763888888888889 0.8591145833333333 0.2773148148148148 0.8510416666666667 0.2740740740740741 0.8447916666666667 0.26805555555555555 0.8411458333333334 0.2675925925925926 0.8380208333333333 0.27037037037037037
0 0.7108171875 0.48631157407407405 0.7116455729166666 0.5025111111111111 0.7133026041666667 0.5257060185185186 0.71640625 0.5393518518518519 0.7203125 0.549537037037037 0.7255208333333333 0.5569444444444445 0.7307291666666667 0.5611111111111111 0.7377604166666667 0.5638888888888889 0.75120625 0.5662046296296296 0.7533854166666667 0.5819444444444445 0.7572916666666667 0.6050925925925926 0.7611979166666667 0.6199074074074075 0.7690104166666667 0.6356481481481482 0.7697916666666667 0.6402777777777777 0.7807291666666667 0.6555555555555556 0.7932291666666667 0.6680555555555555 0.8036458333333333 0.6759259259259259 0.8171875 0.6814814814814815 0.8325520833333333 0.6819444444444445 0.8481770833333333 0.6773148148148148 0.87109375 0.6578703703703703 0.8815104166666666 0.6550925925925926 0.8989583333333333 0.6412037037037037 0.9166666666666666 0.6152777777777778 0.9263020833333333 0.5879629629629629 0.9283854166666666 0.5726851851851852 0.9365815104166667 0.5743046296296297 0.9452807291666667 0.5732 0.9533854166666667 0.5675925925925925 0.9645432291666667 0.5606819444444445 0.9746924479166666 0.5459550925925926 0.9760416666666667 0.5291666666666667 0.9739583333333334 0.5120370370370371 0.9701356770833333 0.49146574074074073 0.9649575520833333 0.48631157407407405 0.9537729166666666 0.4818935185185186 0.946109375 0.48631157407407405 0.9369958333333333 0.48888842592592596 0.9262255208333333 0.49036111111111114 0.9229166666666667 0.4861111111111111 0.915625 0.4652777777777778 0.8921875 0.4273148148148148 0.8799479166666667 0.4134259259259259 0.8705729166666667 0.40555555555555556 0.8630208333333333 0.39537037037037037 0.8440104166666667 0.38657407407407407 0.8111979166666666 0.38935185185185184 0.79296875 0.39814814814814814 0.7815104166666667 0.4083333333333333 0.771875 0.4217592592592593 0.76484375 0.43472222222222223 0.7578125 0.45694444444444443 0.7552083333333334 0.4726851851851852 0.75327734375 0.48410231481481486 0.7377604166666667 0.4837962962962963 0.7341145833333333 0.4837962962962963 0.725315625 0.47379351851851853 0.7176520833333334 0.4752662037037037
0 0.7162421875 0.24617592592592594 0.00023177083333333334 0.0004583333333333333
0 0.5684895833333333 0.26342592592592595 0.5682291666666667 0.28379629629629627 0.56953125 0.2972222222222222 0.5708333333333333 0.3037037037037037 0.5770833333333333 0.3175925925925926 0.58671875 0.3282407407407407 0.5919270833333333 0.33101851851851855 0.5984375 0.3277777777777778 0.6018229166666667 0.32916666666666666 0.60546875 0.3277777777777778 0.6143229166666667 0.3334875 0.6138020833333333 0.35462962962962963 0.61875 0.3800925925925926 0.62421875 0.39537037037037037 0.6322916666666667 0.4111111111111111 0.6424479166666667 0.42407407407407405 0.65703125 0.43472222222222223 0.6666666666666666 0.43842592592592594 0.678125 0.4398148148148148 0.6963541666666667 0.43657407407407406 0.7096354166666666 0.42777777777777776 0.7158854166666667 0.4212962962962963 0.7244791666666667 0.4078703703703704 0.7296875 0.3902777777777778 0.7515502604166666 0.3621212962962963 0.7639867187499999 0.32825601851851854 0.7790692708333334 0.3287263888888889 0.7932291666666667 0.3162037037037037 0.7966145833333333 0.31157407407407406 0.8015625 0.30324074074074076 0.8046875 0.29444444444444445 0.8078125 0.28194444444444444 0.8091145833333333 0.26944444444444443 0.80703125 0.24814814814814815 0.8041666666666667 0.23796296296296296 0.8015625 0.23333333333333334 0.7942708333333334 0.2300925925925926 0.775 0.22916666666666666 0.7651041666666667 0.2300925925925926 0.7630208333333334 0.23194444444444445 0.759375 0.225 0.75859375 0.21944444444444444 0.7536458333333333 0.2074074074074074 0.7361979166666667 0.18055555555555555 0.7239583333333334 0.16898148148148148 0.7122395833333334 0.16111111111111112 0.6934895833333333 0.15416666666666667 0.6802083333333333 0.1527777777777778 0.6604166666666667 0.15694444444444444 0.646875 0.16435185185185186 0.6364583333333333 0.17407407407407408 0.6213541666666667 0.19675925925925927 0.6174479166666667 0.2064814814814815 0.6130208333333333 0.22361111111111112 0.6088541666666667 0.22962962962962963 0.6059895833333333 0.23148148148148148 0.5815104166666667 0.23287037037037037 0.57421875 0.23703703703703705 0.5721354166666667 0.2412037037037037
0 0.4278645833333333 0.48703703703703705 0.428125 0.5208333333333334 0.43203125 0.537962962962963 0.4354166666666667 0.5435185185185185 0.44609375 0.5532407407407407 0.4518229166666667 0.5560185185185185 0.45703125 0.5564814814814815 0.4630208333333333 0.5532407407407407 0.47317708333333336 0.5537037037037037 0.4901041666666667 0.5939814814814814 0.4981770833333333 0.6185185185185185 0.5080729166666667 0.638425925925926 0.5169270833333334 0.65 0.5278645833333333 0.6601851851851852 0.540625 0.6666666666666666 0.5526041666666667 0.6694444444444444 0.5677083333333334 0.6680555555555555 0.5799479166666667 0.6597222222222222 0.5942708333333333 0.6462962962962963 0.6231770833333333 0.5972222222222222 0.6302083333333334 0.5819444444444445 0.63984375 0.5518518518518518 0.6424479166666667 0.55 0.6578125 0.5523148148148148 0.6723958333333333 0.5435185185185185 0.6786458333333333 0.5361111111111111 0.6833333333333333 0.5254629629629629 0.6854166666666667 0.5152777777777777 0.6861979166666666 0.5032407407407408 0.6861979166666666 0.49398148148148147 0.68359375 0.4787037037037037 0.68359375 0.4675925925925926 0.6807291666666667 0.4597222222222222 0.6708333333333333 0.4537037037037037 0.6653645833333334 0.45555555555555555 0.6377604166666667 0.45046296296296295 0.634375 0.4356481481481482 0.62890625 0.4217592592592593 0.6138020833333333 0.39490740740740743 0.6067708333333334 0.3861111111111111 0.58515625 0.3680555555555556 0.575 0.36342592592592593 0.56015625 0.36018518518518516 0.5390625 0.36203703703703705 0.5190104166666667 0.3712962962962963 0.5080729166666667 0.38055555555555554 0.49635416666666665 0.39490740740740743 0.48723958333333334 0.4101851851851852 0.47994791666666664 0.42777777777777776 0.4744791666666667 0.44907407407407407 0.464453125 0.4546296296296296 0.44479166666666664 0.4550925925925926 0.43515625 0.4587962962962963 0.4317708333333333 0.46620370370370373
0 0.3033854166666667 0.25092592592592594 0.3033854166666667 0.2662037037037037 0.30520833333333336 0.2824074074074074 0.3111979166666667 0.3 0.31666666666666665 0.3074074074074074 0.32786458333333335 0.31712962962962965 0.34348958333333335 0.31712962962962965 0.35 0.32175925925925924 0.3533854166666667 0.3314814814814815 0.35598958333333336 0.3351851851851852 0.35572916666666665 0.3384259259259259 0.35911458333333335 0.3476851851851852 0.37083333333333335 0.36944444444444446 0.375 0.3875 0.38619791666666664 0.412962962962963 0.4015625 0.42777777777777776 0.4088541666666667 0.43148148148148147 0.4109375 0.4356481481481482 0.4166666666666667 0.43287037037037035 0.44296875 0.4324074074074074 0.46041666666666664 0.4217592592592593 0.4640625 0.41574074074074074 0.47161458333333334 0.40879629629629627 0.4796875 0.39351851851851855 0.48828125 0.3662037037037037 0.48854166666666665 0.3458333333333333 0.4942708333333333 0.3282407407407407 0.49895833333333334 0.324537037037037 0.5143229166666666 0.3287037037037037 0.5190104166666667 0.3287037037037037 0.52265625 0.3263888888888889 0.5364583333333334 0.30833333333333335 0.53984375 0.3 0.5416666666666666 0.2898148148148148 0.5408854166666667 0.24953703703703703 0.5401041666666667 0.2439814814814815 0.5369791666666667 0.2361111111111111 0.5294270833333333 0.23194444444444445 0.49895833333333334 0.22824074074074074 0.49557291666666664 0.21296296296296297 0.48932291666666666 0.19583333333333333 0.4739583333333333 0.1712962962962963 0.4630208333333333 0.16064814814814815 0.4557291666666667 0.15601851851851853 0.43411458333333336 0.14814814814814814 0.4114583333333333 0.14907407407407408 0.39921875 0.15324074074074073 0.38723958333333336 0.16064814814814815 0.3723958333333333 0.17453703703703705 0.3651041666666667 0.18518518518518517 0.35859375 0.1962962962962963 0.35052083333333334 0.21666666666666667 0.34401041666666665 0.22037037037037038 0.3171875 0.21898148148148147 0.3104166666666667 0.2222222222222222 0.30703125 0.22870370370370371
0 0.13307291666666668 0.49027777777777776 0.13307291666666668 0.5046296296296297 0.14363229166666666 0.535112962962963 0.16145833333333334 0.5472222222222223 0.16797604166666666 0.551575462962963 0.18072916666666666 0.5509259259259259 0.18697916666666667 0.5708333333333333 0.19453125 0.5884259259259259 0.209375 0.6101851851851852 0.22010364583333333 0.6216578703703703 0.23412786458333334 0.6301240740740741 0.2433890625 0.6423532407407407 0.2520833333333333 0.649537037037037 0.2604166666666667 0.6555555555555556 0.27395833333333336 0.6592592592592592 0.29401041666666666 0.6578703703703703 0.3140625 0.6439814814814815 0.32083333333333336 0.6370370370370371 0.33229166666666665 0.6175925925925926 0.33970625 0.6019032407407408 0.34552760416666667 0.5887333333333333 0.34791666666666665 0.5675925925925925 0.3500260416666666 0.5619231481481481 0.35134895833333335 0.5459310185185186 0.35052083333333334 0.5361111111111111 0.36276041666666664 0.5356481481481481 0.3692708333333333 0.5388888888888889 0.37734375 0.5365740740740741 0.3924479166666667 0.5189814814814815 0.3958333333333333 0.49166666666666664 0.39401041666666664 0.4597222222222222 0.39114583333333336 0.45694444444444443 0.3880208333333333 0.44351851851851853 0.3802083333333333 0.43842592592592594 0.3507161458333333 0.43796296296296294 0.34713541666666664 0.4324074074074074 0.3390625 0.40185185185185185 0.321875 0.3726851851851852 0.30130208333333336 0.35694444444444445 0.2828125 0.3509259259259259 0.26484375 0.35138888888888886 0.25286458333333334 0.3541666666666667 0.23958333333333334 0.3611111111111111 0.2203125 0.3763888888888889 0.20520833333333333 0.3958333333333333 0.191796875 0.4201388888888889 0.18567708333333333 0.4388888888888889 0.18541666666666667 0.4425925925925926 0.18064244791666667 0.44675925925925924 0.15442708333333333 0.4486111111111111 0.14557291666666666 0.4546296296296296 0.14401041666666667 0.4537037037037037 0.14010416666666667 0.4583333333333333 0.13541666666666666 0.4703703703703704
0 0.03671875 0.24351851851851852 0.03671875 0.25787037037037036 0.04609375 0.28425925925925927 0.05502734375 0.2980023148148148 0.06719921875 0.3069388888888889 0.07672526041666666 0.30929074074074075 0.08201744791666667 0.30929074074074075 0.08889713541666668 0.3309268518518519 0.10133359374999999 0.35209305555555553 0.1137703125 0.36667361111111113 0.12488359375 0.3732587962962963 0.13255729166666666 0.39160231481481483 0.14322916666666666 0.4050925925925926 0.15416666666666667 0.4152777777777778 0.17473958333333334 0.42083333333333334 0.18619791666666666 0.4199074074074074 0.19244791666666666 0.4166666666666667 0.21276041666666667 0.3837962962962963 0.22135416666666666 0.37407407407407406 0.23828125 0.3592592592592593 0.24453125 0.33796296296296297 0.24427083333333333 0.3300925925925926 0.2453125 0.3263888888888889 0.2484375 0.3226851851851852 0.25078125 0.3101851851851852 0.26197916666666665 0.3074074074074074 0.27317708333333335 0.287962962962963 0.27760416666666665 0.274537037037037 0.2799479166666667 0.25092592592592594 0.2799479166666667 0.2439814814814815 0.278125 0.23472222222222222 0.27447916666666666 0.22083333333333333 0.2713541666666667 0.21481481481481482 0.26588541666666665 0.21157407407407408 0.24401041666666667 0.2111111111111111 0.23619791666666667 0.20833333333333334 0.23255208333333333 0.18888888888888888 0.22447916666666667 0.16944444444444445 0.21744791666666666 0.15833333333333333 0.21041666666666667 0.15 0.20052083333333334 0.1425925925925926 0.17838541666666666 0.13425925925925927 0.15416666666666667 0.13657407407407407 0.13984375 0.1425925925925926 0.12708333333333333 0.15046296296296297 0.109375 0.1685185185185185 0.103125 0.17731481481481481 0.09192708333333334 0.19675925925925927 0.08854166666666667 0.2074074074074074 0.06666666666666667 0.20972222222222223 0.05703125 0.20879629629629629 0.046875 0.21203703703703702 0.043229166666666666 0.21666666666666667 0.040364583333333336 0.22407407407407406