1 0.6074375 0.7472310185185185 0.6116580729166666 0.747024074074074 0.61465546875 0.7443597222222222 0.617153125 0.7390319444444444 0.6186518229166666 0.7328157407407407 0.6186518229166666 0.7241578703703704 0.6167786458333333 0.7159439814814815 0.6130317708333333 0.7128361111111111 0.6094098958333334 0.7112819444444444 0.6049140625 0.7106162037037037 0.6015419270833333 0.7123921296296296 0.5989192708333333 0.7166101851851852 0.5976703125 0.7223819444444445 0.5975453125 0.7283759259259259 0.5982947916666668 0.7348138888888889 0.6000432291666667 0.7396981481481482 0.603040625 0.7452476851851851
1 0.4826802083333333 0.49344166666666667 0.48666875 0.4937486111111111 0.490290625 0.48997453703703703 0.49266354166666665 0.48642222222222226 0.4940375 0.48242638888888884 0.49453697916666667 0.47554444444444444 0.4934130208333333 0.469550462962963 0.4920390625 0.46533240740740744 0.49104010416666666 0.4600046296296296 0.48954140625 0.45667453703703703 0.4872932291666666 0.4540106481481482 0.4850453125 0.4540106481481482 0.48242265624999997 0.4546763888888889 0.4801744791666666 0.45711851851851854 0.47880078125000003 0.4608925925925926 0.47792656250000004 0.46533240740740744 0.47742682291666666 0.46821851851851853 0.47617812499999995 0.47021666666666667 0.4749291666666667 0.47376851851851853 0.4749291666666667 0.4784305555555556 0.4755536458333333 0.4837583333333333 0.4768026041666667 0.4877546296296296 0.47892552083333334 0.49108425925925925
1 0.012641406249999999 0.459000462962963 0.019405208333333333 0.46310555555555555 0.021902864583333334 0.46532546296296295 0.0271484375 0.4717634259259259 0.03027057291666667 0.4722074074074074 0.03326796875 0.47020925925925927 0.03539114583333333 0.4655476851851852 0.03713958333333334 0.4602194444444444 0.03863828125 0.45244953703703705 0.03801380208333334 0.4477875 0.036390104166666666 0.4440134259259259 0.034017187500000004 0.4437916666666667 0.03027057291666667 0.4433476851851852 0.02802265625 0.44223749999999995 0.022777083333333333 0.4389074074074074 0.019030468749999998 0.43713148148148145 0.016033072916666665 0.43646574074074074 0.01366015625 0.4366875 0.011786718750000001 0.4380194444444444 0.009538802083333332 0.44201574074074074 0.008164843750000001 0.4464555555555556 0.007540625 0.4504513888888889 0.008040104166666666 0.4544476851851852 0.0092890625 0.45688935185185187
2 0.07014401041666667 0.4701513888888889 0.0762078125 0.4670620370370371 0.07747291666666666 0.4607657407407407 0.0762078125 0.45491944444444443 0.06355755208333333 0.44637453703703706 0.05875052083333333 0.44637453703703706 0.05723255208333333 0.45491944444444443 0.05900338541666667 0.4607657407407407
2 0.5299671875 0.48697546296296296 0.5318273437500001 0.4769782407407407 0.5305624999999999 0.4711314814814815 0.5282854166666666 0.46843333333333337 0.5247432291666666 0.46843333333333337 0.52196015625 0.47517916666666665 0.5206953125 0.4841736111111111 0.5227192708333334 0.4909199074074074
2 0.6479846354166666 0.7200416666666667 0.6530171874999999 0.7234296296296296 0.6588361979166667 0.7238796296296296 0.6613661458333334 0.728826388888889 0.6608601562499999 0.7373712962962963 0.6570651041666667 0.7409694444444445 0.6522580729166666 0.7423185185185185 0.6471979166666666 0.7427680555555555 0.6451739583333332 0.7364717592592592 0.64441484375 0.7279273148148149 0.6471979166666666 0.7207314814814815
0 0.8184895833333333 0.7236111111111111 0.8171875 0.7379629629629629 0.81796875 0.7393518518518518 0.81796875 0.7513888888888889 0.8200520833333333 0.7611111111111111 0.8190104166666666 0.7652777777777777 0.81953125 0.7689814814814815 0.8282221354166667 0.7819092592592592 0.8373674479166666 0.7819092592592592 0.8484375 0.8171296296296297 0.8575520833333333 0.836574074074074 0.8651041666666667 0.8490740740740741 0.87265625 0.8541666666666666 0.8841145833333334 0.8657407407407407 0.8950520833333333 0.8703703703703703 0.9104166666666667 0.8893518518518518 0.9203125 0.8986111111111111 0.95 0.9189814814814815 0.95625 0.9199074074074074 0.9652604166666666 0.9180555555555555 0.97890625 0.9125 0.9997395833333333 0.9004629629629629 0.9997395833333333 0.6824074074074075 0.9903645833333333 0.6685185185185185 0.9682291666666667 0.6430555555555556 0.9528645833333333 0.6314814814814815 0.9322916666666666 0.6240740740740741 0.9169270833333333 0.6231481481481481 0.8973958333333333 0.6296296296296297 0.8841145833333334 0.6412037037037037 0.86875 0.6657407407407407 0.8580729166666666 0.6712962962962963 0.85390625 0.6754629629629629 0.8447916666666667 0.6884259259259259 0.8376723958333333 0.7071449074074074 0.8283854166666667 0.7060185185185185
0 0.67734375 0.4935185185185185 0.678125 0.5152777777777777 0.6803265625 0.5347268518518519 0.6864234375 0.5433953703703703 0.7007513020833334 0.5526050925925926 0.7065434895833334 0.5531472222222222 0.7127604166666667 0.5773148148148148 0.7297119791666666 0.6035314814814815 0.7489171875 0.6203263888888889 0.7723958333333333 0.624537037037037 0.7932291666666667 0.6300925925925925 0.8106770833333333 0.6277777777777778 0.8244791666666667 0.6203703703703703 0.8317708333333333 0.6143518518518518 0.84140625 0.6023148148148149 0.8432291666666667 0.5962962962962963 0.8528645833333334 0.5782407407407407 0.8609375 0.5342592592592592 0.87734375 0.5291666666666667 0.890625 0.5212962962962963 0.8989583333333333 0.5120370370370371 0.90078125 0.5027777777777778 0.8984375 0.4773148148148148 0.89296875 0.4666666666666667 0.8841145833333334 0.46111111111111114 0.8747395833333333 0.46111111111111114 0.8565104166666667 0.46574074074074073 0.8533854166666667 0.4615740740740741 0.84296875 0.4388888888888889 0.8307291666666666 0.42268518518518516 0.8239583333333333 0.4111111111111111 0.79921875 0.38935185185185184 0.7830729166666667 0.3851851851851852 0.7611979166666667 0.38842592592592595 0.7442708333333333 0.39675925925925926 0.7325520833333333 0.4101851851851852 0.7203125 0.4324074074074074 0.7169270833333333 0.4425925925925926 0.7177083333333333 0.4462962962962963 0.7135416666666666 0.4597222222222222 0.7104166666666667 0.4787037037037037 0.69921875 0.4828703703703704 0.6934895833333333 0.48009259259259257 0.6848958333333334 0.48055555555555557 0.67890625 0.48657407407407405
0 0.49140625 0.7185185185185186 0.49166666666666664 0.7384259259259259 0.49296875 0.7453703703703703 0.49609375 0.7518518518518519 0.5020833333333333 0.7564814814814815 0.5083333333333333 0.7583333333333333 0.5294033854166666 0.7578703703703704 0.53203125 0.7606481481481482 0.53125 0.7643518518518518 0.53203125 0.7722222222222223 0.5403645833333334 0.8069444444444445 0.54765625 0.8245370370370371 0.56328125 0.8513888888888889 0.5778645833333333 0.8652777777777778 0.59921875 0.875 0.6109375 0.8759259259259259 0.6236979166666666 0.8740740740740741 0.6419270833333334 0.8638888888888889 0.65 0.8564814814814815 0.6544270833333333 0.8518518518518519 0.6619791666666667 0.8351851851851851 0.6684895833333333 0.8245370370370371 0.6729166666666667 0.8134259259259259 0.6778645833333333 0.7925925925925926 0.68046875 0.7731481481481481 0.6833333333333333 0.7717592592592593 0.7057291666666666 0.774074074074074 0.7135416666666666 0.7731481481481481 0.7171875 0.7703703703703704 0.7197916666666667 0.7652777777777777 0.7203125 0.7611111111111111 0.7208333333333333 0.7296296296296296 0.7192708333333333 0.7175925925925926 0.7166666666666667 0.711574074074074 0.7088541666666667 0.7064814814814815 0.6841145833333333 0.7032407407407407 0.67890625 0.7 0.6705729166666666 0.6675925925925926 0.6546875 0.6337962962962963 0.64296875 0.6175925925925926 0.6296875 0.6055555555555555 0.6104166666666667 0.5962962962962963 0.5963541666666666 0.5958333333333333 0.58671875 0.5981481481481481 0.5734375 0.6041666666666666 0.5658854166666667 0.6111111111111112 0.5513020833333333 0.6291666666666667 0.5424479166666667 0.6467592592592593 0.5359375 0.6671296296296296 0.53203125 0.6837962962962963 0.5278645833333333 0.6875 0.5091145833333334 0.687962962962963 0.49973958333333335 0.6902777777777778 0.49453125 0.6962962962962963 0.49244791666666665 0.7060185185185185
0 0.38307291666666665 0.47638888888888886 0.38307291666666665 0.4986111111111111 0.38645833333333335 0.5106481481481482 0.39088541666666665 0.5185185185185185 0.39453125 0.5222222222222223 0.4078125 0.5287037037037037 0.41822916666666665 0.5259259259259259 0.42135416666666664 0.5300925925925926 0.42213541666666665 0.5412037037037037 0.42942708333333335 0.562962962962963 0.43776041666666665 0.5800925925925926 0.44453125 0.5907407407407408 0.4578125 0.6046296296296296 0.47291666666666665 0.6134259259259259 0.4822916666666667 0.6157407407407407 0.4981770833333333 0.6143518518518518 0.5122395833333333 0.6069444444444444 0.5190104166666667 0.600925925925926 0.5296875 0.5879629629629629 0.53984375 0.5708333333333333 0.5466145833333333 0.5550925925925926 0.5515625 0.5361111111111111 0.5553385416666666 0.5324074074074074 0.5653645833333333 0.5356481481481481 0.5747395833333333 0.5342592592592592 0.5854166666666667 0.5268518518518519 0.5893229166666667 0.5180555555555556 0.5911458333333334 0.49537037037037035 0.5890625 0.4703703703703704 0.58515625 0.46296296296296297 0.578125 0.46064814814814814 0.55703125 0.4597222222222222 0.5536458333333333 0.45787037037037037 0.5505208333333333 0.4412037037037037 0.5455729166666666 0.425 0.5307291666666667 0.39675925925925926 0.5174479166666667 0.3824074074074074 0.5015625 0.3736111111111111 0.4942708333333333 0.37175925925925923 0.48098958333333336 0.37175925925925923 0.47317708333333336 0.37407407407407406 0.45286458333333335 0.387037037037037 0.44453125 0.39675925925925926 0.43385416666666665 0.4148148148148148 0.4231770833333333 0.44166666666666665 0.42161458333333335 0.45 0.41692708333333334 0.4537037037037037 0.39010416666666664 0.45555555555555555 0.38645833333333335 0.4601851851851852
0 0.24921875 0.6990740740740741 0.24921875 0.7203703703703703 0.25416666666666665 0.7310185185185185 0.2640625 0.7351851851851852 0.27760416666666665 0.7319444444444444 0.28203125 0.736574074074074 0.2869791666666667 0.7388888888888889 0.29348958333333336 0.7805555555555556 0.3020833333333333 0.8050925925925926 0.31145833333333334 0.8208333333333333 0.32760416666666664 0.8393518518518519 0.34010416666666665 0.8453703703703703 0.34817708333333336 0.8467592592592592 0.36328125 0.8453703703703703 0.37265625 0.8416666666666667 0.39296875 0.8245370370370371 0.41822916666666665 0.7856481481481481 0.4236979166666667 0.7583333333333333 0.42604166666666665 0.7532407407407408 0.43059895833333334 0.7490740740740741 0.45026041666666666 0.7476851851851852 0.4596354166666667 0.7430555555555556 0.4635416666666667 0.7319444444444444 0.46458333333333335 0.7175925925925926 0.4635416666666667 0.6925925925925925 0.45989583333333334 0.6847222222222222 0.45651041666666664 0.6819444444444445 0.4395833333333333 0.6828703703703703 0.4328125 0.6814814814814815 0.42864583333333334 0.6782407407407407 0.42578125 0.6587962962962963 0.4192708333333333 0.6370370370370371 0.4127604166666667 0.6203703703703703 0.4049479166666667 0.6074074074074074 0.3875 0.5898148148148148 0.3731770833333333 0.5828703703703704 0.36666666666666664 0.5819444444444445 0.35703125 0.5824074074074074 0.34609375 0.5856481481481481 0.3333333333333333 0.5939814814814814 0.3223958333333333 0.6050925925925926 0.30963541666666666 0.625 0.30182291666666666 0.6402777777777777 0.29244791666666664 0.6685185185185185 0.28802083333333334 0.6712962962962963 0.26614583333333336 0.6699074074074074 0.2591145833333333 0.6722222222222223 0.25442708333333336 0.6777777777777778
0 0.16614583333333333 0.49027777777777776 0.16666666666666666 0.49537037037037035 0.16510416666666666 0.5018518518518519 0.16692708333333334 0.5074074074074074 0.16666666666666666 0.5152777777777777 0.16822916666666668 0.5194444444444445 0.17942708333333332 0.5291666666666667 0.1890625 0.5324074074074074 0.2 0.5319444444444444 0.20234375 0.5361111111111111 0.20338541666666668 0.5467592592592593 0.20651041666666667 0.5564814814814815 0.21223958333333334 0.5722222222222222 0.2171875 0.5814814814814815 0.2328125 0.5990740740740741 0.24479166666666666 0.6055555555555555 0.25546875 0.6078703703703704 0.2755208333333333 0.6027777777777777 0.29348958333333336 0.6013888888888889 0.3026041666666667 0.5981481481481481 0.3109375 0.5916666666666667 0.3255208333333333 0.5745370370370371 0.33203125 0.5583333333333333 0.3346354166666667 0.5444444444444444 0.33880208333333334 0.5365740740740741 0.33984375 0.5212962962962963 0.35208333333333336 0.5180555555555556 0.35598958333333336 0.5143518518518518 0.3606770833333333 0.5046296296296297 0.36302083333333335 0.4962962962962963 0.3640625 0.4703703703703704 0.36302083333333335 0.46111111111111114 0.35911458333333335 0.4527777777777778 0.35546875 0.45092592592592595 0.34296875 0.4527777777777778 0.33098958333333334 0.449537037037037 0.32578125 0.42916666666666664 0.3216145833333333 0.41805555555555557 0.3106770833333333 0.3972222222222222 0.3072916666666667 0.39351851851851855 0.29375 0.3837962962962963 0.27578125 0.3800925925925926 0.2552083333333333 0.3861111111111111 0.23072916666666668 0.40324074074074073 0.22265625 0.41435185185185186 0.21223958333333334 0.43796296296296294 0.20338541666666668 0.4703703703703704 0.19921875 0.4736111111111111 0.19609375 0.4685185185185185 0.17317708333333334 0.4699074074074074 0.17057291666666666 0.4736111111111111
0 0.026822916666666665 0.6981481481481482 0.026041666666666668 0.7083333333333334 0.027864583333333335 0.7203703703703703 0.029427083333333333 0.7240740740740741 0.034375 0.7277777777777777 0.043229166666666666 0.7305555555555555 0.054947916666666666 0.7305555555555555 0.05859375 0.7379629629629629 0.059375 0.7453703703703703 0.06276041666666667 0.7546296296296297 0.06536458333333334 0.7736111111111111 0.07057291666666667 0.7949074074074074 0.08359375 0.8208333333333333 0.09088541666666666 0.8287037037037037 0.10130208333333333 0.8356481481481481 0.11145833333333334 0.8384259259259259 0.12239583333333333 0.8384259259259259 0.13359375 0.8351851851851851 0.14557291666666666 0.8282407407407407 0.16312734375 0.8103523148148148 0.18141796875 0.8022259259259259 0.19666041666666667 0.7859726851851851 0.21525624999999998 0.7502157407407407 0.22470651041666667 0.7469652777777778 0.23020833333333332 0.7310185185185185 0.23359375 0.7046296296296296 0.23385416666666667 0.6944444444444444 0.23080338541666665 0.6787023148148148 0.22196276041666665 0.6770768518518518 0.21495130208333332 0.6451125 0.2033671875 0.627775925925926 0.19635416666666666 0.6231481481481481 0.19114583333333332 0.6217592592592592 0.17890625 0.600462962962963 0.16666666666666666 0.5879629629629629 0.1546875 0.5819444444444445 0.1390625 0.5810185185185185 0.12708333333333333 0.5842592592592593 0.1125 0.5930555555555556 0.09739583333333333 0.6078703703703704 0.08697916666666666 0.6226851851851852 0.08385416666666666 0.6305555555555555 0.08098958333333334 0.6435185185185185 0.07473958333333333 0.6597222222222222 0.0671875 0.6699074074074074 0.06145833333333333 0.6671296296296296 0.05026041666666667 0.6657407407407407 0.038802083333333334 0.6662037037037037 0.03515625 0.6685185185185185 0.030989583333333334 0.6759259259259259
0 0.0067708333333333336 0.3976851851851852 0 0.4115740740740741 0 0.5699074074074074 0.0078125 0.5763888888888888 0.0171875 0.5824074074074074 0.037760416666666664 0.5888888888888889 0.053125 0.5879629629629629 0.06484375 0.5828703703703704 0.07447916666666667 0.5824074074074074 0.0890625 0.5851851851851851 0.1015625 0.5833333333333334 0.11536458333333334 0.5745370370370371 0.11901041666666666 0.5703703703703704 0.12317708333333334 0.5689814814814815 0.13072916666666667 0.5583333333333333 0.13229166666666667 0.5527777777777778 0.13932291666666666 0.5435185185185185 0.14895833333333333 0.5064814814814815 0.151171875 0.49016620370370373 0.15234375 0.47175925925925927 0.15078125 0.45416666666666666 0.14739583333333334 0.44722222222222224 0.14375 0.4444444444444444 0.11614583333333334 0.40879629629629627 0.11145833333333334 0.3976851851851852 0.10234375 0.38333333333333336 0.08932291666666667 0.36944444444444446 0.06953125 0.3597222222222222 0.050520833333333334 0.3611111111111111 0.037760416666666664 0.36712962962962964 0.028385416666666666 0.37407407407407406