1 0.5369791666666667 0.5537037037037037 0.5360471354166666 0.5652129629629629 0.5338546875 0.5718949074074073 0.5338546875 0.5763499999999999 0.5356296875000001 0.5817328703703704 0.53938828125 0.5852597222222222 0.5451309895833333 0.5839601851851852 0.5478458333333334 0.5798768518518519 0.5484721354166666 0.5752361111111111 0.5469059895833334 0.566326388888889 0.5473236979166667 0.5561175925925925 0.5448177083333333 0.5507342592592592 0.5402236979166666 0.5498064814814815
1 0.44761093750000003 0.44140416666666665 0.44573151041666664 0.44882916666666667 0.4466713541666667 0.4521703703703704 0.448759375 0.45588240740740743 0.45230937499999996 0.45662499999999995 0.455859375 0.45569722222222225 0.4587828125 0.4510564814814815 0.45867864583333334 0.4473439814814815 0.45679921874999996 0.44010509259259256 0.45679921874999996 0.43119537037037037 0.4557291666666667 0.4287037037037037 0.45338541666666665 0.42685185185185187 0.44947916666666665 0.4273148148148148 0.44761093750000003 0.4308240740740741
1 0.10208333333333333 0.4222222222222222 0.10107005208333333 0.4250699074074074 0.10326276041666667 0.43175185185185183 0.1046875 0.4356481481481482 0.10462005208333333 0.44326064814814814 0.10681276041666667 0.44678703703703704 0.11036276041666666 0.4484578703703704 0.11485234375 0.4462305555555555 0.11798463541666666 0.44344629629629634 0.11975963541666666 0.43880555555555556 0.11923750000000001 0.43546435185185184 0.115165625 0.429524537037037 0.11192890625 0.41968657407407406 0.10931848958333333 0.41764490740740745 0.10451562499999999 0.41894444444444445
2 0.5702825520833333 0.5881930555555556 0.57489765625 0.5906236111111112 0.5774614583333334 0.5863703703703703 0.5791705729166666 0.5699638888888889 0.5776322916666667 0.5663180555555556 0.57489765625 0.5641912037037037 0.5725046875 0.5666217592592593 0.5682315104166666 0.5842435185185185
2 0.4785596354166667 0.46269953703703703 0.4834546875 0.4611958333333333 0.48430911458333337 0.4520814814814815 0.48482187499999996 0.44448564814814817 0.48413828124999997 0.4414476851851852 0.4817453125 0.4396245370370371 0.47866875 0.44235925925925923 0.47661770833333333 0.4584615740740741
2 0.13670520833333333 0.43461944444444445 0.13977005208333332 0.4543490740740741 0.14455598958333335 0.4528300925925926 0.14694895833333332 0.4479689814814815 0.14404322916666665 0.4330814814814815 0.14165026041666667 0.42973935185185186 0.13823177083333332 0.4288282407407407
0 0.696875 0.5930555555555556 0.6966145833333334 0.6055555555555555 0.7096354166666666 0.6402777777777777 0.7135416666666666 0.6402777777777777 0.7203125 0.6453703703703704 0.7231770833333333 0.6726851851851852 0.7294270833333333 0.6912037037037037 0.7375 0.7074074074074074 0.7466145833333333 0.7189814814814814 0.7572916666666667 0.7291666666666666 0.7791666666666667 0.7388888888888889 0.7934895833333333 0.7375 0.8083333333333333 0.7273148148148149 0.8197916666666667 0.7041666666666667 0.8322916666666667 0.6967592592592593 0.8427083333333333 0.6856481481481481 0.8466145833333333 0.6768518518518518 0.8489583333333334 0.6643518518518519 0.8557291666666667 0.6583333333333333 0.8627604166666667 0.6574074074074074 0.8716145833333333 0.6509259259259259 0.8768229166666667 0.6435185185185185 0.8802083333333334 0.6333333333333333 0.8802083333333334 0.6263888888888889 0.8786458333333333 0.6194444444444445 0.8713541666666667 0.6055555555555555 0.8596354166666667 0.6027777777777777 0.8473958333333333 0.6069444444444444 0.8421875 0.6064814814814815 0.8328125 0.5884259259259259 0.8114583333333333 0.5638888888888889 0.790625 0.5472222222222223 0.7791666666666667 0.5425925925925926 0.76171875 0.5416666666666666 0.7440104166666667 0.5462962962962963 0.7356770833333334 0.5537037037037037 0.7283854166666667 0.5652777777777778 0.7223958333333333 0.5925925925925926 0.7171875 0.5939814814814814 0.7098958333333333 0.5912037037037037 0.7028645833333333 0.5837962962962963 0.6994791666666667 0.5847222222222223
0 0.58828125 0.47638888888888886 0.5888020833333333 0.487962962962963 0.5927083333333333 0.5009259259259259 0.5979166666666667 0.5115740740740741 0.6057291666666667 0.5208333333333334 0.61015625 0.5180555555555556 0.6122395833333333 0.5189814814814815 0.6145833333333334 0.5231481481481481 0.61328125 0.5287037037037037 0.6138020833333333 0.5398148148148149 0.6247395833333333 0.5694444444444444 0.634375 0.5787037037037037 0.6372395833333333 0.5837962962962963 0.6505208333333333 0.5902777777777778 0.6731770833333334 0.5875 0.6864583333333333 0.5745370370370371 0.6890625 0.5675925925925925 0.6911458333333333 0.5564814814814815 0.6940104166666666 0.5509259259259259 0.6967083333333334 0.5417976851851851 0.70656796875 0.5315069444444445 0.71345390625 0.5117597222222222 0.7200270833333333 0.5123157407407408 0.7259739583333332 0.5073092592592593 0.7317708333333334 0.4976851851851852 0.734375 0.49166666666666664 0.73671875 0.4773148148148148 0.73046875 0.4634259259259259 0.72734375 0.46111111111111114 0.7236979166666667 0.4615740740740741 0.7174479166666666 0.4666666666666667 0.7096354166666666 0.4685185185185185 0.703125 0.4615740740740741 0.69765625 0.4527777777777778 0.6830729166666667 0.4388888888888889 0.66796875 0.42962962962962964 0.66015625 0.4273148148148148 0.64296875 0.42824074074074076 0.6270833333333333 0.4356481481481482 0.6229166666666667 0.4388888888888889 0.6140625 0.4527777777777778 0.6119791666666666 0.4671296296296296 0.6088541666666667 0.47638888888888886 0.5986979166666667 0.47638888888888886 0.5963541666666666 0.47314814814814815 0.5921875 0.47129629629629627 0.5890625 0.4736111111111111
0 0.4546875 0.5912037037037037 0.45338541666666665 0.6138888888888889 0.45651041666666664 0.6268518518518519 0.4669270833333333 0.6375 0.4744791666666667 0.6407407407407407 0.48333333333333334 0.6407407407407407 0.48828125 0.6444444444444445 0.49375 0.6601851851851852 0.4934895833333333 0.6722222222222223 0.4953125 0.6851851851851852 0.5013020833333334 0.7013888888888888 0.50859375 0.7138888888888889 0.5140625 0.7194444444444444 0.5252604166666667 0.7273148148148149 0.5356770833333333 0.7291666666666666 0.5541666666666667 0.7263888888888889 0.5690104166666666 0.712037037037037 0.5747395833333333 0.7 0.5783854166666667 0.6856481481481481 0.578125 0.6819444444444445 0.5966145833333333 0.6439814814814815 0.6091145833333333 0.6439814814814815 0.61953125 0.6342592592592593 0.6231770833333333 0.625462962962963 0.6263020833333334 0.6092592592592593 0.6231770833333333 0.5847222222222223 0.61953125 0.5782407407407407 0.61171875 0.575 0.58984375 0.5740740740740741 0.58828125 0.5699074074074074 0.5885416666666666 0.5652777777777778 0.5859375 0.5587962962962963 0.5809895833333333 0.55 0.5692708333333333 0.5365740740740741 0.5559895833333334 0.5277777777777778 0.5408854166666667 0.5236111111111111 0.5278645833333333 0.524074074074074 0.5114583333333333 0.5310185185185186 0.4981770833333333 0.5439814814814815 0.4908854166666667 0.5564814814814815 0.4875 0.5666666666666667 0.48151041666666666 0.5708333333333333 0.4669270833333333 0.5712962962962963 0.4591145833333333 0.5740740740740741 0.45651041666666664 0.5777777777777777
0 0.378125 0.4666666666666667 0.37890625 0.48842592592592593 0.38046875 0.49444444444444446 0.38671875 0.5050925925925925 0.39036458333333335 0.5087962962962963 0.40677083333333336 0.5125 0.4166666666666667 0.5328703703703703 0.41692708333333334 0.5402777777777777 0.42083333333333334 0.5634259259259259 0.4276041666666667 0.575 0.4354166666666667 0.5833333333333334 0.44557291666666665 0.5888888888888889 0.45286458333333335 0.5888888888888889 0.45703125 0.575 0.4596354166666667 0.5722222222222222 0.4666666666666667 0.5694444444444444 0.48489583333333336 0.5675925925925925 0.49583333333333335 0.5430555555555555 0.49583333333333335 0.5351851851851852 0.4942708333333333 0.5291666666666667 0.49453125 0.5222222222222223 0.49583333333333335 0.5185185185185185 0.5002604166666667 0.5138888888888888 0.5127604166666667 0.5148148148148148 0.515625 0.512962962962963 0.5252604166666667 0.4976851851851852 0.52734375 0.48935185185185187 0.5270833333333333 0.4773148148148148 0.52265625 0.4615740740740741 0.5161458333333333 0.45555555555555555 0.5130208333333334 0.45694444444444443 0.5091145833333334 0.45416666666666666 0.50546875 0.4564814814814815 0.5036458333333333 0.45555555555555555 0.4934895833333333 0.4356481481481482 0.48489583333333336 0.42453703703703705 0.47552083333333334 0.41759259259259257 0.46171875 0.412962962962963 0.4510416666666667 0.4125 0.43463541666666666 0.41759259259259257 0.41640625 0.43287037037037035 0.40963541666666664 0.4439814814814815 0.40520833333333334 0.4486111111111111 0.3932291666666667 0.449537037037037 0.38697916666666665 0.44814814814814813 0.3815104166666667 0.4537037037037037
0 0.26067708333333334 0.6013888888888889 0.26119791666666664 0.6101851851851852 0.265625 0.6194444444444445 0.27057291666666666 0.6268518518518519 0.27578125 0.6310185185185185 0.28828645833333333 0.6332856481481481 0.29396796875 0.6546444444444444 0.30401953125 0.6701782407407407 0.31171875 0.6824074074074075 0.3171875 0.7 0.32786458333333335 0.7143518518518519 0.3380208333333333 0.7194444444444444 0.34791666666666665 0.7212962962962963 0.36640625 0.7166666666666667 0.3736979166666667 0.7111111111111111 0.38645833333333335 0.6958333333333333 0.3921875 0.6856481481481481 0.39765625 0.6680555555555555 0.3984375 0.6532407407407408 0.3971354166666667 0.6458333333333334 0.39895833333333336 0.6398148148148148 0.41640625 0.6356481481481482 0.421875 0.6300925925925925 0.4315104166666667 0.6092592592592593 0.43359375 0.600925925925926 0.4348958333333333 0.5875 0.43307291666666664 0.5814814814814815 0.42578125 0.5768518518518518 0.42239583333333336 0.5782407407407407 0.415625 0.5879629629629629 0.40546875 0.586574074074074 0.40208333333333335 0.5643518518518519 0.39505208333333336 0.549537037037037 0.37421875 0.5287037037037037 0.3653645833333333 0.5254629629629629 0.34609375 0.5287037037037037 0.32265625 0.5388888888888889 0.3145833333333333 0.5462962962962963 0.3106770833333333 0.5537037037037037 0.30911458333333336 0.5597222222222222 0.29765625 0.5782407407407407 0.2916666666666667 0.5814814814814815 0.28411458333333334 0.5800925925925926 0.2760416666666667 0.5740740740740741 0.26875 0.575 0.26458333333333334 0.5814814814814815
0 0.20963541666666666 0.4777777777777778 0.20859375 0.487962962962963 0.21276041666666667 0.5018518518518519 0.22447916666666667 0.5152777777777777 0.22942708333333334 0.5152777777777777 0.23645833333333333 0.5157407407407407 0.2565104166666667 0.55 0.2565104166666667 0.5532407407407407 0.26223958333333336 0.5703703703703704 0.26752760416666665 0.576199537037037 0.2753942708333333 0.5730930555555556 0.28435338541666666 0.5812481481481482 0.29348958333333336 0.5814814814814815 0.29661458333333335 0.5787037037037037 0.30130208333333336 0.5694444444444444 0.3072916666666667 0.5615740740740741 0.31223958333333335 0.5486111111111112 0.32864583333333336 0.5342592592592592 0.3385447916666667 0.5311523148148148 0.33745234375 0.5214435185185186 0.336796875 0.5086287037037037 0.34322916666666664 0.5078703703703704 0.3458333333333333 0.5087962962962963 0.35208333333333336 0.5037037037037037 0.359375 0.48842592592592593 0.36302083333333335 0.4666666666666667 0.3625 0.4634259259259259 0.35963541666666665 0.4597222222222222 0.3484375 0.4625 0.3442263020833333 0.4659111111111111 0.33958333333333335 0.46111111111111114 0.33567708333333335 0.4476851851851852 0.32786458333333335 0.4356481481481482 0.31223958333333335 0.42407407407407405 0.29973958333333334 0.4217592592592593 0.2825520833333333 0.425462962962963 0.265625 0.43425925925925923 0.2515625 0.45092592592592595 0.24088541666666666 0.4671296296296296 0.23854166666666668 0.47314814814814815 0.23307291666666666 0.4736111111111111 0.2265625 0.4666666666666667 0.21796875 0.46435185185185185 0.2125 0.4666666666666667
0 0.0671875 0.6055555555555555 0.06744791666666666 0.611574074074074 0.07447916666666667 0.6203703703703703 0.09036458333333333 0.6259259259259259 0.0921875 0.6328703703703704 0.0921875 0.6513888888888889 0.09348958333333333 0.6583333333333333 0.09479166666666666 0.662962962962963 0.10208333333333333 0.6754629629629629 0.109375 0.6819444444444445 0.12369791666666667 0.6893518518518519 0.1328125 0.7087962962962963 0.14192708333333334 0.7180555555555556 0.15104166666666666 0.7236111111111111 0.16354166666666667 0.7245370370370371 0.18177083333333333 0.7189814814814814 0.196875 0.7078703703703704 0.20364583333333333 0.700925925925926 0.21484375 0.6842592592592592 0.22109375 0.6680555555555555 0.225 0.6513888888888889 0.22526041666666666 0.6458333333333334 0.23229166666666667 0.6333333333333333 0.23567708333333334 0.624537037037037 0.2421875 0.6055555555555555 0.24557291666666667 0.5916666666666667 0.24505208333333334 0.5884259259259259 0.24270833333333333 0.5851851851851851 0.23802083333333332 0.5824074074074074 0.22508671875 0.5861111111111111 0.221875 0.5791666666666667 0.21901041666666668 0.5569444444444445 0.21276041666666667 0.5439814814814815 0.196875 0.5282407407407408 0.18776041666666668 0.5259259259259259 0.16432291666666668 0.5314814814814814 0.140625 0.5416666666666666 0.13411458333333334 0.5467592592592593 0.12083333333333333 0.5648148148148148 0.10677083333333333 0.5800925925925926 0.10234375 0.5773148148148148 0.09817708333333333 0.5805555555555556 0.08880208333333334 0.5768518518518518 0.08125 0.5791666666666667 0.07421875 0.587037037037037
0 0.03958333333333333 0.4703703703703704 0.04348958333333333 0.4791666666666667 0.05117161458333333 0.483675 0.05993307291666667 0.4864888888888889 0.06067213541666667 0.49774490740740734 0.06276041666666667 0.5074074074074074 0.07213541666666666 0.5254629629629629 0.08854166666666667 0.5388888888888889 0.09453125 0.5527777777777778 0.10755208333333334 0.5712962962962963 0.11067708333333333 0.5726851851851852 0.11328125 0.5722222222222222 0.13463541666666667 0.5458333333333333 0.14713541666666666 0.5370370370370371 0.16692708333333334 0.5300925925925926 0.18255208333333334 0.5268518518518519 0.184375 0.5222222222222223 0.18489583333333334 0.5082175925925926 0.18671875 0.5013888888888889 0.19322916666666667 0.48657407407407405 0.19973958333333333 0.4671296296296296 0.19973958333333333 0.45925925925925926 0.19661458333333334 0.44907407407407407 0.19348958333333333 0.44351851851851853 0.1890625 0.4412037037037037 0.18255208333333334 0.4412037037037037 0.17604166666666668 0.43657407407407406 0.171875 0.4217592592592593 0.16744791666666667 0.4148148148148148 0.16067708333333333 0.40925925925925927 0.1484375 0.4050925925925926 0.13541666666666666 0.4046296296296296 0.1203125 0.4078703703703704 0.09401041666666667 0.42453703703703705 0.07682291666666667 0.44166666666666665 0.0688 0.4401523148148148 0.06130546875 0.44109027777777776 0.0523328125 0.4424032407407407 0.04599921875 0.4484064814814815 0.04114348958333334 0.4572236111111111
0 0.0036458333333333334 0.5097222222222222 0 0.5097222222222222 0 0.7083333333333334 0.015625 0.6990740740740741 0.02265625 0.6925925925925925 0.04244791666666667 0.6675925925925926 0.0546875 0.6337962962962963 0.057291666666666664 0.6236111111111111 0.05364583333333333 0.6125 0.0546875 0.6027777777777777 0.06145833333333333 0.5814814814814815 0.06067708333333333 0.5763888888888888 0.05234375 0.5606481481481481 0.04244791666666667 0.5578703703703703 0.04010416666666667 0.5435185185185185 0.02890625 0.5217592592592593 0.019010416666666665 0.5138888888888888
0 0.48385416666666664 0.9300925925925926 0.48359375 0.9324074074074075 0.4869791666666667 0.9425925925925925 0.494140625 0.955787037037037 0.49583333333333335 0.962037037037037 0.4921875 0.9800925925925926 0.4921875 0.9879629629629629 0.49505208333333334 0.9944444444444445 0.5002604166666667 0.999537037037037 0.5106770833333333 0.999537037037037 0.5130208333333334 0.9953703703703703 0.51796875 0.9763888888888889 0.52578125 0.9740740740740741 0.5364583333333334 0.9638888888888889 0.5497395833333333 0.9328703703703703 0.5486979166666667 0.9296296296296296 0.5440104166666667 0.9287037037037037 0.5002604166666667 0.9277777777777778
0 0.39348958333333334 0.9527777777777777 0.39375 0.9625 0.39791666666666664 0.9703703703703703 0.4044270833333333 0.9782407407407407 0.4119791666666667 0.975462962962963 0.4205729166666667 0.9666666666666667 0.42604166666666665 0.9671296296296297 0.4388020833333333 0.975 0.44375 0.9745370370370371 0.45286458333333335 0.9708333333333333 0.4596354166666667 0.9638888888888889 0.4700520833333333 0.9458333333333333 0.47265625 0.9310185185185185 0.47161458333333334 0.9287037037037037 0.40729166666666666 0.9268518518518518 0.4046875 0.9287037037037037 0.3984375 0.9444444444444444
0 0.30911458333333336 0.9495370370370371 0.30807291666666664 0.9638888888888889 0.3125 0.9726851851851852 0.31744791666666666 0.975462962962963 0.32109375 0.9740740740740741 0.32734375 0.9648148148148148 0.33541666666666664 0.9564814814814815 0.3453125 0.9648148148148148 0.34739583333333335 0.9689814814814814 0.3450520833333333 0.986574074074074 0.3453125 0.9944444444444445 0.34713541666666664 0.999537037037037 0.36432291666666666 0.999537037037037 0.36953125 0.987037037037037 0.3697916666666667 0.9805555555555555 0.3723958333333333 0.9694444444444444 0.38229166666666664 0.9634259259259259 0.38697916666666665 0.9560185185185185 0.3921875 0.9435185185185185 0.39453125 0.9319444444444445 0.39375 0.9287037037037037 0.38723958333333336 0.9263888888888889 0.3619791666666667 0.9236111111111112 0.32109375 0.9277777777777778
0 0.22604166666666667 0.9699074074074074 0.22578125 0.9740740740740741 0.22734375 0.9814814814814815 0.2375 0.9907407407407407 0.24296875 0.9902777777777778 0.2484375 0.987037037037037 0.25364583333333335 0.9782407407407407 0.2598958333333333 0.9726851851851852 0.26666666666666666 0.9722222222222222 0.2755208333333333 0.9796296296296296 0.29010416666666666 0.9787037037037037 0.30546875 0.9662037037037037 0.31744791666666666 0.9296296296296296 0.3151041666666667 0.9268518518518518 0.3046875 0.925 0.24088541666666666 0.924074074074074 0.23958333333333334 0.925 0.23958333333333334 0.9287037037037037 0.24166666666666667 0.9421296296296297 0.24166666666666667 0.9513888888888888 0.2296875 0.9625
0 0.06041666666666667 0.9185185185185185 0.05859375 0.9217592592592593 0.06067708333333333 0.9402777777777778 0.0640625 0.9453703703703704 0.071875 0.9458333333333333 0.07005208333333333 0.9597222222222223 0.0640625 0.975462962962963 0.06302083333333333 0.9833333333333333 0.06354166666666666 0.9902777777777778 0.07760416666666667 0.999537037037037 0.08828125 0.9944444444444445 0.09947916666666666 0.9847222222222223 0.10494791666666667 0.9708333333333333 0.12005208333333334 0.9643518518518519 0.134375 0.9518518518518518 0.13984375 0.9425925925925925 0.14635416666666667 0.9254629629629629 0.13958333333333334 0.9208333333333333 0.12057291666666667 0.9175925925925926
0 0.19114583333333332 0.9217592592592593 0.19166666666666668 0.9319444444444445 0.19427083333333334 0.9388888888888889 0.20651041666666667 0.9606481481481481 0.21354166666666666 0.9606481481481481 0.22135416666666666 0.9532407407407407 0.22083333333333333 0.9444444444444444 0.22395833333333334 0.9342592592592592 0.21432291666666667 0.925 0.21276041666666667 0.9217592592592593
0 0.13723958333333333 0.9495370370370371 0.13619791666666667 0.9527777777777777 0.13723958333333333 0.9569444444444445 0.14739583333333334 0.9643518518518519 0.15416666666666667 0.9634259259259259 0.16119791666666666 0.9578703703703704 0.17604166666666668 0.9592592592592593 0.178125 0.962037037037037 0.17994791666666668 0.9708333333333333 0.17890625 0.9736111111111111 0.17942708333333332 0.9810185185185185 0.18020833333333333 0.9842592592592593 0.18203125 0.9856481481481482 0.1921875 0.9847222222222223 0.19921875 0.9787037037037037 0.20052083333333334 0.975462962962963 0.19921875 0.9675925925925926 0.175 0.9287037037037037 0.17135416666666667 0.9268518518518518 0.16875 0.9217592592592593 0.16510416666666666 0.9199074074074074 0.15078125 0.9217592592592593
0 0.017708333333333333 0.9148148148148149 0 0.9171296296296296 0 0.9953703703703703 0.0109375 0.9912037037037037 0.01953125 0.9842592592592593 0.025520833333333333 0.9717592592592592 0.046614583333333334 0.9629629629629629 0.057291666666666664 0.9537037037037037 0.059895833333333336 0.9486111111111111 0.05651041666666667 0.9268518518518518 0.04921875 0.9180555555555555 0.039322916666666666 0.9143518518518519
0 0.0018229166666666667 0.4041666666666667 0 0.4041666666666667 0 0.5074074074074074 0.014583333333333334 0.5106481481481482 0.0296875 0.5208333333333334 0.033854166666666664 0.5055555555555555 0.03307291666666667 0.49444444444444446 0.03177083333333333 0.49074074074074076 0.032552083333333336 0.48194444444444445 0.0375 0.4689814814814815 0.037760416666666664 0.4625 0.02860182291666667 0.4424717592592593 0.021061458333333335 0.4414407407407407 0.01953125 0.4324074074074074 0.015885416666666666 0.42268518518518516 0.009635416666666667 0.4115740740740741