1 0.10234375 0.6518518518518519 0.10260416666666666 0.6583333333333333 0.10755208333333334 0.6773148148148148 0.1078125 0.6893518518518519 0.1086921875 0.6945898148148149 0.11130234375 0.6977453703703704 0.11579192708333334 0.699787037037037 0.12205677083333333 0.6992305555555556 0.12602447916666668 0.6970027777777779 0.12942708333333333 0.6925925925925925 0.13359375 0.6856481481481481 0.13563020833333334 0.6795546296296296 0.13625677083333335 0.6739861111111111 0.13448177083333332 0.6673037037037037 0.12612864583333333 0.655424074074074 0.12111692708333334 0.6394606481481481 0.11588541666666667 0.6370370370370371 0.109375 0.6398148148148148 0.10546875 0.6439814814814815
1 0.35703125 0.7796296296296297 0.3568776041666667 0.8007643518518519 0.35343203125 0.815799537037037 0.3535364583333333 0.8217393518518519 0.35583333333333333 0.8280504629629629 0.3595921875 0.8332481481481482 0.36491718749999996 0.8362180555555555 0.3722260416666667 0.8362180555555555 0.37828177083333336 0.8321342592592593 0.3822494791666667 0.8247092592592593 0.3837111979166667 0.8178416666666667 0.3832934895833333 0.8106023148148148 0.3792216145833333 0.7946388888888889 0.3791171875 0.7775620370370371 0.3772377604166667 0.7714365740740742 0.3734375 0.7675925925925926 0.36919817708333336 0.7656824074074075 0.36366432291666667 0.7671671296296296 0.359375 0.7717592592592593
1 0.4407197916666667 0.536812962962963 0.4415552083333333 0.5423814814814816 0.4447919270833333 0.5473930555555555 0.44928151041666664 0.5511055555555555 0.454084375 0.5527763888888889 0.45888723958333333 0.5514768518518519 0.46212421875 0.5488782407407408 0.4636903645833333 0.5449800925925926 0.4625416666666667 0.5264180555555557 0.4640625 0.5115740740740741 0.4643166666666667 0.5065569444444444 0.4619153645833334 0.5021018518518519 0.45930494791666665 0.5002458333333333 0.45450208333333336 0.4987606481481482 0.44947916666666665 0.5 0.44802864583333335 0.5024731481481481 0.44573151041666664 0.5210351851851851
2 0.17820130208333335 0.6771074074074074 0.18000182291666667 0.6425416666666667 0.18396302083333332 0.6361402777777778 0.19152526041666668 0.6367805555555555 0.19332578125 0.650862962962963 0.19368593750000002 0.6809476851851852 0.18864427083333332 0.6860685185185185 0.18072213541666665 0.6854287037037038
2 0.4250919270833334 0.7593222222222222 0.4209125 0.7974467592592592 0.42271302083333334 0.8057685185185185 0.42811458333333335 0.8089689814814816 0.43423645833333335 0.8064083333333334 0.43819765625 0.7814444444444445 0.43747734375 0.7609611111111111 0.4309955729166666 0.7564800925925926
2 0.49442135416666666 0.5043652777777778 0.4904130208333333 0.5337236111111111 0.49437421875 0.5439652777777777 0.5008559895833333 0.5452453703703704 0.50373671875 0.5382041666666666 0.50517734375 0.5093995370370371 0.504096875 0.5036388888888889 0.49833515624999997 0.500437962962963
0 0.8010416666666667 0.3875 0.7997395833333333 0.4 0.80078125 0.4078703703703704 0.8065104166666667 0.42083333333333334 0.80859375 0.4300925925925926 0.80703125 0.4337962962962963 0.8036458333333333 0.43657407407407406 0.7958333333333333 0.4324074074074074 0.7934895833333333 0.4356481481481482 0.7908854166666667 0.4462962962962963 0.7924479166666667 0.4564814814814815 0.7986979166666667 0.4666666666666667 0.8018229166666667 0.475 0.7994791666666666 0.4837962962962963 0.8005208333333333 0.4925925925925926 0.8 0.4981481481481482 0.8020833333333334 0.5041666666666667 0.8018229166666667 0.5083333333333333 0.8036458333333333 0.5152777777777777 0.8088541666666667 0.512962962962963 0.8265625 0.49583333333333335 0.8416666666666667 0.487962962962963 0.8520833333333333 0.48842592592592593 0.8802083333333334 0.4949074074074074 0.9013020833333333 0.5023148148148148 0.9151041666666667 0.5027777777777778 0.92265625 0.49444444444444446 0.9276041666666667 0.47962962962962963 0.93828125 0.4703703703703704 0.94296875 0.46064814814814814 0.9455729166666667 0.449537037037037 0.9434895833333333 0.4398148148148148 0.9421875 0.425462962962963 0.9395833333333333 0.4148148148148148 0.9395833333333333 0.4111111111111111 0.94375 0.3939814814814815 0.94453125 0.38101851851851853 0.9403645833333333 0.3731481481481482 0.9309895833333334 0.3662037037037037 0.9184895833333333 0.3662037037037037 0.9145833333333333 0.36944444444444446 0.91171875 0.37453703703703706 0.9044270833333333 0.3763888888888889 0.89375 0.36898148148148147 0.87421875 0.3611111111111111 0.8411458333333334 0.35462962962962963 0.8315104166666667 0.35555555555555557 0.8145833333333333 0.3680555555555556 0.8036458333333333 0.3814814814814815
0 0.7856770833333333 0.6032407407407407 0.78515625 0.6134259259259259 0.7877604166666666 0.6199074074074075 0.7973958333333333 0.6351851851851852 0.7989583333333333 0.6541666666666667 0.79765625 0.6638888888888889 0.7981770833333334 0.6689814814814815 0.8067708333333333 0.6935185185185185 0.81171875 0.7037037037037037 0.8286458333333333 0.7273148148148149 0.84296875 0.7398148148148148 0.8557291666666667 0.7486111111111111 0.8763020833333334 0.7564814814814815 0.8901041666666667 0.7569444444444444 0.9013020833333333 0.7541666666666667 0.9130208333333333 0.7486111111111111 0.9223958333333333 0.7388888888888889 0.9330729166666667 0.7203703703703703 0.9489583333333333 0.6652777777777777 0.9518229166666666 0.6597222222222222 0.9640625 0.649537037037037 0.971875 0.6342592592592593 0.9731770833333333 0.6300925925925925 0.9739583333333334 0.6171296296296296 0.971875 0.5944444444444444 0.96796875 0.5782407407407407 0.9505208333333334 0.5481481481481482 0.934375 0.5277777777777778 0.9244791666666666 0.5189814814814815 0.9028645833333333 0.5050925925925925 0.8802083333333334 0.49675925925925923 0.8489583333333334 0.49074074074074076 0.8341145833333333 0.4935185185185185 0.8229166666666666 0.5009259259259259 0.80625 0.5166666666666667 0.80078125 0.5328703703703703 0.7994791666666666 0.5398148148148149 0.7994791666666666 0.5476851851851852 0.8033854166666666 0.5694444444444444 0.8088541666666667 0.5842592592592593 0.81171875 0.5884259259259259 0.8130208333333333 0.5949074074074074 0.8096354166666667 0.5972222222222222 0.8033854166666666 0.5976851851851852 0.7934895833333333 0.5902777777777778 0.78984375 0.5907407407407408 0.7869791666666667 0.5953703703703703
0 0.59140625 0.5314814814814814 0.5916666666666667 0.5393518518518519 0.5994791666666667 0.5532407407407407 0.6130208333333333 0.5703703703703704 0.6174479166666667 0.5782407407407407 0.6171875 0.5916666666666667 0.6216145833333333 0.6106481481481482 0.6270833333333333 0.6097222222222223 0.6356770833333333 0.6013888888888889 0.65546875 0.5986111111111111 0.6661458333333333 0.6046296296296296 0.6921875 0.6111111111111112 0.7104166666666667 0.6217592592592592 0.7208333333333333 0.624537037037037 0.7346354166666667 0.6365740740740741 0.7385416666666667 0.6324074074074074 0.7416666666666667 0.6199074074074075 0.7510416666666667 0.5680555555555555 0.7643229166666666 0.5504629629629629 0.7682291666666666 0.5365740740740741 0.76953125 0.5296296296296297 0.76953125 0.5217592592592593 0.7669270833333334 0.5020833333333333 0.7684895833333333 0.49444444444444446 0.7736979166666667 0.48657407407407405 0.7770833333333333 0.4773148148148148 0.7783854166666667 0.46111111111111114 0.778125 0.45 0.7765625 0.44583333333333336 0.7700520833333333 0.43842592592592594 0.7619791666666667 0.43194444444444446 0.7541666666666667 0.43194444444444446 0.7364583333333333 0.449537037037037 0.7252604166666666 0.4412037037037037 0.6994791666666667 0.42962962962962964 0.66640625 0.42314814814814816 0.6533854166666667 0.425 0.6380208333333334 0.43472222222222223 0.6299479166666667 0.44212962962962965 0.6197916666666666 0.4546296296296296 0.6151041666666667 0.4634259259259259 0.6114583333333333 0.47638888888888886 0.6109375 0.48703703703703705 0.6145833333333334 0.5064814814814815 0.6171875 0.512962962962963 0.6197916666666666 0.5157407407407407 0.6174479166666667 0.524074074074074 0.6130208333333333 0.524537037037037 0.6109375 0.5273148148148148 0.6083333333333333 0.5277777777777778 0.60234375 0.5222222222222223 0.5950520833333334 0.5199074074074074 0.5934895833333333 0.5222222222222223
0 0.5466145833333333 0.7513888888888889 0.5453125 0.7689814814814815 0.5502604166666667 0.7824074074074074 0.5723958333333333 0.8212962962962963 0.5846354166666666 0.8347222222222223 0.5893229166666667 0.8361111111111111 0.5963541666666666 0.8611111111111112 0.6067708333333334 0.8800925925925925 0.6236979166666666 0.9050925925925926 0.63828125 0.9166666666666666 0.6515625 0.924074074074074 0.6671875 0.9277777777777778 0.69296875 0.9259259259259259 0.71015625 0.9152777777777777 0.7223958333333333 0.9013888888888889 0.7286458333333333 0.8907407407407407 0.73828125 0.8652777777777778 0.7455729166666667 0.8291666666666667 0.75078125 0.8152777777777778 0.7619791666666667 0.8004629629629629 0.7666666666666667 0.7893518518518519 0.7723958333333333 0.7694444444444445 0.77265625 0.7550925925925925 0.7744791666666667 0.7486111111111111 0.7739583333333333 0.7337962962962963 0.7723958333333333 0.7305555555555555 0.7697916666666667 0.7111111111111111 0.771875 0.7013888888888888 0.7755208333333333 0.7046296296296296 0.7791666666666667 0.7037037037037037 0.784375 0.6930555555555555 0.7861979166666667 0.6916666666666667 0.7888020833333333 0.6819444444444445 0.7880208333333333 0.6787037037037037 0.7903645833333334 0.674537037037037 0.7921875 0.6518518518518519 0.790625 0.6449074074074074 0.7828125 0.6319444444444444 0.77578125 0.6226851851851852 0.76953125 0.6194444444444445 0.7638020833333333 0.6194444444444445 0.7583333333333333 0.6226851851851852 0.7470052083333333 0.6400462962962963 0.740625 0.6453703703703704 0.7325520833333333 0.6351851851851852 0.7213541666666666 0.6259259259259259 0.7098958333333333 0.6222222222222222 0.69296875 0.6125 0.6640625 0.6055555555555555 0.6546875 0.6 0.640625 0.6013888888888889 0.6294270833333333 0.6092592592592593 0.6231770833333333 0.611574074074074 0.6114583333333333 0.6208333333333333 0.5973958333333333 0.6356481481481482 0.5856770833333333 0.6523148148148148 0.5833333333333334 0.6597222222222222 0.5817708333333333 0.6722222222222223 0.5786458333333333 0.6819444444444445 0.5770833333333333 0.6925925925925925 0.57890625 0.7138888888888889 0.5830729166666667 0.7342592592592593 0.5822916666666667 0.7421296296296296 0.57578125 0.7449074074074075 0.5736979166666667 0.7476851851851852 0.5723958333333333 0.7458333333333333 0.5627604166666667 0.7472222222222222 0.5575520833333333 0.7412037037037037 0.5536458333333333 0.7412037037037037 0.5502604166666667 0.7430555555555556
0 0.3177083333333333 0.6462962962962963 0.31744791666666666 0.6541666666666667 0.32005208333333335 0.6648148148148149 0.32395833333333335 0.675 0.3341145833333333 0.6930555555555555 0.3455729166666667 0.7064814814814815 0.36223958333333334 0.7212962962962963 0.3875 0.7217592592592592 0.4158854166666667 0.7305555555555555 0.42994791666666665 0.7388888888888889 0.44765625 0.7527777777777778 0.45286458333333335 0.7592592592592593 0.46380208333333334 0.7555555555555555 0.484375 0.7435185185185185 0.5005208333333333 0.737037037037037 0.5049479166666667 0.7379629629629629 0.51171875 0.7449074074074075 0.5153645833333333 0.7462962962962963 0.5177083333333333 0.7416666666666667 0.5190104166666667 0.7337962962962963 0.525 0.6819444444444445 0.55390625 0.6069444444444444 0.5549479166666667 0.6018518518518519 0.5614583333333333 0.5921296296296297 0.5674479166666667 0.5768518518518518 0.5692708333333333 0.5680555555555555 0.5697916666666667 0.5467592592592593 0.5682291666666667 0.5259259259259259 0.5638020833333334 0.5194444444444445 0.5528645833333333 0.5106481481481482 0.53125 0.5120370370370371 0.5153645833333333 0.5199074074074074 0.5046875 0.5111111111111111 0.5013020833333334 0.5037037037037037 0.49583333333333335 0.5041666666666667 0.49322916666666666 0.5013888888888889 0.47760416666666666 0.49537037037037035 0.45546875 0.48935185185185187 0.42552083333333335 0.4935185185185185 0.4109375 0.49953703703703706 0.38984375 0.5148148148148148 0.37942708333333336 0.5259259259259259 0.37265625 0.5356481481481481 0.36614583333333334 0.549074074074074 0.36276041666666664 0.5606481481481481 0.36015625 0.5824074074074074 0.3533854166666667 0.5916666666666667 0.34479166666666666 0.5925925925925926 0.3341145833333333 0.5986111111111111 0.3234375 0.6083333333333333 0.32109375 0.6157407407407407 0.31927083333333334 0.6393518518518518
0 0.18645833333333334 0.9412037037037037 0.18645833333333334 0.9592592592592593 0.18802083333333333 0.9652777777777778 0.18802083333333333 0.9777777777777777 0.19036458333333334 0.9949074074074075 0.19453125 0.999537037037037 0.45729166666666665 0.999537037037037 0.46458333333333335 0.9907407407407407 0.47161458333333334 0.975462962962963 0.4791666666666667 0.9527777777777777 0.4856770833333333 0.9217592592592593 0.4869791666666667 0.888425925925926 0.48854166666666665 0.8856481481481482 0.49375 0.8833333333333333 0.49895833333333334 0.8763888888888889 0.5018229166666667 0.8763888888888889 0.5088541666666667 0.8694444444444445 0.5106770833333333 0.8629629629629629 0.5190104166666667 0.8486111111111111 0.5223958333333333 0.8379629629629629 0.5247395833333334 0.8143518518518519 0.525 0.7791666666666667 0.5229166666666667 0.7712962962962963 0.5138020833333333 0.75 0.50859375 0.7425925925925926 0.5044270833333333 0.7393518518518518 0.4986979166666667 0.7393518518518518 0.4822916666666667 0.7462962962962963 0.45390625 0.763425925925926 0.44609375 0.7523148148148148 0.42942708333333335 0.7398148148148148 0.41484375 0.7314814814814815 0.3953125 0.725 0.3815104166666667 0.7236111111111111 0.35885416666666664 0.7245370370370371 0.334375 0.7324074074074074 0.321875 0.7388888888888889 0.30755208333333334 0.749537037037037 0.29401041666666666 0.7625 0.28151041666666665 0.7777777777777778 0.26536458333333335 0.8041666666666667 0.25755208333333335 0.8240740740740741 0.25026041666666665 0.8518518518518519 0.24765625 0.8662037037037037 0.24661458333333333 0.8804013888888889 0.24505208333333334 0.8856481481481482 0.234375 0.8935185185185185 0.22630208333333332 0.8972222222222223 0.21953125 0.9032407407407408 0.21197916666666666 0.9041666666666667 0.19713541666666667 0.9180555555555555 0.1890625 0.9291666666666667
0 0.004166666666666667 0.7379629629629629 0.00546875 0.7402777777777778 0 0.7949074074074074 0 0.8189814814814815 0.00625 0.8203703703703704 0.01796875 0.8574074074074074 0.022395833333333334 0.8606481481481482 0.030729166666666665 0.8731481481481481 0.03802083333333333 0.8791666666666667 0.05390625 0.9319444444444445 0.058333333333333334 0.9555555555555556 0.06041666666666667 0.9611111111111111 0.06484375 0.9638888888888889 0.07135416666666666 0.9643518518518519 0.09140625 0.9532407407407407 0.11302083333333333 0.9458333333333333 0.11796875 0.9486111111111111 0.12291666666666666 0.9564814814814815 0.13177083333333334 0.9856481481481482 0.1390625 0.9921296296296296 0.14166666666666666 0.9921296296296296 0.16614583333333333 0.9814814814814815 0.18072916666666666 0.9685185185185186 0.18411458333333333 0.9611111111111111 0.18489583333333334 0.9421296296296297 0.18776041666666668 0.9277777777777778 0.18958333333333333 0.924074074074074 0.20234375 0.9106481481481481 0.2203125 0.9 0.22890625 0.8902777777777777 0.22786458333333334 0.8893518518518518 0.228125 0.8833333333333333 0.23020833333333332 0.8731481481481481 0.23177083333333334 0.8486111111111111 0.23072916666666668 0.812037037037037 0.22942708333333334 0.799537037037037 0.23463541666666668 0.7791666666666667 0.2375 0.7722222222222223 0.24010416666666667 0.7699074074074074 0.265625 0.7620370370370371 0.2721354166666667 0.7555555555555555 0.28046875 0.7393518518518518 0.28880208333333335 0.7185185185185186 0.2916666666666667 0.7064814814814815 0.2916666666666667 0.6939814814814815 0.28880208333333335 0.6787037037037037 0.28671875 0.6578703703703703 0.28229166666666666 0.6439814814814815 0.2755208333333333 0.6337962962962963 0.26588541666666665 0.6333333333333333 0.22317708333333333 0.6486111111111111 0.20729166666666668 0.6305555555555555 0.19609375 0.6222222222222222 0.18723958333333332 0.6180555555555556 0.15729166666666666 0.6106481481481482 0.13697916666666668 0.6111111111111112 0.11328125 0.6175925925925926 0.0953125 0.625462962962963 0.07526041666666666 0.638425925925926 0.061197916666666664 0.6509259259259259 0.0421875 0.6717592592592593 0.025520833333333333 0.6958333333333333 0.018489583333333334 0.7101851851851851 0.013020833333333334 0.7282407407407407 0.009114583333333334 0.737037037037037