1 0.20915052083333335 0.7062574074074074 0.206734375 0.7008481481481482 0.2051234375 0.6984611111111111 0.20199114583333333 0.6984611111111111 0.20055885416666666 0.6990981481481481 0.19912708333333334 0.7005296296296296 0.19706875000000001 0.7032342592592593 0.195815625 0.7068935185185186 0.19599479166666667 0.7115074074074074 0.19867968749999998 0.7178722222222222 0.19921666666666665 0.7212129629629629 0.1999328125 0.7263046296296296 0.20154375 0.7283731481481481 0.20521302083333334 0.7285314814814815 0.20986666666666667 0.7266222222222222 0.21219322916666666 0.7232814814814815 0.21407291666666667 0.7180314814814815 0.21425208333333332 0.7150083333333332 0.21040364583333335 0.708962037037037
1 0.23089791666666667 0.9091138888888889 0.23465677083333333 0.9084768518518518 0.23859479166666667 0.9049768518518518 0.2412796875 0.8997268518518519 0.24333802083333333 0.8946351851851853 0.24378541666666667 0.8897027777777778 0.24369583333333333 0.8862027777777778 0.24208489583333334 0.8809527777777778 0.24029479166666665 0.8780888888888889 0.2377890625 0.8772925925925926 0.2348359375 0.8706101851851852 0.2335828125 0.8682240740740741 0.23134531249999998 0.8674287037037037 0.22857083333333333 0.8683833333333334 0.22660208333333334 0.8702925925925926 0.2243645833333333 0.8731564814814815 0.22203802083333332 0.8779296296296296 0.22096406249999997 0.882225 0.22150104166666665 0.8877935185185185 0.2247229166666667 0.8947944444444444 0.22445416666666668 0.9000444444444444 0.22490156249999999 0.9045 0.22722864583333333 0.9078407407407407
1 0.3729270833333333 0.7398277777777778 0.37614895833333334 0.7396694444444444 0.37793906250000003 0.7377601851851852 0.37999739583333336 0.7342592592592593 0.3810713541666667 0.7307592592592593 0.38098177083333334 0.7264638888888889 0.3797286458333333 0.7229629629629629 0.37883385416666665 0.7202583333333333 0.37874427083333334 0.713575925925926 0.37820729166666667 0.710712037037037 0.37614895833333334 0.7078481481481481 0.3745380208333334 0.7073712962962964 0.3727479166666667 0.7075305555555556 0.3710479166666667 0.7084851851851852 0.3697947916666667 0.7102351851851851 0.3682734375 0.712462037037037 0.36818385416666666 0.7169175925925926 0.3682734375 0.7216907407407408 0.36818385416666666 0.7250314814814814 0.36744791666666665 0.7282407407407407 0.366875 0.7317592592592592 0.36693072916666664 0.7334638888888888 0.3682734375 0.7361685185185185 0.3697052083333333 0.7383962962962962
1 0.44643541666666664 0.9195046296296296 0.4495723958333333 0.9190759259259259 0.4528703125 0.9173601851851853 0.45512291666666665 0.913499074074074 0.45673177083333333 0.9097805555555556 0.4571338541666667 0.9054907407407407 0.457375 0.9019157407407407 0.45753593750000005 0.8983407407407407 0.45616875 0.8946222222222222 0.4543182291666667 0.8911907407407408 0.4529510416666667 0.8893314814814814 0.45182500000000003 0.8847555555555555 0.4503770833333334 0.882037962962963 0.4482052083333333 0.8798935185185185 0.4457114583333333 0.8801796296296297 0.4441026041666667 0.8810370370370371 0.44217239583333334 0.883325 0.4407244791666667 0.887186111111111 0.4400807291666667 0.8906185185185186 0.4401609375 0.8957666666666667 0.4410458333333333 0.9009148148148148 0.4405635416666666 0.9030592592592592 0.4400807291666667 0.9067777777777778 0.4401609375 0.9102101851851853 0.44152864583333334 0.913499074074074 0.44329843750000003 0.9165018518518518
1 0.5456166666666667 0.7420388888888889 0.5480296875 0.7427537037037036 0.5511666666666667 0.7424685185185185 0.553740625 0.7404657407407407 0.5543036458333332 0.7376055555555556 0.5543036458333332 0.7336018518518518 0.5536604166666667 0.7291685185185185 0.5545453125 0.7223046296296297 0.5547062500000001 0.7177287037037038 0.5539822916666667 0.7152972222222221 0.552534375 0.7125805555555556 0.5508447916666667 0.7112935185185185 0.5490755208333333 0.7110074074074074 0.547225 0.7111509259259259 0.5456166666666667 0.7125805555555556 0.5445708333333333 0.7154407407407408 0.5436057291666666 0.7230194444444444 0.5431229166666667 0.7254509259259259 0.5414338541666667 0.7278814814814815 0.5403880208333334 0.7300268518518518 0.5405489583333334 0.7334592592592593 0.5415140625 0.736462037037037 0.5428010416666668 0.7384638888888889 0.5436859374999999 0.7404657407407407
2 0.23260052083333335 0.7294148148148148 0.230890625 0.7141157407407407 0.23291510416666666 0.7093175925925925 0.23763854166666668 0.7089175925925926 0.2398875 0.7201120370370371 0.24101197916666667 0.7249101851851852 0.2396625 0.7297074074074074 0.2351640625 0.7333064814814815
2 0.26755260416666665 0.8800351851851852 0.26552864583333335 0.8860324074074074 0.2653036458333333 0.8956277777777778 0.26867760416666664 0.9096212962962963 0.27385052083333333 0.9104212962962963 0.27879895833333335 0.9084222222222222 0.27924895833333335 0.900425925925926 0.274975 0.8836342592592593 0.2716015625 0.8780361111111111
2 0.4003692708333333 0.7228166666666667 0.39913177083333334 0.7361046296296296 0.39980625000000003 0.743700925925926 0.40318020833333335 0.743700925925926 0.4081286458333333 0.7421018518518518 0.4074536458333334 0.7297074074074074 0.4074536458333334 0.7225111111111111 0.4038546875 0.7197129629629629
2 0.48276875 0.8917398148148148 0.47965312499999996 0.9060231481481481 0.4783036458333333 0.9152185185185185 0.480328125 0.9208157407407407 0.4848265625 0.9196166666666667 0.488875 0.9116203703703704 0.489325 0.9000259259259259 0.488875 0.8940287037037038 0.48617604166666667 0.8916296296296297
2 0.5755609375 0.7250157407407408 0.5720177083333333 0.7402953703703704 0.5717932291666667 0.7446935185185185 0.5765161458333333 0.7486907407407407 0.5801151041666667 0.7434935185185185 0.5821395833333334 0.7299 0.5807895833333333 0.7243027777777777 0.5778656249999999 0.7231037037037037
0 0.8177083333333334 0.7722222222222223 0.8166666666666667 0.7953703703703704 0.81875 0.8055555555555556 0.8171875 0.8083333333333333 0.8229166666666666 0.8101851851851852 0.8229166666666666 0.8212962962962963 0.8265625 0.8314814814814815 0.8583333333333333 0.8435185185185186 0.9171875 0.9018518518518519 0.9286458333333333 0.8962962962962963 0.9453125 0.875 0.9546875 0.8740740740740741 0.965625 0.8666666666666667 0.9729166666666667 0.8518518518518519 0.9723958333333333 0.8148148148148148 0.9833333333333333 0.8009259259259259 0.9875 0.7907407407407407 0.9859375 0.7768518518518519 0.9703125 0.7564814814814815 0.95625 0.7546296296296297 0.9458333333333333 0.7611111111111111 0.91875 0.7333333333333333 0.8927083333333333 0.7157407407407408 0.8744791666666667 0.7074074074074074 0.8552083333333333 0.7074074074074074 0.84375 0.7129629629629629 0.8380208333333333 0.7212962962962963 0.8348958333333333 0.7324074074074074 0.8354166666666667 0.7611111111111111 0.828125 0.7675925925925926 0.8197916666666667 0.7685185185185185
0 0.771875 0.912962962962963 0.7708333333333334 0.9324074074074075 0.7723958333333333 0.9388888888888889 0.7848958333333333 0.975 0.7953125 0.9898148148148148 0.7932291666666667 0.9944444444444445 0.7984375 0.9990740740740741 0.953125 0.9990740740740741 0.9536458333333333 0.9861111111111112 0.9734375 0.9787037037037037 0.9796875 0.9685185185185186 0.978125 0.9518518518518518 0.9708333333333333 0.9361111111111111 0.9630208333333333 0.9259259259259259 0.9510416666666667 0.9203703703703704 0.9380208333333333 0.9222222222222223 0.9286458333333333 0.9185185185185185 0.88125 0.8657407407407407 0.85625 0.8435185185185186 0.8453125 0.8388888888888889 0.81875 0.8398148148148148 0.8046875 0.8490740740740741 0.7984375 0.8601851851851852 0.7963541666666667 0.8694444444444445 0.7947916666666667 0.8796296296296297 0.7958333333333333 0.899074074074074 0.79375 0.9101851851851852 0.790625 0.9138888888888889 0.7802083333333333 0.9101851851851852
0 0.6432291666666666 0.7592592592592593 0.6432291666666666 0.7722222222222223 0.6473958333333333 0.787962962962963 0.6536458333333334 0.8009259259259259 0.6651041666666667 0.8101851851851852 0.6697916666666667 0.8333333333333334 0.6760416666666667 0.8518518518518519 0.7005208333333334 0.8814814814814815 0.7234375 0.8907407407407407 0.7375 0.887962962962963 0.7489583333333333 0.8731481481481481 0.7552083333333334 0.8583333333333333 0.7651041666666667 0.8537037037037037 0.7708333333333334 0.8472222222222222 0.7791666666666667 0.8240740740740741 0.7791666666666667 0.8074074074074075 0.7838541666666666 0.799074074074074 0.7901041666666667 0.7962962962962963 0.796875 0.787962962962963 0.8 0.7796296296296297 0.796875 0.7583333333333333 0.7875 0.7444444444444445 0.7776041666666667 0.7444444444444445 0.765625 0.7527777777777778 0.75625 0.7361111111111112 0.7348958333333333 0.7157407407407408 0.703125 0.6990740740740741 0.6901041666666666 0.7 0.6734375 0.7111111111111111 0.6666666666666666 0.7287037037037037 0.6661458333333333 0.7490740740740741 0.6614583333333334 0.7611111111111111 0.6479166666666667 0.7555555555555555
0 0.5651041666666666 0.9074074074074074 0.5640625 0.9287037037037037 0.5697916666666667 0.9740740740740741 0.5734375 0.9805555555555555 0.5911458333333334 0.987037037037037 0.5989583333333334 0.9861111111111112 0.6026041666666667 0.9907407407407407 0.6046875 0.9990740740740741 0.7333333333333333 0.9990740740740741 0.7557291666666667 0.987037037037037 0.7583333333333333 0.9833333333333333 0.7619791666666667 0.9666666666666667 0.7609375 0.9481481481481482 0.753125 0.9287037037037037 0.7479166666666667 0.9212962962962963 0.7385416666666667 0.9166666666666666 0.7286458333333333 0.9222222222222223 0.71875 0.9194444444444444 0.7010416666666667 0.8851851851851852 0.6875 0.8666666666666667 0.6598958333333333 0.8407407407407408 0.6328125 0.8398148148148148 0.6114583333333333 0.8546296296296296 0.6072916666666667 0.8601851851851852 0.5973958333333333 0.8851851851851852 0.5927083333333333 0.9157407407407407 0.5869791666666667 0.9148148148148149 0.58125 0.9064814814814814 0.5703125 0.9074074074074074 0.5671875 0.9009259259259259
0 0.4708333333333333 0.7453703703703703 0.4703125 0.7722222222222223 0.4734375 0.7833333333333333 0.484375 0.7962962962962963 0.4973958333333333 0.7944444444444444 0.5020833333333333 0.8027777777777778 0.5067708333333333 0.8314814814814815 0.5130208333333334 0.8490740740740741 0.5270833333333333 0.8712962962962963 0.5380208333333333 0.8777777777777778 0.5572916666666666 0.8787037037037037 0.5692708333333333 0.8703703703703703 0.5765625 0.8555555555555555 0.5838541666666667 0.8305555555555556 0.5947916666666667 0.8101851851851852 0.5958333333333333 0.7972222222222223 0.5994791666666667 0.7925925925925926 0.6088541666666667 0.7935185185185185 0.6192708333333333 0.7842592592592592 0.6229166666666667 0.775 0.6239583333333333 0.7592592592592593 0.6223958333333334 0.7444444444444445 0.6161458333333333 0.7314814814814815 0.59375 0.7287037037037037 0.5807291666666666 0.7027777777777777 0.575 0.6962962962962963 0.5614583333333333 0.6851851851851852 0.5473958333333333 0.6805555555555556 0.5338541666666666 0.6814814814814815 0.521875 0.687037037037037 0.5109375 0.6972222222222222 0.5046875 0.7083333333333334 0.5005208333333333 0.7166666666666667 0.49895833333333334 0.7287037037037037 0.4765625 0.7314814814814815
0 0.35572916666666665 0.9157407407407407 0.3546875 0.9314814814814815 0.35885416666666664 0.9638888888888889 0.3625 0.9703703703703703 0.3723958333333333 0.975925925925926 0.3848958333333333 0.9777777777777777 0.39114583333333336 0.9990740740740741 0.5026041666666666 0.9990740740740741 0.5119791666666667 0.975 0.5286458333333334 0.9740740740740741 0.5395833333333333 0.962037037037037 0.54375 0.9490740740740741 0.54375 0.9212962962962963 0.540625 0.8972222222222223 0.5328125 0.8916666666666667 0.5088541666666667 0.8888888888888888 0.5052083333333334 0.8694444444444445 0.490625 0.8407407407407408 0.4791666666666667 0.8268518518518518 0.46145833333333336 0.8185185185185185 0.44479166666666664 0.8194444444444444 0.428125 0.8268518518518518 0.40572916666666664 0.8555555555555555 0.39166666666666666 0.8907407407407407 0.36354166666666665 0.8944444444444445 0.35885416666666664 0.9027777777777778
0 0.3 0.7425925925925926 0.3 0.7574074074074074 0.303125 0.774074074074074 0.3109375 0.7833333333333333 0.3229166666666667 0.7898148148148149 0.3328125 0.8194444444444444 0.34427083333333336 0.8379629629629629 0.3515625 0.8574074074074074 0.35885416666666664 0.8675925925925926 0.36875 0.8740740740740741 0.37916666666666665 0.8759259259259259 0.3854166666666667 0.8722222222222222 0.39114583333333336 0.8740740740740741 0.39739583333333334 0.8685185185185185 0.41875 0.8342592592592593 0.42239583333333336 0.8222222222222222 0.425 0.7981481481481482 0.43125 0.7935185185185185 0.4395833333333333 0.7935185185185185 0.44583333333333336 0.7861111111111111 0.4515625 0.7731481481481481 0.45364583333333336 0.7592592592592593 0.45260416666666664 0.7435185185185185 0.44947916666666665 0.7333333333333333 0.4276041666666667 0.725925925925926 0.42135416666666664 0.7018518518518518 0.41510416666666666 0.6916666666666667 0.40677083333333336 0.6833333333333333 0.39166666666666666 0.6777777777777778 0.37604166666666666 0.6787037037037037 0.35989583333333336 0.687962962962963 0.3484375 0.6990740740740741 0.33697916666666666 0.7166666666666667 0.33489583333333334 0.7240740740740741 0.3104166666666667 0.7222222222222222 0.3067708333333333 0.725925925925926
0 0.14270833333333333 0.9175925925925926 0.140625 0.9268518518518518 0.14270833333333333 0.9462962962962963 0.15104166666666666 0.9601851851851851 0.16510416666666666 0.9703703703703703 0.16510416666666666 0.987037037037037 0.16770833333333332 0.9990740740740741 0.3020833333333333 0.9990740740740741 0.3104166666666667 0.9898148148148148 0.31302083333333336 0.9740740740740741 0.33489583333333334 0.9259259259259259 0.3375 0.9018518518518519 0.334375 0.8861111111111111 0.3265625 0.8777777777777778 0.31004479166666665 0.8777777777777778 0.303125 0.8407407407407408 0.2942708333333333 0.8231481481481482 0.2791666666666667 0.812037037037037 0.26197916666666665 0.8111111111111111 0.24010416666666667 0.8203703703703704 0.22291666666666668 0.8342592592592593 0.20677083333333332 0.8546296296296296 0.18854166666666666 0.8842592592592593 0.16145833333333334 0.8861111111111111 0.15572916666666667 0.8898148148148148
0 0.1328125 0.7388888888888889 0.13229166666666667 0.7481481481481481 0.13697916666666668 0.7638888888888888 0.14166666666666666 0.7722222222222223 0.14791666666666667 0.7768518518518519 0.15729166666666666 0.8074074074074075 0.16875 0.825925925925926 0.17864583333333334 0.8305555555555556 0.18958333333333333 0.85 0.1984375 0.8583333333333333 0.203125 0.8574074074074074 0.2234375 0.8324074074074074 0.23854166666666668 0.8203703703703704 0.2635416666666667 0.8083333333333333 0.271875 0.7851851851851852 0.2791666666666667 0.7796296296296297 0.28229166666666666 0.7722222222222223 0.2838541666666667 0.7601851851851852 0.29010416666666666 0.7416666666666667 0.2864583333333333 0.7194444444444444 0.2677083333333333 0.712037037037037 0.26666666666666666 0.6981481481481482 0.259375 0.6796296296296296 0.2526041666666667 0.6731481481481482 0.240625 0.6694444444444444 0.22395833333333334 0.6712962962962963 0.209375 0.6777777777777778 0.18958333333333333 0.6935185185185185 0.171875 0.7138888888888889 0.153125 0.7148148148148148 0.14166666666666666 0.7203703703703703 0.13854166666666667 0.7305555555555555