1 0.07806145833333332 0.5663203703703703 0.0799046875 0.5674546296296297 0.08316614583333333 0.5669500000000001 0.0855765625 0.5661944444444444 0.08812916666666666 0.5635472222222222 0.08777447916666666 0.5612787037037037 0.08578958333333334 0.5571185185185185 0.08522239583333334 0.553337962962963 0.08437135416666666 0.5515731481481481 0.0830953125 0.5509425925925926 0.08054270833333334 0.5508166666666666 0.07905364583333332 0.5523296296296296 0.07770677083333334 0.5545981481481481 0.07834479166666666 0.5598916666666667
1 0.1323 0.5801851851851852 0.13627031250000002 0.5803111111111111 0.13889374999999998 0.5791768518518519 0.14102083333333332 0.5764037037037036 0.14130416666666665 0.5751435185185185 0.13988645833333332 0.5716138888888889 0.1394609375 0.5695972222222222 0.13875208333333333 0.565312037037037 0.13804270833333332 0.5635472222222222 0.13619947916666666 0.5634212962962963 0.13343437500000002 0.563925 0.13109479166666665 0.5646814814814815 0.130953125 0.5677064814814815 0.131378125 0.5727481481481481 0.131165625 0.5784203703703703
1 0.1946921875 0.5379601851851852 0.19696093750000002 0.538463888888889 0.19951354166666666 0.5374555555555556 0.20149843750000002 0.5354388888888889 0.20029322916666667 0.5310277777777778 0.19986822916666666 0.5278768518518518 0.1992296875 0.524725 0.19738645833333335 0.5234648148148148 0.195046875 0.5234648148148148 0.19327447916666665 0.5249777777777778 0.19270729166666667 0.5274981481481481 0.19284895833333332 0.5316574074074074 0.19291979166666667 0.5355648148148148 0.192990625 0.5372037037037036
1 0.24701666666666666 0.5491777777777778 0.24928541666666665 0.5491777777777778 0.2517671875 0.5471611111111111 0.2533265625 0.5451444444444444 0.252759375 0.5428759259259259 0.2516963541666667 0.5388425925925926 0.2512 0.5359435185185185 0.250065625 0.5344305555555555 0.248009375 0.5332962962962964 0.24623697916666665 0.5339268518518518 0.2453859375 0.5358175925925925 0.24510260416666665 0.538212037037037 0.24524427083333336 0.5423712962962962 0.24510260416666665 0.5464046296296295 0.24595312500000002 0.5486740740740741
1 0.28778437500000004 0.5152722222222222 0.28962760416666666 0.5146416666666667 0.29104583333333334 0.5136333333333334 0.2919677083333333 0.5122472222222222 0.29104583333333334 0.5078351851851852 0.29104583333333334 0.5051879629629629 0.29090416666666663 0.5027935185185186 0.28962760416666666 0.5012805555555556 0.28771354166666663 0.5014074074074074 0.2859411458333333 0.5015333333333333 0.28480677083333333 0.5031712962962962 0.28501927083333334 0.5064490740740741 0.2847354166666667 0.5089694444444445 0.2848776041666667 0.5118685185185186 0.285728125 0.5147675925925925
1 0.44156718749999996 0.551825 0.44376510416666665 0.5506907407407408 0.4454666666666667 0.5490518518518519 0.4454666666666667 0.5469092592592593 0.4441197916666667 0.5433796296296296 0.4440484375 0.5389685185185186 0.44369427083333335 0.5373296296296297 0.4426307291666667 0.5355648148148148 0.4405744791666667 0.5356916666666667 0.43894375 0.5374555555555556 0.43830572916666666 0.5406074074074074 0.43866041666666666 0.544262037037037 0.43851822916666666 0.5475398148148147 0.43851822916666666 0.5500601851851853 0.43958177083333333 0.5516990740740741
1 0.4105838541666667 0.5965712962962963 0.413490625 0.5959407407407408 0.41604322916666664 0.5948064814814814 0.4166104166666667 0.5936722222222223 0.4163973958333333 0.591025 0.4149088541666667 0.5859833333333333 0.4146958333333333 0.5803111111111111 0.41391614583333336 0.5782944444444444 0.41249791666666663 0.5776638888888889 0.41022916666666664 0.5780425925925925 0.40852760416666667 0.5801851851851852 0.40824374999999996 0.5818240740740741 0.4086692708333333 0.5871175925925926 0.40831510416666666 0.592537962962963 0.4086692708333333 0.5945546296296297 0.4095203125 0.5963185185185185
1 0.482121875 0.6070324074074074 0.483965625 0.607662962962963 0.48609270833333335 0.6074111111111111 0.4868723958333333 0.6061500000000001 0.4878651041666667 0.5994703703703703 0.4887869791666667 0.5939240740740741 0.4888578125 0.5914027777777778 0.48736875 0.5896388888888888 0.48510000000000003 0.5891342592592592 0.4835401041666667 0.5896388888888888 0.4822640625 0.595437037037037 0.48034947916666665 0.5999740740740741 0.48006614583333335 0.6024953703703704 0.48070416666666665 0.6056462962962963
1 0.45865416666666664 0.6749712962962964 0.46085208333333333 0.6743407407407408 0.4626953125 0.6727018518518518 0.46411354166666663 0.6713157407407407 0.46446770833333334 0.6691731481481481 0.4627661458333333 0.661862037037037 0.4625536458333333 0.6571990740740741 0.46241197916666665 0.6551814814814815 0.461915625 0.6534175925925926 0.4605682291666667 0.6520305555555556 0.4580869791666667 0.6522833333333333 0.4561015625 0.6534175925925926 0.45510885416666663 0.6556861111111111 0.45539270833333334 0.6623666666666667 0.4545416666666667 0.6669037037037037 0.4544708333333333 0.6695509259259259 0.45539270833333334 0.6721981481481482 0.4570942708333333 0.6745925925925925
1 0.5514625 0.6894657407407407 0.5539442708333334 0.6897185185185185 0.5557166666666667 0.6888361111111111 0.5567093750000001 0.6870712962962964 0.5560713541666666 0.6793824074074074 0.5562130208333333 0.6703074074074075 0.5557875 0.6686685185185185 0.5543697916666667 0.6674083333333334 0.5520296874999999 0.6671564814814814 0.5498317708333332 0.6671564814814814 0.5486973958333333 0.6692990740740741 0.5486973958333333 0.6763574074074075 0.5470666666666666 0.683037962962963 0.546925 0.6855583333333334 0.548271875 0.6873231481481481
2 0.017358333333333333 0.6166833333333334 0.017027083333333335 0.602187037037037 0.019220833333333336 0.600687037037037 0.02166770833333333 0.6008370370370371 0.022848958333333332 0.6038361111111111 0.023439583333333333 0.6153842592592592 0.021920833333333334 0.6177842592592593 0.018123958333333336 0.6177842592592593
2 0.1017328125 0.5660231481481481 0.10130989583333333 0.5559703703703703 0.10223802083333333 0.5537212962962963 0.10535937499999999 0.5528212962962963 0.10670937500000001 0.5564203703703703 0.10670937500000001 0.5667694444444444 0.10426302083333333 0.5679685185185185
2 0.15454791666666667 0.5668481481481482 0.1548015625 0.5793666666666667 0.15741666666666668 0.5805666666666666 0.15961041666666667 0.5796666666666667 0.15918854166666666 0.5687185185185185 0.1588510416666667 0.5666194444444445 0.15724791666666665 0.5655694444444445
2 0.21200416666666666 0.5282342592592593 0.21200520833333333 0.5376740740740741 0.21242708333333335 0.5399231481481481 0.21411458333333336 0.5402231481481482 0.21613958333333333 0.5387240740740741 0.21597083333333333 0.529425 0.21538020833333332 0.5270259259259259 0.21301770833333336 0.5264259259259259
2 0.267046875 0.5472111111111112 0.26731510416666665 0.540487962962963 0.26697760416666666 0.5377888888888889 0.26571197916666667 0.5364388888888889 0.26385572916666666 0.5371888888888888 0.2633494791666667 0.543187962962963 0.26368697916666667 0.5493370370370371 0.26545885416666665 0.5493370370370371
2 0.3005557291666667 0.5052972222222222 0.3004729166666667 0.5151425925925927 0.3015697916666667 0.5170916666666666 0.30342604166666665 0.5169416666666667 0.3042697916666667 0.5131925925925926 0.3041010416666667 0.5053944444444445 0.3030041666666667 0.5041944444444444 0.3014010416666667 0.5041944444444444
2 0.4171703125 0.5986046296296297 0.4168328125 0.6085027777777777 0.4177609375 0.6112027777777779 0.4202078125 0.6125518518518519 0.4216421875 0.6073027777777777 0.42147343750000005 0.5990546296296296 0.4205453125 0.5963546296296296 0.41868906250000004 0.5956046296296297
2 0.44702760416666665 0.5511722222222222 0.44636302083333335 0.5611111111111111 0.4470380208333333 0.5645601851851852 0.4486411458333333 0.5632101851851853 0.4495692708333333 0.561861111111111 0.45024427083333335 0.552262037037037 0.4495692708333333 0.5504629629629629 0.44821927083333335 0.5504629629629629
2 0.4922609375 0.6101527777777778 0.4915015625 0.621850925925926 0.4921765625 0.6242500000000001 0.4948765625 0.62455 0.4954671875 0.6191509259259259 0.4958046875 0.6115027777777777 0.4948765625 0.6095527777777778 0.4935265625 0.6094027777777777
2 0.4710682291666667 0.6950657407407408 0.4722989583333333 0.6867861111111111 0.47246770833333335 0.6804870370370371 0.4717927083333333 0.6779370370370371 0.4686708333333333 0.677187962962963 0.46774270833333337 0.6813870370370371 0.46689895833333334 0.6908351851851852 0.46706770833333333 0.6965342592592592 0.4686708333333333 0.6980342592592592 0.47044270833333335 0.6972842592592593
2 0.5653744791666667 0.6955601851851853 0.5629984375 0.7097324074074074 0.5640947916666667 0.7131814814814815 0.5665416666666666 0.7145314814814815 0.5692416666666666 0.7110814814814814 0.5700854166666667 0.6981842592592592 0.5695791666666667 0.6956342592592593 0.5674697916666667 0.6939851851851851
0 0.5947916666666667 0.7898148148148149 0.5942708333333333 0.7962962962962963 0.5984375 0.8166666666666667 0.6072916666666667 0.8296296296296296 0.6083333333333333 0.8564814814814815 0.615625 0.8805555555555555 0.6125 0.9046296296296297 0.6135416666666667 0.9185185185185185 0.6291666666666667 0.9574074074074074 0.6369791666666667 0.962037037037037 0.6572916666666667 0.9546296296296296 0.6671875 0.9546296296296296 0.6921875 0.9740740740740741 0.7005208333333334 0.975 0.709375 0.9648148148148148 0.7291666666666666 0.9601851851851851 0.7375 0.9490740740740741 0.7401041666666667 0.9314814814814815 0.7354166666666667 0.924074074074074 0.7151041666666667 0.9083333333333333 0.7135416666666666 0.9018518518518519 0.7145833333333333 0.8833333333333333 0.7109375 0.8638888888888889 0.6979166666666666 0.8333333333333334 0.6895833333333333 0.8203703703703704 0.6734375 0.8055555555555556 0.653125 0.7953703703703704 0.6369791666666667 0.7944444444444444 0.6192708333333333 0.8009259259259259 0.6109375 0.7787037037037037 0.6057291666666667 0.774074074074074 0.6005208333333333 0.7768518518518519
0 0.596875 0.9416666666666667 0.5979166666666667 0.9611111111111111 0.6015625 0.975 0.60625 0.9777777777777777 0.6072916666666667 0.9953703703703703 0.6109375 0.9990740740740741 0.7104166666666667 0.9990740740740741 0.6953125 0.9787037037037037 0.6703125 0.9583333333333334 0.6604166666666667 0.9564814814814815 0.6364583333333333 0.9629629629629629 0.628125 0.9592592592592593 0.6182291666666667 0.9324074074074075 0.6130208333333333 0.9268518518518518 0.6020833333333333 0.9314814814814815
0 0.48854166666666665 0.7675925925925926 0.4953125 0.7888888888888889 0.4859375 0.8138888888888889 0.4864583333333333 0.8462962962962963 0.49322916666666666 0.8694444444444445 0.49322916666666666 0.8898148148148148 0.49635416666666665 0.9101851851851852 0.5005208333333333 0.9222222222222223 0.5130208333333334 0.9425925925925925 0.5229166666666667 0.9481481481481482 0.5447916666666667 0.9518518518518518 0.5609375 0.9314814814814815 0.5755208333333334 0.924074074074074 0.5885416666666666 0.9083333333333333 0.5885416666666666 0.8935185185185185 0.5776041666666667 0.8861111111111111 0.5739583333333333 0.8796296296296297 0.58125 0.8537037037037037 0.5822916666666667 0.8342592592592593 0.5760416666666667 0.8074074074074075 0.5697916666666667 0.7953703703703704 0.5432291666666667 0.7722222222222223 0.5098958333333333 0.7703703703703704 0.5026041666666666 0.7546296296296297 0.4979166666666667 0.7546296296296297 0.4901041666666667 0.7611111111111111
0 0.5140625 0.6648148148148149 0.5119791666666667 0.6685185185185185 0.5161458333333333 0.6833333333333333 0.5130208333333334 0.6935185185185185 0.5125 0.7166666666666667 0.51875 0.7361111111111112 0.5213541666666667 0.7694444444444445 0.5458333333333333 0.7722222222222223 0.5708333333333333 0.7944444444444444 0.5765625 0.7870370370370371 0.58125 0.775 0.5880208333333333 0.7703703703703704 0.596875 0.7583333333333333 0.5973958333333333 0.7416666666666667 0.5875 0.7231481481481481 0.5895833333333333 0.7027777777777777 0.5854166666666667 0.6907407407407408 0.5791666666666667 0.6814814814814815 0.5609375 0.6675925925925926 0.53125 0.6666666666666666 0.5260416666666666 0.6583333333333333
0 0.421875 0.6824074074074075 0.42239583333333336 0.7101851851851851 0.42916666666666664 0.7277777777777777 0.42864583333333334 0.7398148148148148 0.43125 0.7592592592592593 0.4375 0.774074074074074 0.4453125 0.7814814814814814 0.4635416666666667 0.7833333333333333 0.471875 0.7805555555555556 0.48541666666666666 0.7657407407407407 0.48541666666666666 0.75 0.49114583333333334 0.7453703703703703 0.49322916666666666 0.7398148148148148 0.4947916666666667 0.7240740740740741 0.49270833333333336 0.7129629629629629 0.49583333333333335 0.700925925925926 0.4942708333333333 0.675 0.48854166666666665 0.6638888888888889 0.47552083333333334 0.6537037037037037 0.4484375 0.6518518518518519 0.44479166666666664 0.6435185185185185 0.43697916666666664 0.6425925925925926 0.4328125 0.6462962962962963 0.4317708333333333 0.6648148148148149
0 0.45364583333333336 0.6148148148148148 0.45260416666666664 0.6305555555555555 0.4546875 0.6370370370370371 0.4625 0.649074074074074 0.478125 0.6537037037037037 0.49114583333333334 0.6657407407407407 0.49583333333333335 0.6796296296296296 0.4973958333333333 0.6990740740740741 0.5005208333333333 0.6990740740740741 0.5005208333333333 0.6925925925925925 0.509375 0.6787037037037037 0.5135416666666667 0.6601851851851852 0.5135416666666667 0.612037037037037 0.5078125 0.6027777777777777 0.4984375 0.5953703703703703 0.490625 0.5972222222222222 0.4869791666666667 0.5907407407407408 0.47604166666666664 0.5925925925925926 0.4703125 0.5851851851851851 0.465625 0.5842592592592593 0.46145833333333336 0.5879629629629629 0.4588541666666667 0.6018518518518519
0 0.38125 0.6111111111111112 0.38229166666666664 0.6259259259259259 0.3875 0.637962962962963 0.39114583333333336 0.6703703703703704 0.4015625 0.6805555555555556 0.4197916666666667 0.6814814814814815 0.4270833333333333 0.6685185185185185 0.4244791666666667 0.6601851851851852 0.42916666666666664 0.6462962962962963 0.43645833333333334 0.6342592592592593 0.4421875 0.6055555555555555 0.43645833333333334 0.5907407407407408 0.43125 0.5861111111111111 0.41822916666666665 0.5796296296296296 0.40260416666666665 0.5805555555555556 0.39739583333333334 0.5777777777777777 0.3921875 0.5814814814814815 0.3921875 0.5879629629629629 0.38333333333333336 0.6027777777777777
0 0.4166666666666667 0.5564814814814815 0.41770833333333335 0.575 0.4203125 0.5796296296296296 0.434375 0.5879629629629629 0.44166666666666665 0.600925925925926 0.4421875 0.6203703703703703 0.4510416666666667 0.6203703703703703 0.459375 0.5962962962962963 0.4635416666666667 0.5916666666666667 0.4666666666666667 0.5601851851851852 0.45677083333333335 0.55 0.4484375 0.549074074074074 0.4427083333333333 0.5370370370370371 0.43645833333333334 0.5398148148148149 0.4244791666666667 0.5370370370370371 0.421875 0.5398148148148149 0.42083333333333334 0.55
0 0.25052083333333336 0.5314814814814814 0.25 0.5351851851851852 0.253125 0.537962962962963 0.2677083333333333 0.5388888888888889 0.275 0.5435185185185185 0.28854166666666664 0.5416666666666666 0.2911458333333333 0.5453703703703704 0.2911458333333333 0.5537037037037037 0.28541666666666665 0.5601851851851852 0.28489583333333335 0.5675925925925925 0.28177083333333336 0.5712962962962963 0.2864583333333333 0.575925925925926 0.30104166666666665 0.5740740740740741 0.31145833333333334 0.5638888888888889 0.3098958333333333 0.5361111111111111 0.31354166666666666 0.5324074074074074 0.32083333333333336 0.5333333333333333 0.32447916666666665 0.525 0.325 0.5148148148148148 0.32135416666666666 0.5101851851851852 0.3104166666666667 0.5120370370370371 0.303125 0.5055555555555555 0.29583333333333334 0.5074074074074074 0.2859375 0.5027777777777778 0.28489583333333335 0.5064814814814815 0.2682291666666667 0.5175925925925926 0.26458333333333334 0.525 0.259375 0.5231481481481481
0 0.20520833333333333 0.5694444444444444 0.20416666666666666 0.5777777777777777 0.20625 0.5842592592592593 0.21614583333333334 0.5907407407407408 0.22760416666666666 0.5916666666666667 0.22708333333333333 0.5990740740740741 0.23177083333333334 0.6166666666666667 0.24322916666666666 0.6212962962962963 0.2578125 0.6194444444444445 0.2760416666666667 0.6055555555555555 0.27760416666666665 0.5768518518518518 0.2791666666666667 0.5712962962962963 0.29010416666666666 0.5574074074074075 0.2911458333333333 0.5462962962962963 0.28802083333333334 0.5416666666666666 0.27395833333333336 0.5435185185185185 0.2515625 0.537962962962963 0.22916666666666666 0.55 0.2234375 0.5564814814814815 0.21979166666666666 0.5657407407407408
0 0.1515625 0.5583333333333333 0.15104166666666666 0.5638888888888889 0.15364583333333334 0.5666666666666667 0.18854166666666666 0.5722222222222222 0.19010416666666666 0.5851851851851851 0.18177083333333333 0.5953703703703703 0.18125 0.6018518518518519 0.1875 0.6074074074074074 0.20208333333333334 0.6083333333333333 0.209375 0.6055555555555555 0.21510416666666668 0.5990740740740741 0.20280416666666667 0.5809740740740741 0.20554479166666667 0.5685768518518518 0.21376562500000001 0.5606083333333334 0.22552083333333334 0.5518518518518518 0.23854166666666668 0.5425925925925926 0.240625 0.5361111111111111 0.2375 0.5324074074074074 0.22395833333333334 0.5351851851851852 0.2203125 0.5296296296296297 0.21354166666666666 0.5268518518518519 0.20208333333333334 0.5314814814814814 0.19583333333333333 0.524074074074074 0.19270833333333334 0.5314814814814814 0.17604166666666668 0.5407407407407407 0.16979166666666667 0.55 0.16145833333333334 0.549074074074074
0 0.0796875 0.6037037037037037 0.078125 0.6129629629629629 0.08177083333333333 0.6222222222222222 0.09114583333333333 0.6296296296296297 0.10729166666666666 0.6287037037037037 0.1125 0.65 0.11822916666666666 0.6592592592592592 0.12291666666666666 0.6620370370370371 0.14270833333333333 0.6611111111111111 0.16875 0.6444444444444445 0.1734375 0.6296296296296297 0.17239583333333333 0.6055555555555555 0.17864583333333334 0.6027777777777777 0.1796875 0.5953703703703703 0.18854166666666666 0.5879629629629629 0.19010416666666666 0.5814814814814815 0.1890625 0.5731481481481482 0.18645833333333334 0.5712962962962963 0.15885416666666666 0.5675925925925925 0.13385416666666666 0.5685185185185185 0.1296875 0.575 0.11614583333333334 0.5796296296296296 0.096875 0.5972222222222222
0 0.025520833333333333 0.5907407407407408 0.025520833333333333 0.5990740740740741 0.027604166666666666 0.600925925925926 0.0390625 0.6055555555555555 0.046875 0.6027777777777777 0.06197916666666667 0.6074074074074074 0.06354166666666666 0.6166666666666667 0.059895833333333336 0.6333333333333333 0.06770833333333333 0.6472222222222223 0.0890625 0.6462962962962963 0.09895833333333333 0.6407407407407407 0.10520833333333333 0.6407407407407407 0.10833333333333334 0.6370370370370371 0.1078125 0.6305555555555555 0.10572916666666667 0.6268518518518519 0.09635416666666667 0.6296296296296297 0.08958333333333333 0.6277777777777778 0.08020833333333334 0.6185185185185185 0.07864583333333333 0.6074074074074074 0.08177083333333333 0.6027777777777777 0.08432552083333333 0.5971518518518518 0.09482760416666666 0.5937296296296296 0.10200364583333334 0.5937296296296296 0.10520833333333333 0.5888888888888889 0.11770833333333333 0.5768518518518518 0.13123333333333334 0.5728888888888889 0.13105833333333333 0.5641796296296296 0.139459375 0.5629351851851853 0.13613385416666668 0.5576472222222222 0.11770833333333333 0.5611111111111111 0.10572916666666667 0.5546296296296296 0.08854166666666667 0.5592592592592592 0.084375 0.5527777777777778 0.08020833333333334 0.5518518518518518 0.0734375 0.5648148148148148 0.06041666666666667 0.5703703703703704 0.04739583333333333 0.5824074074074074 0.03958333333333333 0.5814814814814815 0.03333333333333333 0.5879629629629629
0 0.0078125 0.6046296296296296 0 0.6074074074074074 0 0.7092592592592593 0.01875 0.7027777777777777 0.040625 0.6833333333333333 0.044270833333333336 0.6722222222222223 0.04375 0.6564814814814814 0.04114583333333333 0.6462962962962963 0.04479166666666667 0.6416666666666667 0.05260416666666667 0.6407407407407407 0.0578125 0.6324074074074074 0.06354166666666666 0.6157407407407407 0.06041666666666667 0.6064814814814815 0.043229166666666666 0.6129629629629629 0.04010416666666667 0.6074074074074074 0.030729166666666665 0.6027777777777777