1 0.164659375 0.36627777777777776 0.16532135416666666 0.3712787037037037 0.16689374999999998 0.37363240740740744 0.16995520833333336 0.37377962962962963 0.17326458333333333 0.3705435185185185 0.17450572916666665 0.3678962962962963 0.17318229166666665 0.36510092592592597 0.17086510416666664 0.36127592592592594 0.1683 0.3553925925925926 0.1666453125 0.3550981481481481 0.164825 0.35583333333333333 0.16325312500000003 0.35686296296296294 0.16225989583333333 0.35877592592592594 0.16209427083333333 0.36112962962962963
1 0.1946953125 0.31552870370370373 0.196846875 0.31346944444444447 0.19866718749999998 0.3117037037037037 0.19916354166666667 0.3094972222222222 0.19841875 0.307437962962963 0.1948609375 0.30376018518518516 0.19229583333333336 0.29949444444444445 0.19055833333333333 0.29949444444444445 0.18906875 0.30081851851851854 0.18840677083333332 0.303612962962963 0.18832395833333332 0.30537870370370374 0.19064114583333333 0.31008611111111106 0.19188229166666665 0.3139101851851852 0.19328854166666665 0.3158222222222222
1 0.24310052083333333 0.335975 0.24566510416666668 0.3343574074074074 0.24773385416666666 0.3322981481481482 0.248809375 0.33067962962962966 0.24847864583333334 0.3286203703703704 0.2471546875 0.3255314814814815 0.24632708333333334 0.3236185185185185 0.24450677083333333 0.318912037037037 0.24392760416666667 0.31729351851851856 0.24276927083333336 0.31744074074074075 0.24086614583333335 0.3178824074074074 0.239459375 0.31905925925925926 0.23821822916666668 0.32067685185185185 0.23830104166666669 0.3227361111111111 0.24012135416666666 0.32759074074074074 0.24028697916666666 0.33038518518518517 0.24103177083333333 0.3333277777777778 0.24235572916666664 0.33538703703703704
1 0.22382083333333333 0.4023175925925926 0.2267171875 0.401287037037037 0.22919947916666666 0.39878703703703705 0.2301921875 0.3959916666666667 0.23027499999999998 0.3927555555555555 0.226634375 0.3884898148148148 0.22522760416666668 0.3851064814814815 0.22431770833333334 0.3830472222222222 0.22241458333333333 0.38260555555555553 0.22034583333333335 0.38319444444444445 0.21910468749999998 0.38481203703703704 0.21869114583333332 0.3877546296296296 0.2192703125 0.39113796296296294 0.22067708333333333 0.39452129629629634 0.22117343750000001 0.39893425925925924 0.2225796875 0.40114074074074074
1 0.30714375 0.3559805555555556 0.30979166666666663 0.3552453703703704 0.31144635416666666 0.35303888888888885 0.31260468750000003 0.35156759259259257 0.3119427083333333 0.3492138888888889 0.31020520833333337 0.3443601851851852 0.3094604166666667 0.3399472222222222 0.30797135416666666 0.3372990740740741 0.30648177083333333 0.3370046296296296 0.3044130208333333 0.33715185185185187 0.30317187500000004 0.3398 0.30275833333333335 0.341712037037037 0.30292395833333335 0.34406574074074076 0.3035859375 0.34671388888888893 0.3034203125 0.35230370370370373 0.3044958333333333 0.3545101851851852
2 0.014577083333333333 0.37603148148148147 0.018848958333333332 0.38502037037037035 0.021305729166666666 0.3867361111111111 0.023499479166666667 0.3848638888888889 0.023587499999999997 0.3819009259259259 0.01963854166666667 0.37456944444444445 0.017708333333333333 0.3709824074074074 0.014461979166666666 0.3709824074074074 0.013584375000000001 0.3748814814814815
2 0.179746875 0.3672796296296296 0.18346614583333334 0.37541851851851854 0.18337864583333333 0.3790055555555556 0.18179895833333332 0.38134537037037036 0.17951770833333333 0.38118981481481484 0.17679739583333334 0.3727666666666667 0.17591979166666669 0.3688675925925926 0.17627083333333332 0.3668398148148148 0.17793802083333335 0.3662157407407407
2 0.20040520833333333 0.31201944444444446 0.20285833333333333 0.3208277777777778 0.20452552083333334 0.32332314814814817 0.20636822916666667 0.3225435185185185 0.2071578125 0.32004814814814814 0.20645572916666666 0.31630462962962963 0.20434999999999998 0.31131296296296296 0.20285833333333333 0.30834999999999996 0.20057656250000003 0.30897407407407407
2 0.2512786458333333 0.33141203703703703 0.25410208333333334 0.3425083333333333 0.25559375 0.3445351851851852 0.2577 0.34188425925925925 0.25752447916666665 0.33798518518518517 0.25690989583333335 0.3336175925925926 0.25419010416666665 0.32847037037037036 0.252259375 0.32847037037037036
2 0.23409583333333334 0.3943944444444445 0.23339374999999998 0.3974111111111111 0.23541197916666665 0.40458518518518516 0.23690364583333334 0.4095768518518519 0.2397994791666667 0.4098888888888889 0.24181770833333335 0.4070814814814815 0.24058906249999998 0.4016222222222222 0.23743020833333334 0.3941351851851852 0.23576302083333334 0.39351111111111114
2 0.31827343750000003 0.35355 0.32058958333333337 0.3646083333333333 0.32260781250000004 0.36725925925925923 0.32445052083333337 0.3646083333333333 0.3245380208333334 0.3599287037037037 0.32216875 0.35025833333333334 0.3205015625 0.3486990740740741 0.31848333333333334 0.3493222222222222
0 0.746875 0.6046296296296296 0.7411458333333333 0.6055555555555555 0.7265625 0.6157407407407407 0.7151041666666667 0.6268518518518519 0.7098958333333333 0.6370370370370371 0.6963541666666667 0.6305555555555555 0.6911458333333333 0.6203703703703703 0.6859375 0.6185185185185185 0.68125 0.6203703703703703 0.6739583333333333 0.6361111111111111 0.675 0.6583333333333333 0.6822916666666666 0.6777777777777778 0.7026041666666667 0.6907407407407408 0.7067708333333333 0.6990740740740741 0.7088541666666667 0.7148148148148148 0.7088541666666667 0.75 0.7177083333333333 0.7851851851851852 0.7416666666666667 0.8194444444444444 0.7520833333333333 0.8296296296296296 0.7692708333333333 0.8398148148148148 0.79375 0.8407407407407408 0.809375 0.8333333333333334 0.8203125 0.8194444444444444 0.8416666666666667 0.8074074074074075 0.8552083333333333 0.7916666666666666 0.8619791666666666 0.7916666666666666 0.878125 0.8037037037037037 0.890625 0.8046296296296296 0.9041666666666667 0.8009259259259259 0.9125 0.7907407407407407 0.9151041666666667 0.7712962962962963 0.9114583333333334 0.7481481481481481 0.9078125 0.7444444444444445 0.89375 0.7425925925925926 0.8864583333333333 0.7361111111111112 0.8729166666666667 0.7333333333333333 0.8635416666666667 0.7268518518518519 0.8567708333333334 0.6925925925925925 0.8390625 0.6611111111111111 0.8114583333333333 0.6240740740740741 0.7984375 0.6157407407407407 0.784375 0.6111111111111112 0.7484375 0.6046296296296296
0 0.68125 0.44907407407407407 0.6682291666666667 0.44907407407407407 0.6505208333333333 0.45555555555555555 0.6307291666666667 0.48055555555555557 0.6229166666666667 0.48055555555555557 0.61875 0.4759259259259259 0.609375 0.4722222222222222 0.6052083333333333 0.48333333333333334 0.6046875 0.4981481481481482 0.609375 0.5120370370370371 0.6197916666666666 0.5222222222222223 0.63125 0.525 0.6359375 0.537962962962963 0.6364583333333333 0.5703703703703704 0.6432291666666666 0.587037037037037 0.6526041666666667 0.6027777777777777 0.678125 0.6185185185185185 0.6927083333333334 0.6175925925925926 0.7130208333333333 0.6046296296296296 0.7177083333333333 0.5944444444444444 0.7234375 0.5685185185185185 0.7270833333333333 0.562037037037037 0.7375 0.5564814814814815 0.7515625 0.5601851851851852 0.765625 0.55 0.7692708333333333 0.5444444444444444 0.7723958333333333 0.5324074074074074 0.7723958333333333 0.5194444444444445 0.7692708333333333 0.5111111111111111 0.7635416666666667 0.5083333333333333 0.7411458333333333 0.5111111111111111 0.734375 0.4898148148148148 0.7182291666666667 0.4685185185185185 0.6989583333333333 0.4527777777777778 0.6838541666666667 0.44907407407407407
0 0.530859375 0.5083333333333333 0.5166666666666667 0.5092592592592593 0.5083333333333333 0.512962962962963 0.484375 0.5342592592592592 0.46979166666666666 0.5203703703703704 0.4630208333333333 0.5259259259259259 0.4578125 0.5425925925925926 0.4588541666666667 0.55 0.4671875 0.5583333333333333 0.4713541666666667 0.5685185185185185 0.4744791666666667 0.6055555555555555 0.4791666666666667 0.6185185185185185 0.4890625 0.6342592592592593 0.4901041666666667 0.6462962962962963 0.503125 0.6703703703703704 0.5135416666666667 0.6787037037037037 0.5286458333333334 0.6805555555555556 0.5447916666666667 0.6722222222222223 0.5572916666666666 0.6574074074074074 0.5630208333333333 0.6416666666666667 0.5630208333333333 0.6324074074074074 0.5755208333333334 0.6361111111111111 0.5869791666666667 0.6277777777777778 0.5921875 0.6185185185185185 0.596875 0.5990740740740741 0.5963541666666666 0.5916666666666667 0.5921875 0.5861111111111111 0.58125 0.5879629629629629 0.5734375 0.5824074074074074 0.5744791666666667 0.5638888888888889 0.5723958333333333 0.55 0.5625 0.5287037037037037 0.5526041666666667 0.5166666666666667 0.5338541666666666 0.5083333333333333
0 0.4354166666666667 0.42962962962962964 0.4348958333333333 0.4324074074074074 0.453125 0.4601851851851852 0.4578125 0.4787037037037037 0.46510416666666665 0.49074074074074076 0.46979166666666666 0.5157407407407407 0.475 0.525 0.48333333333333334 0.5324074074074074 0.48802083333333335 0.5314814814814814 0.5098958333333333 0.5111111111111111 0.5286458333333334 0.5064814814814815 0.5333333333333333 0.487962962962963 0.5458333333333333 0.4777777777777778 0.5505208333333333 0.46944444444444444 0.5536458333333333 0.45555555555555555 0.5510416666666667 0.44907407407407407 0.5364583333333334 0.44351851851851853 0.5328125 0.42314814814814816 0.5223958333333333 0.4074074074074074 0.515625 0.4027777777777778 0.49114583333333334 0.40370370370370373 0.4786458333333333 0.4101851851851852 0.459375 0.42777777777777776 0.4546875 0.4203703703703704 0.4484375 0.41759259259259257
0 0.34791666666666665 0.4777777777777778 0.3484375 0.48703703703703705 0.35625 0.5027777777777778 0.35572916666666665 0.524074074074074 0.35833333333333334 0.537962962962963 0.37552083333333336 0.5657407407407408 0.3807291666666667 0.5787037037037037 0.3932291666666667 0.5898148148148148 0.4166666666666667 0.587037037037037 0.4296875 0.5731481481481482 0.45 0.5157407407407407 0.446875 0.5092592592592593 0.43854166666666666 0.5027777777777778 0.4395833333333333 0.47962962962962963 0.43802083333333336 0.4722222222222222 0.4265625 0.4537037037037037 0.4125 0.45092592592592595 0.3958333333333333 0.4527777777777778 0.37447916666666664 0.4685185185185185 0.35624114583333333 0.46111574074074074
0 0.3484375 0.39444444444444443 0.34791666666666665 0.4009259259259259 0.35208333333333336 0.41388888888888886 0.3567708333333333 0.4166666666666667 0.3567708333333333 0.42592592592592593 0.36041666666666666 0.43703703703703706 0.36614583333333334 0.4425925925925926 0.3723958333333333 0.4564814814814815 0.3759411458333333 0.46833981481481485 0.39895833333333336 0.45092592592592595 0.428125 0.45185185185185184 0.43020833333333336 0.44907407407407407 0.43020833333333336 0.4388888888888889 0.4354166666666667 0.4324074074074074 0.43333333333333335 0.42777777777777776 0.4395833333333333 0.4101851851851852 0.4390625 0.4064814814814815 0.43020833333333336 0.40555555555555556 0.4270833333333333 0.38333333333333336 0.4192708333333333 0.37222222222222223 0.4114583333333333 0.3685185185185185 0.3875 0.3731481481481482 0.3651041666666667 0.3907407407407407 0.3625 0.3851851851851852 0.35572916666666665 0.38333333333333336
0 0.2630208333333333 0.4425925925925926 0.2625 0.4462962962962963 0.26666666666666666 0.45740740740740743 0.26510416666666664 0.48055555555555557 0.2677083333333333 0.49166666666666664 0.2796875 0.5046296296296297 0.28854166666666664 0.524074074074074 0.2984375 0.5351851851851852 0.30520833333333336 0.5370370370370371 0.3255208333333333 0.5305555555555556 0.3333333333333333 0.5231481481481481 0.34791666666666665 0.49166666666666664 0.3458333333333333 0.46574074074074073 0.340625 0.4546296296296296 0.340625 0.4324074074074074 0.33177083333333335 0.41759259259259257 0.3072916666666667 0.4166666666666667 0.28854166666666664 0.4287037037037037 0.27291666666666664 0.4305555555555556
0 0.2791666666666667 0.3527777777777778 0.28072916666666664 0.39537037037037037 0.29010416666666666 0.4111111111111111 0.29270833333333335 0.4212962962962963 0.3109375 0.4148148148148148 0.3296875 0.41574074074074074 0.3416666666666667 0.42685185185185187 0.3463541666666667 0.4212962962962963 0.3494791666666667 0.4083333333333333 0.346875 0.3962962962962963 0.35260416666666666 0.38333333333333336 0.340625 0.3398148148148148 0.3328125 0.3351851851851852 0.3177083333333333 0.3351851851851852 0.3015625 0.34629629629629627
0 0.19739583333333333 0.4 0.20104166666666667 0.4046296296296296 0.196875 0.42777777777777776 0.1984375 0.4462962962962963 0.20416666666666666 0.45555555555555555 0.21354166666666666 0.4601851851851852 0.22604166666666667 0.48518518518518516 0.23229166666666667 0.4888888888888889 0.24479166666666666 0.487962962962963 0.2640625 0.4759259259259259 0.26614583333333336 0.47129629629629627 0.26748802083333334 0.4585138888888889 0.2626125 0.4476027777777778 0.271821875 0.42931018518518516 0.26458333333333334 0.38981481481481484 0.26197916666666665 0.3824074074074074 0.2546875 0.3768518518518518 0.23697916666666666 0.37962962962962965 0.2265625 0.38333333333333336 0.21822916666666667 0.3907407407407407 0.20520833333333333 0.3907407407407407
0 0.146875 0.3731481481481482 0.14635416666666667 0.3861111111111111 0.14166666666666666 0.4009259259259259 0.14739583333333334 0.4166666666666667 0.16197916666666667 0.4305555555555556 0.171875 0.44814814814814813 0.178125 0.4537037037037037 0.19270833333333334 0.45092592592592595 0.19739583333333333 0.4444444444444444 0.196875 0.41203703703703703 0.2 0.3972222222222222 0.20729166666666668 0.38981481481481484 0.20677083333333332 0.36666666666666664 0.20416666666666666 0.35833333333333334 0.19947916666666668 0.3537037037037037 0.18177083333333333 0.35555555555555557 0.17083333333333334 0.3611111111111111 0.16354166666666667 0.35833333333333334 0.1625 0.36203703703703705
0 0.26197916666666665 0.31574074074074077 0.24895833333333334 0.3212962962962963 0.23958333333333334 0.3194444444444444 0.23489583333333333 0.32592592592592595 0.225 0.3277777777777778 0.22239583333333332 0.3333333333333333 0.22239583333333332 0.34444444444444444 0.21979166666666666 0.35555555555555557 0.21979166666666666 0.3638888888888889 0.2234375 0.37777777777777777 0.2265625 0.3814814814814815 0.23072916666666668 0.3814814814814815 0.2484375 0.37592592592592594 0.25729166666666664 0.3768518518518518 0.26458333333333334 0.3861111111111111 0.26614583333333336 0.4064814814814815 0.2760416666666667 0.4027777777777778 0.2796875 0.39537037037037037 0.278125 0.3731481481481482 0.2796875 0.3435185185185185 0.278125 0.32592592592592595 0.275 0.3194444444444444 0.26614583333333336 0.31574074074074077
0 0.1765625 0.3175925925925926 0.17239583333333333 0.3333333333333333 0.17239583333333333 0.3435185185185185 0.17760416666666667 0.3537037037037037 0.20052083333333334 0.3537037037037037 0.20572916666666666 0.3611111111111111 0.2078125 0.3712962962962963 0.211390625 0.3780435185185185 0.215625 0.38333333333333336 0.22135416666666666 0.37777777777777777 0.21875 0.35648148148148145 0.22291666666666668 0.3425925925925926 0.22005833333333333 0.3347185185185185 0.22760416666666666 0.32592592592592595 0.22708333333333333 0.30925925925925923 0.21979166666666666 0.30277777777777776 0.20729166666666668 0.30277777777777776 0.20104166666666667 0.30648148148148147 0.19114583333333332 0.30462962962962964
0 0.008333333333333333 0.4185185185185185 0 0.425 0 0.525 0.0171875 0.5074074074074074 0.026041666666666668 0.487962962962963 0.0140625 0.4564814814814815 0.022395833333333334 0.44074074074074077 0.0234375 0.4287037037037037 0.016666666666666666 0.41759259259259257
0 0.015625 0.37222222222222223 0.011458333333333333 0.38055555555555554 0 0.3851851851851852 0 0.42407407407407405 0.0109375 0.4166666666666667 0.015625 0.4166666666666667 0.022916666666666665 0.42592592592592593 0.023958333333333335 0.43796296296296294 0.015104166666666667 0.4564814814814815 0.021354166666666667 0.46296296296296297 0.030208333333333334 0.4601851851851852 0.04635416666666667 0.44814814814814813 0.05677083333333333 0.4287037037037037 0.0546875 0.41759259259259257 0.0453125 0.4 0.05520833333333333 0.387037037037037 0.05625 0.37962962962962965 0.05416666666666667 0.37037037037037035 0.04635416666666667 0.362962962962963 0.0359375 0.3685185185185185 0.029166666666666667 0.37777777777777777 0.022395833333333334 0.3787037037037037