1 0.023991666666666668 0.9666851851851852 0.026971875 0.9666851851851852 0.035465624999999994 0.9603277777777778 0.040234375 0.9605925925925927 0.045003125000000005 0.9584731481481482 0.04917552083333333 0.9513203703703703 0.04977135416666667 0.9446972222222223 0.04932447916666667 0.9393990740740741 0.04768541666666667 0.9330407407407407 0.04545 0.9306564814814815 0.042469791666666666 0.9298620370370371 0.039638541666666666 0.9311861111111112 0.033528645833333336 0.9391342592592592 0.022650520833333333 0.9468166666666666 0.0201171875 0.9521148148148149 0.019670312500000002 0.9571481481481482 0.019968229166666667 0.9624462962962963 0.021756249999999998 0.9656259259259259
1 0.3369260416666667 0.36691111111111113 0.34065104166666665 0.3650564814814815 0.342290625 0.3600231481481481 0.3428864583333333 0.3534009259259259 0.3419921875 0.34651296296296297 0.33960833333333335 0.3420092592592593 0.33707499999999996 0.34068425925925927 0.33498854166666664 0.34068425925925927 0.33305156249999995 0.34174444444444446 0.3293260416666667 0.33988981481481484 0.326196875 0.3409490740740741 0.3241104166666667 0.3449231481481481 0.3235145833333333 0.3491620370370371 0.32396145833333334 0.35366574074074075 0.32515364583333334 0.35684444444444446 0.3278359375 0.3592287037037037 0.33066718749999996 0.36134814814814814 0.33215729166666663 0.3647916666666667 0.33439270833333334 0.36717592592592596
1 0.4063046875 0.569300925925926 0.4091234375 0.5691212962962963 0.4115390625 0.5662583333333333 0.41315 0.5621416666666668 0.4138546875 0.558025 0.4138546875 0.5533722222222223 0.41284791666666665 0.5478240740740741 0.41123750000000003 0.5451398148148148 0.4091234375 0.5435287037037037 0.4064052083333333 0.542812962962963 0.4039890625 0.542812962962963 0.4021770833333333 0.5438870370370371 0.40076770833333336 0.5458555555555555 0.39935833333333337 0.5481824074074074 0.397646875 0.551225 0.39744531250000004 0.5560564814814816 0.3977473958333333 0.5587416666666667 0.39875416666666663 0.561425925925926 0.40026406249999996 0.5639314814814815 0.40157291666666667 0.5671527777777777 0.40338489583333337 0.5685842592592593
1 0.5165677083333333 0.40761296296296295 0.5195171875 0.40703055555555556 0.5222479166666667 0.40489444444444445 0.5239958333333333 0.4008157407407407 0.5249786458333333 0.39693240740740743 0.5249786458333333 0.3918833333333333 0.5241046874999999 0.3870287037037037 0.5218109375 0.38236759259259256 0.5198447916666666 0.38003703703703706 0.5175510416666667 0.3792601851851852 0.5148197916666667 0.37906666666666666 0.5123078125 0.3794546296296296 0.5108875 0.38178518518518517 0.5099046875000001 0.38450370370370374 0.5096859375 0.3879990740740741 0.5099046875000001 0.3922712962962963 0.5099046875000001 0.39576666666666666 0.5101229166666666 0.3994564814814815 0.510996875 0.40236944444444445 0.5128536458333334 0.40508796296296296 0.5147109375 0.40703055555555556
1 0.6040640625000001 0.6134583333333333 0.6071229166666666 0.6138462962962963 0.6094166666666666 0.6128759259259259 0.6116015625000001 0.6082148148148148 0.6120380208333334 0.604137037037037 0.6122567708333333 0.5992824074074075 0.6111645833333333 0.5948157407407407 0.6095260416666667 0.5915148148148148 0.6071229166666666 0.588212962962963 0.6039552083333334 0.5862712962962963 0.6016609375 0.5864657407407408 0.5990395833333333 0.587825 0.5963083333333333 0.5934564814814814 0.5952161458333334 0.5973398148148148 0.5954348958333333 0.6027777777777777 0.5967453125 0.6072444444444444 0.5993671875000001 0.6105453703703704
1 0.7090380208333333 0.43868425925925925 0.7115505208333333 0.44082037037037036 0.7151552083333333 0.44140277777777776 0.7189786458333334 0.43984907407407403 0.7212723958333334 0.4363537037037037 0.7219276041666667 0.431887037037037 0.7221463541666666 0.42936296296296295 0.7249864583333333 0.423925 0.7252046875 0.41907037037037037 0.7247677083333334 0.4161574074074074 0.7232385416666667 0.41305 0.7210536458333333 0.41072037037037035 0.7182135416666667 0.4103314814814815 0.7149369791666668 0.41091388888888886 0.7119875 0.415575 0.709365625 0.41654537037037037 0.707071875 0.42004166666666665 0.7051057291666667 0.42411944444444444 0.7048869791666666 0.42936296296296295 0.7056520833333334 0.4336351851851852 0.707071875 0.4371305555555556
2 0.06285260416666667 0.8877805555555556 0.047190625 0.8913083333333334 0.04179270833333334 0.8921074074074075 0.04111770833333333 0.882912037037037 0.04449166666666667 0.8773148148148148 0.05798697916666666 0.8713175925925926 0.06338489583333333 0.8717175925925926 0.064959375 0.8793138888888888
2 0.44243489583333334 0.5543333333333332 0.444140625 0.563512962962963 0.44279114583333334 0.5679111111111111 0.43941718750000003 0.5691101851851852 0.43514375 0.5667111111111112 0.43401927083333336 0.5591148148148148 0.43491874999999997 0.5531185185185186 0.43806770833333336 0.5531185185185186
2 0.3667166666666667 0.35065740740740736 0.3706692708333333 0.35934814814814814 0.37021927083333334 0.36534537037037035 0.3670703125 0.36934351851851854 0.36414635416666663 0.36774444444444443 0.3603229166666667 0.3585490740740741 0.36054791666666663 0.35255185185185184
2 0.5480947916666667 0.3933277777777778 0.5425088541666666 0.4013287037037037 0.5431838541666667 0.40692592592592597 0.5456578125 0.4125231481481481 0.5490317708333333 0.41132314814814813 0.5524052083333333 0.4033277777777778 0.5535302083333333 0.39812962962962967 0.5524052083333333 0.3929324074074074
2 0.6347651041666666 0.5977 0.6433119791666667 0.6020972222222222 0.6442114583333333 0.6100935185185185 0.6426369791666667 0.6140916666666667 0.6397130208333334 0.6160907407407408 0.632290625 0.6144916666666667 0.6302666666666668 0.6100935185185185 0.6304911458333333 0.6016972222222222
2 0.7381333333333333 0.4302796296296296 0.7454260416666667 0.42698148148148146 0.7514989583333332 0.4237833333333333 0.7550973958333334 0.4253824074074074 0.7559973958333334 0.4313796296296296 0.7541979166666667 0.43657685185185185 0.7467755208333333 0.44177407407407404 0.7418270833333334 0.44457314814814813 0.7375536458333334 0.44217407407407405 0.7359791666666666 0.4361768518518519
0 0.9072916666666667 0.6472222222222223 0.9072916666666667 0.6824074074074075 0.9161458333333333 0.7138888888888889 0.925 0.7324074074074074 0.9390625 0.75 0.9661458333333334 0.7638888888888888 0.9875 0.7870370370370371 0.9994791666666667 0.7953703703703704 0.9994791666666667 0.5777777777777777 0.984375 0.5787037037037037 0.9703125 0.587037037037037 0.9598958333333333 0.5981481481481481 0.9390625 0.600925925925926 0.9317708333333333 0.6055555555555555 0.9140625 0.625
0 0.8130208333333333 0.4564814814814815 0.8114583333333333 0.487962962962963 0.8192708333333333 0.5018518518518519 0.8208333333333333 0.5185185185185185 0.8244791666666667 0.5287037037037037 0.8390625 0.5564814814814815 0.8546875 0.5675925925925925 0.8796875 0.5722222222222222 0.8989583333333333 0.5833333333333334 0.9182291666666667 0.5842592592592593 0.9359375 0.5768518518518518 0.95625 0.5527777777777778 0.959375 0.5453703703703704 0.9630208333333333 0.5231481481481481 0.9666666666666667 0.5157407407407407 0.9994791666666667 0.5074074074074074 0.9994791666666667 0.4666666666666667 0.9880208333333333 0.45925925925925926 0.9677083333333333 0.4638888888888889 0.9614583333333333 0.4462962962962963 0.9369791666666667 0.4074074074074074 0.9213541666666667 0.3888888888888889 0.9088541666666666 0.38425925925925924 0.875 0.3888888888888889 0.8682291666666667 0.3925925925925926 0.8578125 0.4027777777777778 0.8442708333333333 0.425
0 0.7057291666666666 0.6166666666666667 0.7067708333333333 0.6472222222222223 0.7119791666666667 0.6555555555555556 0.721875 0.6601851851851852 0.7286458333333333 0.6833333333333333 0.7348958333333333 0.6953703703703704 0.7677083333333333 0.7416666666666667 0.7901041666666667 0.7574074074074074 0.8088541666666667 0.7592592592592593 0.8286458333333333 0.7509259259259259 0.8479166666666667 0.725925925925926 0.8588541666666667 0.6925925925925925 0.8666666666666667 0.6916666666666667 0.8869791666666667 0.6972222222222222 0.8953125 0.6898148148148148 0.8953125 0.6592592592592592 0.8916666666666667 0.65 0.871875 0.6407407407407407 0.8645833333333334 0.6444444444444445 0.8598958333333333 0.6361111111111111 0.8473958333333333 0.5972222222222222 0.8375 0.5777777777777777 0.8182291666666667 0.5555555555555556 0.8046875 0.5472222222222223 0.7895833333333333 0.5444444444444444 0.76875 0.55 0.7546875 0.562962962962963 0.7473958333333334 0.5740740740740741 0.7390625 0.5907407407407408 0.7338541666666667 0.6074074074074074 0.7104166666666667 0.6046296296296296
0 0.615625 0.4185185185185185 0.6161458333333333 0.4462962962962963 0.6223958333333334 0.4564814814814815 0.6390625 0.46111111111111114 0.6427083333333333 0.4675925925925926 0.646875 0.4898148148148148 0.6583333333333333 0.5138888888888888 0.6744791666666666 0.5277777777777778 0.6994791666666667 0.537962962962963 0.7177083333333333 0.5361111111111111 0.7333333333333333 0.5277777777777778 0.7484375 0.5101851851851852 0.7567708333333333 0.49444444444444446 0.7609375 0.47962962962962963 0.7651041666666667 0.475 0.7802083333333333 0.4740740740740741 0.7901041666666667 0.4666666666666667 0.79375 0.46296296296296297 0.7958333333333333 0.4527777777777778 0.7942708333333334 0.45 0.7953125 0.44166666666666665 0.79375 0.42777777777777776 0.7859375 0.4222222222222222 0.7645833333333333 0.4185185185185185 0.7567708333333333 0.38796296296296295 0.7411458333333333 0.36018518518518516 0.728125 0.3472222222222222 0.7098958333333333 0.3388888888888889 0.6932291666666667 0.3398148148148148 0.6776041666666667 0.34814814814814815 0.6635416666666667 0.3638888888888889 0.653125 0.38333333333333336 0.646875 0.40185185185185185 0.6234375 0.4046296296296296
0 0.5151041666666667 0.5740740740740741 0.5135416666666667 0.5962962962962963 0.51875 0.6129629629629629 0.5223958333333333 0.6175925925925926 0.5421875 0.6203703703703703 0.5484375 0.6527777777777778 0.5645833333333333 0.6851851851851852 0.578125 0.6990740740740741 0.5911458333333334 0.7064814814814815 0.6005208333333333 0.7083333333333334 0.625 0.7 0.640625 0.6833333333333333 0.6479166666666667 0.6712962962962963 0.6552083333333333 0.65 0.6567708333333333 0.637962962962963 0.6854166666666667 0.6388888888888888 0.6885416666666667 0.6314814814814815 0.6895833333333333 0.6055555555555555 0.6859375 0.5935185185185186 0.6567708333333333 0.5842592592592593 0.6526041666666667 0.5564814814814815 0.6369791666666667 0.524074074074074 0.6234375 0.5092592592592593 0.6072916666666667 0.5009259259259259 0.5947916666666667 0.5 0.5744791666666667 0.5083333333333333 0.5640625 0.5194444444444445 0.5536458333333333 0.5361111111111111 0.5458333333333333 0.562962962962963 0.5208333333333334 0.5648148148148148
0 0.43854166666666666 0.375 0.43645833333333334 0.3972222222222222 0.4390625 0.4101851851851852 0.44635416666666666 0.41944444444444445 0.4640625 0.425 0.4666666666666667 0.4425925925925926 0.47708333333333336 0.4703703703703704 0.49114583333333334 0.49074074074074076 0.5078125 0.5 0.5234375 0.5009259259259259 0.540625 0.4925925925925926 0.5536458333333333 0.47685185185185186 0.5671875 0.4462962962962963 0.5864583333333333 0.44907407407407407 0.5921875 0.44537037037037036 0.5963541666666666 0.4351851851851852 0.5984375 0.4222222222222222 0.5984375 0.4046296296296296 0.5953125 0.3972222222222222 0.5723958333333333 0.39166666666666666 0.5640625 0.3537037037037037 0.5520833333333334 0.3314814814814815 0.54375 0.3212962962962963 0.5255208333333333 0.3111111111111111 0.5067708333333333 0.31203703703703706 0.49375 0.3194444444444444 0.4765625 0.34074074074074073 0.4671875 0.36666666666666664 0.44427083333333334 0.36574074074074076
0 0.3307291666666667 0.5407407407407407 0.32916666666666666 0.562037037037037 0.33177083333333335 0.5694444444444444 0.34010416666666665 0.575 0.35572916666666665 0.5777777777777777 0.36041666666666666 0.6037037037037037 0.3692708333333333 0.6296296296296297 0.384375 0.65 0.403125 0.6592592592592592 0.4192708333333333 0.6592592592592592 0.44114583333333335 0.6444444444444445 0.4583333333333333 0.6157407407407407 0.4625 0.5962962962962963 0.4666666666666667 0.5898148148148148 0.4901041666666667 0.5888888888888889 0.4921875 0.5851851851851851 0.4942708333333333 0.5685185185185185 0.4942708333333333 0.5564814814814815 0.490625 0.5462962962962963 0.4671875 0.5398148148148149 0.4609375 0.5111111111111111 0.44635416666666666 0.4824074074074074 0.4322916666666667 0.4675925925925926 0.41822916666666665 0.462037037037037 0.3984375 0.4648148148148148 0.3880208333333333 0.4722222222222222 0.37083333333333335 0.49537037037037035 0.359375 0.5277777777777778 0.3494791666666667 0.525 0.3385416666666667 0.5268518518518519 0.334375 0.5296296296296297
0 0.26666666666666666 0.34814814814814815 0.26666666666666666 0.36944444444444446 0.2796875 0.3851851851851852 0.290625 0.3907407407407407 0.29635416666666664 0.41388888888888886 0.30572916666666666 0.43333333333333335 0.3125 0.44351851851851853 0.32760416666666664 0.4564814814814815 0.3385416666666667 0.4601851851851852 0.365625 0.45925925925925926 0.38177083333333334 0.44907407407407407 0.39739583333333334 0.41944444444444445 0.396875 0.4101851851851852 0.41510416666666666 0.4046296296296296 0.4203125 0.39351851851851855 0.42239583333333336 0.3768518518518518 0.421875 0.3685185185185185 0.4166666666666667 0.35555555555555557 0.4109375 0.3509259259259259 0.3963541666666667 0.3472222222222222 0.39166666666666666 0.32592592592592595 0.3776041666666667 0.2962962962962963 0.365625 0.2833333333333333 0.35260416666666666 0.27685185185185185 0.33645833333333336 0.2777777777777778 0.31979166666666664 0.287962962962963 0.30625 0.30648148148148147 0.29583333333333334 0.33425925925925926 0.27239583333333334 0.3333333333333333
0 0.0046875 0.6101851851851852 0.0020833333333333333 0.6240740740740741 0 0.6259259259259259 0 0.8305555555555556 0.017708333333333333 0.825925925925926 0.024479166666666666 0.812962962962963 0.0390625 0.8009259259259259 0.06041666666666667 0.7935185185185185 0.065625 0.7805555555555556 0.071875 0.7731481481481481 0.08385416666666666 0.7685185185185185 0.09479166666666666 0.737037037037037 0.09739583333333333 0.7203703703703703 0.09635416666666667 0.6907407407407408 0.08541666666666667 0.6638888888888889 0.07447916666666667 0.6527777777777778 0.0640625 0.65 0.05364583333333333 0.6546296296296297 0.050520833333333334 0.6518518518518519 0.0546875 0.6212962962962963 0.04739583333333333 0.6046296296296296 0.034895833333333334 0.5944444444444444 0.015104166666666667 0.5935185185185186 0.008854166666666666 0.5981481481481481
0 0.008333333333333333 0.9259259259259259 0.007291666666666667 0.9666666666666667 0.013541666666666667 0.9990740740740741 0.10572916666666667 0.9990740740740741 0.115625 0.9768518518518519 0.12239583333333333 0.9675925925925926 0.1375 0.9555555555555556 0.14947916666666666 0.9324074074074075 0.15729166666666666 0.9046296296296297 0.159375 0.8685185185185185 0.15729166666666666 0.8555555555555555 0.14739583333333334 0.8305555555555556 0.14010416666666667 0.8222222222222222 0.12708333333333333 0.8148148148148148 0.11197916666666667 0.8185185185185185 0.1125 0.8064814814814815 0.10625 0.7870370370370371 0.09375 0.7805555555555556 0.08854166666666667 0.7722222222222223 0.08020833333333334 0.7722222222222223 0.07135416666666666 0.7759259259259259 0.0640625 0.7870370370370371 0.057291666666666664 0.8277777777777777 0.036458333333333336 0.8453703703703703 0.020833333333333332 0.8731481481481481 0.013541666666666667 0.8962962962962963