1 0.5570473958333333 0.7761037037037037 0.5572190104166667 0.7860203703703704 0.5605658854166666 0.7930384259259259 0.5659723958333333 0.7971578703703704 0.57109375 0.7967592592592593 0.57421875 0.7939814814814815 0.5755208333333334 0.7898148148148149 0.5768713541666667 0.7819009259259259 0.5754984375000001 0.7727472222222223 0.5768713541666667 0.7631356481481482 0.5752604166666667 0.7550925925925925 0.5708333333333333 0.749537037037037 0.5674479166666667 0.7490740740740741 0.5640625 0.7509259259259259 0.5619791666666667 0.7560185185185185 0.5606518229166666 0.7657291666666666 0.5588494791666666 0.769237962962963
1 0.49973958333333335 0.5148148148148148 0.4999513020833334 0.525174074074074 0.4982596354166667 0.5307069444444444 0.49792135416666666 0.5355185185185185 0.498665625 0.5390069444444445 0.50143984375 0.5441791666666667 0.5053640625 0.5457430555555556 0.5092208333333333 0.5450212962962964 0.5123333333333333 0.5422546296296297 0.51416015625 0.5361199074074074 0.5136864583333334 0.5307069444444444 0.5119273437499999 0.5243319444444444 0.5115890625 0.5136263888888889 0.5109125 0.5112208333333333 0.50859375 0.5083333333333333 0.5044270833333333 0.5078703703703704 0.5013044270833333 0.5096569444444444
1 0.05069192708333334 0.4273023148148148 0.05375286458333333 0.42708472222222227 0.05754869791666666 0.42381944444444447 0.06122213541666666 0.41881296296296294 0.06244635416666667 0.41445925925925925 0.062079166666666664 0.41141203703703705 0.0554671875 0.40379305555555556 0.051181510416666666 0.3939976851851852 0.04848776041666667 0.39334444444444444 0.045059375 0.39465092592592593 0.042365625 0.39748055555555556 0.040284114583333336 0.40118101851851856 0.04052890625 0.4044462962962963 0.04493697916666666 0.4135888888888889 0.045426822916666665 0.41816018518518516 0.04591640625 0.42251342592592595 0.04787552083333334 0.4262138888888889
1 0.087425 0.30496712962962963 0.09158802083333333 0.3036611111111111 0.09526145833333333 0.30017824074074073 0.09624088541666667 0.2973486111111111 0.09575130208333334 0.29386574074074073 0.09464921875 0.29103564814814814 0.09109843749999999 0.28646481481481484 0.08767005208333334 0.2766689814814815 0.08497604166666667 0.2762337962962963 0.08179270833333334 0.2775398148148148 0.07958854166666667 0.2792810185185185 0.07824166666666667 0.2829819444444444 0.07897630208333334 0.2866824074074074 0.08093541666666666 0.29277731481481484 0.08191510416666666 0.3006138888888889 0.08338437500000001 0.3023550925925926
1 0.19480833333333333 0.36678796296296295 0.19823697916666666 0.36765879629629633 0.20191015625 0.36591712962962963 0.20509375 0.36243425925925926 0.20582838541666665 0.3580805555555555 0.20497135416666667 0.35329166666666667 0.20227760416666665 0.34785 0.19860416666666666 0.33740138888888893 0.1960328125 0.336312962962963 0.19260442708333333 0.3371837962962963 0.19003307291666666 0.33936064814814815 0.18868619791666666 0.34240787037037035 0.18880859375 0.3445847222222222 0.19137994791666665 0.35285648148148147 0.19186979166666665 0.359387037037037
1 0 0.24960925925925923 0.002872916666666667 0.2492796296296296 0.006579947916666666 0.24680833333333332 0.007877604166666666 0.24516064814814817 0.00843359375 0.24252453703703702 0.007321354166666667 0.23906435185185185 0.004355729166666667 0.2344513888888889 0.002872916666666667 0.23181527777777777 0 0.22456574074074073
2 0.015645833333333335 0.26113703703703706 0.011553906249999999 0.24731111111111112 0.012620572916666666 0.24415138888888888 0.0158203125 0.24320324074074073 0.018486458333333334 0.24478333333333332 0.022397135416666665 0.2561583333333333 0.021686197916666667 0.2608976851851852 0.018486458333333334 0.26310972222222223
2 0.10185520833333334 0.3051342592592593 0.10594375 0.3221967592592593 0.11003203125000001 0.3209328703703704 0.1126984375 0.3174574074074074 0.10985442708333333 0.3051342592592593 0.10612135416666665 0.2984986111111111 0.10309947916666666 0.2984986111111111 0.10078854166666668 0.3013425925925926
2 0.06883828125 0.42210509259259255 0.07341380208333333 0.41951666666666665 0.07750234375 0.42394027777777776 0.08194635416666667 0.4375273148148148 0.08016875 0.44195092592592594 0.07430260416666666 0.4444787037037037 0.06861432291666666 0.4289958333333333
2 0.2160953125 0.36543611111111113 0.21882005208333333 0.3816 0.22184192708333333 0.3834958333333333 0.22593046875 0.3828638888888889 0.22646380208333333 0.37749212962962964 0.2223752604166667 0.3610615740740741 0.21864244791666668 0.3594819444444444
2 0.53368515625 0.5632560185185186 0.5379065104166667 0.5443189814814815 0.5412838541666667 0.5421074074074074 0.5450166666666667 0.5468467592592593 0.5423502604166667 0.5683333333333332 0.5377286458333334 0.5699129629629629 0.53381796875 0.5680171296296296
2 0.6033044270833333 0.8191356481481482 0.6111182291666667 0.8004865740740741 0.6157398437499999 0.7992226851851851 0.62036171875 0.8042782407407407 0.6194729166666666 0.8121777777777778 0.6159177083333333 0.8254486111111111 0.6130734375000001 0.8314518518518518 0.6072075520833333 0.8298722222222221 0.6045411458333334 0.8260805555555556
0 0.8072916666666666 0.975462962962963 0.80703125 0.9847222222222223 0.80859375 0.999537037037037 0.9997395833333333 0.999537037037037 0.9997395833333333 0.9837962962962963 0.9841145833333333 0.9675925925925926 0.9739583333333334 0.9652777777777778 0.9627604166666667 0.9550925925925926 0.94296875 0.9425925925925925 0.9346354166666667 0.9388888888888889 0.9184895833333333 0.9351851851851852 0.8979166666666667 0.937037037037037 0.88671875 0.9425925925925925 0.8802083333333334 0.9476851851851852 0.86953125 0.9634259259259259 0.8619791666666666 0.987037037037037 0.8591145833333333 0.9925925925925926 0.85 0.9861111111111112 0.8434895833333333 0.9763888888888889 0.8354166666666667 0.9694444444444444 0.82890625 0.9560185185185185 0.82109375 0.95 0.8158854166666667 0.9523148148148148 0.8104166666666667 0.9601851851851851
0 0.6768229166666667 0.6763888888888889 0.67734375 0.7018518518518518 0.6815104166666667 0.7166666666666667 0.6817708333333333 0.7217592592592592 0.6919270833333333 0.736574074074074 0.70078125 0.7398148148148148 0.7109375 0.7481481481481481 0.7091145833333333 0.7574074074074074 0.7104166666666667 0.7828703703703703 0.7143229166666667 0.8032407407407407 0.7216145833333333 0.825 0.7302083333333333 0.8435185185185186 0.74453125 0.8675925925925926 0.7502604166666667 0.875 0.7552083333333334 0.8782407407407408 0.7583333333333333 0.8824074074074074 0.7611979166666667 0.8824074074074074 0.7658854166666667 0.887962962962963 0.7796875 0.8916666666666667 0.7856770833333333 0.8953703703703704 0.79609375 0.8949074074074074 0.8072916666666666 0.8916666666666667 0.8192708333333333 0.8824074074074074 0.8278645833333333 0.8703703703703703 0.8388020833333333 0.8685185185185185 0.8544270833333333 0.8597222222222223 0.8651041666666667 0.8467592592592592 0.8723958333333334 0.8310185185185185 0.8760416666666667 0.8268518518518518 0.88203125 0.8296296296296296 0.8856770833333333 0.8347222222222223 0.8888020833333333 0.8351851851851851 0.9052083333333333 0.8319444444444445 0.91796875 0.8245370370370371 0.9192708333333334 0.8208333333333333 0.91875 0.8138888888888889 0.9213541666666667 0.8115740740740741 0.9239583333333333 0.8013888888888889 0.92265625 0.7856481481481481 0.9216145833333333 0.7824074074074074 0.9221354166666667 0.7787037037037037 0.915625 0.7648148148148148 0.91171875 0.7611111111111111 0.9010416666666666 0.7583333333333333 0.89375 0.7611111111111111 0.8828125 0.7592592592592593 0.8791666666666667 0.7652777777777777 0.87265625 0.7523148148148148 0.8682291666666667 0.7324074074074074 0.8640625 0.7208333333333333 0.8557291666666667 0.7106481481481481 0.8421875 0.6851851851851852 0.8359375 0.6768518518518518 0.8169270833333333 0.6569444444444444 0.7955729166666666 0.6416666666666667 0.771875 0.6328703703703704 0.7473958333333334 0.6328703703703704 0.7372395833333333 0.6402777777777777 0.7260416666666667 0.6532407407407408 0.7239583333333334 0.6615740740740741 0.7197916666666667 0.6680555555555555 0.7182291666666667 0.675 0.7145833333333333 0.6819444444444445 0.7122395833333334 0.6819444444444445 0.7098958333333333 0.6777777777777778 0.6989583333333333 0.6722222222222223 0.69375 0.6611111111111111 0.6890625 0.6569444444444444 0.6825520833333333 0.6587962962962963 0.6807291666666667 0.6648148148148149 0.6778645833333333 0.6680555555555555
0 0.4596354166666667 0.7337962962962963 0.45989583333333334 0.7384259259259259 0.4578125 0.7532407407407408 0.4609375 0.7722222222222223 0.4708333333333333 0.7824074074074074 0.4739583333333333 0.7893518518518519 0.47291666666666665 0.7930555555555555 0.47760416666666666 0.7953703703703704 0.47760416666666666 0.8 0.47890625 0.799074074074074 0.48072916666666665 0.8009259259259259 0.48333333333333334 0.8 0.48515625 0.8013888888888889 0.48489583333333336 0.8069444444444445 0.4861979166666667 0.812962962962963 0.4864583333333333 0.8277777777777777 0.48880208333333336 0.8523148148148149 0.49453125 0.8800925925925925 0.5072916666666667 0.9143518518518519 0.5127604166666667 0.9365740740740741 0.515625 0.9425925925925925 0.5192708333333333 0.9439814814814815 0.52109375 0.9513888888888888 0.52578125 0.962037037037037 0.5346354166666667 0.9694444444444444 0.53671875 0.975925925925926 0.5401041666666667 0.9763888888888889 0.54609375 0.9810185185185185 0.56171875 0.9837962962962963 0.5643229166666667 0.986574074074074 0.57109375 0.9888888888888889 0.5729166666666666 0.9828703703703704 0.5861979166666667 0.9791666666666666 0.5911458333333334 0.975462962962963 0.6 0.9648148148148148 0.6057291666666667 0.9541666666666667 0.6205729166666667 0.9361111111111111 0.6260416666666667 0.924074074074074 0.6299479166666667 0.9212962962962963 0.6393229166666666 0.9259259259259259 0.640625 0.9287037037037037 0.6421875 0.9287037037037037 0.6434895833333333 0.9324074074074075 0.64765625 0.9351851851851852 0.66171875 0.9375 0.6721354166666667 0.9333333333333333 0.6786458333333333 0.925 0.6830729166666667 0.9143518518518519 0.6859375 0.8976851851851851 0.6856770833333333 0.8847222222222222 0.6872395833333333 0.8712962962962963 0.6864583333333333 0.8629629629629629 0.67890625 0.8472222222222222 0.6723958333333333 0.8416666666666667 0.6684895833333333 0.8402777777777778 0.6619791666666667 0.8333333333333334 0.6580729166666667 0.8319444444444445 0.6513020833333333 0.8245370370370371 0.64609375 0.8212962962962963 0.6455729166666667 0.8027777777777778 0.6416666666666667 0.7754629629629629 0.63046875 0.7435185185185185 0.6153645833333333 0.7166666666666667 0.5958333333333333 0.6967592592592593 0.58203125 0.6875 0.5716145833333334 0.6847222222222222 0.5536458333333333 0.6828703703703703 0.5403645833333334 0.6861111111111111 0.5247395833333334 0.6958333333333333 0.5109375 0.7101851851851851 0.50546875 0.7199074074074074 0.4979166666666667 0.7180555555555556 0.4947916666666667 0.7134259259259259 0.48776041666666664 0.7097222222222223 0.48385416666666664 0.7097222222222223 0.4752604166666667 0.7046296296296296 0.4703125 0.7046296296296296 0.46848958333333335 0.7069444444444445 0.4622395833333333 0.7231481481481481
0 0.42265625 0.5194444444444445 0.42265625 0.5425925925925926 0.42526041666666664 0.5532407407407407 0.42890625 0.5606481481481481 0.43645833333333334 0.5675925925925925 0.43723958333333335 0.5708333333333333 0.44296875 0.5740740740740741 0.4466145833333333 0.6 0.44973958333333336 0.6111111111111112 0.45364583333333336 0.6194444444444445 0.4544270833333333 0.6259259259259259 0.45859375 0.6361111111111111 0.4625 0.6541666666666667 0.4630208333333333 0.6611111111111111 0.46770833333333334 0.675 0.4705729166666667 0.6819444444444445 0.4739583333333333 0.6837962962962963 0.48072916666666665 0.6930555555555555 0.48932291666666666 0.7 0.5083333333333333 0.7055555555555556 0.5143229166666666 0.7037037037037037 0.5302083333333333 0.6902777777777778 0.5408854166666667 0.6837962962962963 0.5432291666666667 0.6805555555555556 0.5481770833333334 0.6694444444444444 0.5518229166666667 0.6574074074074074 0.5533854166666666 0.6462962962962963 0.55546875 0.6435185185185185 0.5572916666666666 0.6375 0.5596354166666667 0.637962962962963 0.5604166666666667 0.6407407407407407 0.5630208333333333 0.6439814814814815 0.5658854166666667 0.6449074074074074 0.5674479166666667 0.649074074074074 0.57109375 0.6523148148148148 0.578125 0.6504629629629629 0.58828125 0.6435185185185185 0.5919270833333333 0.6375 0.5955729166666667 0.6268518518518519 0.596875 0.6166666666666667 0.5971354166666667 0.5953703703703703 0.5953125 0.5856481481481481 0.5877604166666667 0.5777777777777777 0.5682291666666667 0.5680555555555555 0.5674479166666667 0.5472222222222223 0.565625 0.537962962962963 0.5604166666666667 0.5226851851851851 0.5533854166666666 0.5087962962962963 0.5471354166666667 0.5 0.5317708333333333 0.48703703703703705 0.5166666666666667 0.4810185185185185 0.49453125 0.4810185185185185 0.48046875 0.48657407407407405 0.4671875 0.49722222222222223 0.46041666666666664 0.5050925925925925 0.45234375 0.4986111111111111 0.44583333333333336 0.49722222222222223 0.4432291666666667 0.49444444444444446 0.4354166666666667 0.4930555555555556 0.4328125 0.49444444444444446 0.4278645833333333 0.5018518518518519 0.4239583333333333 0.5111111111111111
0 0.26848958333333334 0.6027777777777777 0.2677083333333333 0.6055555555555555 0.26796875 0.6125 0.2716145833333333 0.6231481481481481 0.2755208333333333 0.6305555555555555 0.28463541666666664 0.6347222222222222 0.2872395833333333 0.6435185185185185 0.2875 0.6509259259259259 0.284375 0.6615740740740741 0.2825520833333333 0.6768518518518518 0.2825520833333333 0.6921296296296297 0.284375 0.7078703703703704 0.2911458333333333 0.7305555555555555 0.30026041666666664 0.7439814814814815 0.31354166666666666 0.7583333333333333 0.31744791666666666 0.7694444444444445 0.325 0.7833333333333333 0.334375 0.7921296296296296 0.34791666666666665 0.7967592592592593 0.36276041666666664 0.7962962962962963 0.38697916666666665 0.7805555555555556 0.3932291666666667 0.7726851851851851 0.39921875 0.7620370370370371 0.40546875 0.7467592592592592 0.4088541666666667 0.7453703703703703 0.41822916666666665 0.7476851851851852 0.4231770833333333 0.7449074074074075 0.42526041666666664 0.7407407407407407 0.4270833333333333 0.7319444444444444 0.4393229166666667 0.7 0.4401041666666667 0.6925925925925925 0.43802083333333336 0.6884259259259259 0.41848958333333336 0.6777777777777778 0.4171875 0.6694444444444444 0.41875 0.6513888888888889 0.41770833333333335 0.6236111111111111 0.4140625 0.6069444444444444 0.40989583333333335 0.5962962962962963 0.3966145833333333 0.5768518518518518 0.38697916666666665 0.5703703703703704 0.3776041666666667 0.5671296296296297 0.3580729166666667 0.5657407407407408 0.3489583333333333 0.5657407407407408 0.3419270833333333 0.5680555555555555 0.33541666666666664 0.5717592592592593 0.32864583333333336 0.5800925925925926 0.31979166666666664 0.586574074074074 0.3138020833333333 0.5953703703703703 0.3072916666666667 0.5967592592592592 0.30442708333333335 0.5990740740740741 0.2989583333333333 0.5893518518518519 0.29583333333333334 0.5810185185185185 0.29401041666666666 0.5791666666666667 0.2875 0.5791666666666667 0.2752604166666667 0.5902777777777778 0.271875 0.5949074074074074
0 0.26666666666666666 0.44212962962962965 0.2669270833333333 0.4439814814814815 0.26510416666666664 0.44907407407407407 0.265625 0.45601851851851855 0.27057291666666666 0.4615740740740741 0.27395833333333336 0.475462962962963 0.2760416666666667 0.4787037037037037 0.28020833333333334 0.4810185185185185 0.28177083333333336 0.4847222222222222 0.28125 0.5023148148148148 0.2825520833333333 0.5106481481481482 0.28958333333333336 0.5268518518518519 0.30104166666666665 0.5430555555555555 0.3078125 0.5671296296296297 0.3109375 0.5745370370370371 0.31744791666666666 0.5842592592592593 0.3221354166666667 0.5837962962962963 0.32864583333333336 0.5787037037037037 0.33489583333333334 0.5712962962962963 0.3450520833333333 0.5657407407407408 0.35546875 0.5638888888888889 0.37213541666666666 0.5657407407407408 0.38125 0.5643518518518519 0.38984375 0.5421296296296296 0.39765625 0.5351851851851852 0.4002604166666667 0.5291666666666667 0.40078125 0.525 0.4046875 0.5208333333333334 0.4080729166666667 0.5125 0.4122395833333333 0.5064814814814815 0.41432291666666665 0.4949074074074074 0.41328125 0.48935185185185187 0.41119791666666666 0.48657407407407405 0.39401041666666664 0.4861111111111111 0.3921875 0.4842592592592593 0.39140625 0.48055555555555557 0.39401041666666664 0.46574074074074073 0.39296875 0.4527777777777778 0.390625 0.4425925925925926 0.38385416666666666 0.4300925925925926 0.3731770833333333 0.41805555555555557 0.35052083333333334 0.412962962962963 0.33125 0.41574074074074074 0.3143229166666667 0.42453703703703705 0.30442708333333335 0.43333333333333335 0.30052083333333335 0.4388888888888889 0.29244791666666664 0.43657407407407406 0.28619791666666666 0.42824074074074076 0.2833333333333333 0.4263888888888889 0.27578125 0.42592592592592593 0.2703125 0.4287037037037037 0.27057291666666666 0.4324074074074074
0 0.12291666666666666 0.4976851851851852 0.12317708333333334 0.5120370370370371 0.1265625 0.5166666666666667 0.12916666666666668 0.5259259259259259 0.13177083333333334 0.5305555555555556 0.13333333333333333 0.537962962962963 0.12578125 0.5712962962962963 0.125 0.5800925925925926 0.12578125 0.6023148148148149 0.13671875 0.6208333333333333 0.14322916666666666 0.6263888888888889 0.15052083333333333 0.6291666666666667 0.1546875 0.6328703703703704 0.16041666666666668 0.6462962962962963 0.1734375 0.6648148148148149 0.1875 0.6726851851851852 0.20234375 0.6726851851851852 0.2171875 0.6657407407407407 0.22604166666666667 0.6592592592592592 0.23619791666666667 0.6486111111111111 0.24609375 0.6356481481481482 0.2526041666666667 0.6231481481481481 0.2526041666666667 0.6157407407407407 0.25364583333333335 0.6129629629629629 0.253125 0.6083333333333333 0.25546875 0.6055555555555555 0.25442708333333336 0.6023148148148149 0.2578125 0.5990740740740741 0.26015625 0.5907407407407408 0.26145833333333335 0.5851851851851851 0.2609375 0.5773148148148148 0.259375 0.5708333333333333 0.25703125 0.5666666666666667 0.25546875 0.5574074074074075 0.2513020833333333 0.5435185185185185 0.25364583333333335 0.524074074074074 0.2520833333333333 0.5050925925925925 0.24947916666666667 0.49583333333333335 0.24036458333333333 0.4828703703703704 0.23072916666666668 0.4773148148148148 0.21380208333333334 0.47314814814814815 0.19869791666666667 0.4726851851851852 0.18333333333333332 0.47962962962962963 0.17786458333333333 0.4847222222222222 0.17239583333333333 0.48703703703703705 0.16145833333333334 0.4976851851851852 0.1578125 0.4981481481481482 0.15364583333333334 0.49583333333333335 0.1453125 0.48703703703703705 0.13828125 0.48333333333333334 0.12994791666666666 0.4875
0 0.14609375 0.35509259259259257 0.146875 0.3685185185185185 0.15260416666666668 0.38333333333333336 0.15026041666666667 0.40879629629629627 0.15520833333333334 0.42824074074074076 0.16276041666666666 0.44351851851851853 0.17369791666666667 0.45231481481481484 0.17864583333333334 0.46620370370370373 0.18541666666666667 0.475462962962963 0.19010416666666666 0.475462962962963 0.19817708333333334 0.4722222222222222 0.21458333333333332 0.4726851851851852 0.23567708333333334 0.47824074074074074 0.24427083333333333 0.4847222222222222 0.24635416666666668 0.4842592592592593 0.25677083333333334 0.4689814814814815 0.2609375 0.4597222222222222 0.2609375 0.45601851851851855 0.2640625 0.4425925925925926 0.26328125 0.4393518518518518 0.2638020833333333 0.43287037037037035 0.27057291666666666 0.41712962962962963 0.27109375 0.4111111111111111 0.2669270833333333 0.3976851851851852 0.2591145833333333 0.387037037037037 0.259375 0.37453703703703706 0.25494791666666666 0.350462962962963 0.25026041666666665 0.3421296296296296 0.24114583333333334 0.3337962962962963 0.22786458333333334 0.32916666666666666 0.21223958333333334 0.3296296296296296 0.20416666666666666 0.33240740740740743 0.19921875 0.3365740740740741 0.19244791666666666 0.3375 0.18802083333333333 0.34120370370370373 0.17526041666666667 0.34675925925925927 0.16510416666666666 0.34120370370370373 0.15885416666666666 0.34120370370370373 0.14921875 0.34814814814814815
0 0.002864583333333333 0.4115740740740741 0.002864583333333333 0.41805555555555557 0.00546875 0.4217592592592593 0.005208333333333333 0.425 0.008333333333333333 0.4310185185185185 0.0078125 0.4356481481481482 0.00859375 0.4388888888888889 0.00390625 0.44814814814814813 0.0018229166666666667 0.45787037037037037 0 0.4583333333333333 0 0.49166666666666664 0.0020833333333333333 0.4925925925925926 0.0078125 0.5050925925925925 0.0140625 0.5125 0.031510416666666666 0.5222222222222223 0.03854166666666667 0.5351851851851852 0.04375 0.5412037037037037 0.0484375 0.5518518518518518 0.053385416666666664 0.5574074074074075 0.05859375 0.562037037037037 0.06744791666666666 0.5652777777777778 0.08229166666666667 0.5652777777777778 0.09036458333333333 0.562962962962963 0.11380208333333333 0.5481481481481482 0.11979166666666667 0.5407407407407407 0.12604166666666666 0.5291666666666667 0.12578125 0.5199074074074074 0.12213541666666666 0.5120370370370371 0.11953125 0.5013888888888889 0.12760416666666666 0.48935185185185187 0.13307291666666668 0.4842592592592593 0.13489583333333333 0.4773148148148148 0.13333333333333333 0.47314814814814815 0.13385416666666666 0.4703703703703704 0.13203125 0.4601851851851852 0.12630208333333334 0.43819444444444444 0.12786458333333334 0.4212962962962963 0.12083333333333333 0.4 0.11458333333333333 0.3902777777777778 0.10234375 0.38287037037037036 0.08463541666666667 0.3800925925925926 0.07421875 0.3824074074074074 0.0671875 0.3875 0.05911458333333333 0.38981481481481484 0.05078125 0.39537037037037037 0.04348958333333333 0.39537037037037037 0.040625 0.3972222222222222 0.037760416666666664 0.4023148148148148 0.03307291666666667 0.4013888888888889 0.027604166666666666 0.39537037037037037 0.01953125 0.39444444444444443 0.008854166666666666 0.4023148148148148
0 0.06149921875 0.27803796296296296 0.046875 0.2929166666666667 0.045572916666666664 0.29847222222222225 0.04479166666666667 0.3003240740740741 0.04635416666666667 0.3040277777777778 0.04765625 0.31699074074074074 0.04739583333333333 0.3239351851851852 0.044270833333333336 0.3318055555555556 0.04296875 0.34476851851851853 0.04635416666666667 0.35587962962962966 0.05026041666666667 0.36236111111111113 0.05026041666666667 0.3656018518518519 0.05520833333333333 0.37300925925925926 0.06770833333333333 0.3776388888888889 0.07109375 0.3804166666666667 0.08815104166666667 0.3776388888888889 0.10338541666666666 0.3808796296296296 0.1140625 0.38736111111111116 0.11770833333333333 0.39060185185185187 0.11901041666666666 0.39384259259259263 0.12161458333333333 0.3952314814814815 0.12630208333333334 0.41375 0.12942708333333333 0.41606481481481483 0.13619791666666667 0.41467592592592595 0.14765625 0.401712962962963 0.14921875 0.39199074074074075 0.15104166666666666 0.3896759259259259 0.15104166666666666 0.3827314814814815 0.14947916666666666 0.3827314814814815 0.14322916666666666 0.3688425925925926 0.14479166666666668 0.36467592592592596 0.14296875 0.35726851851851854 0.14895833333333333 0.3415277777777778 0.14973958333333334 0.3341203703703704 0.14817708333333332 0.3271759259259259 0.15026041666666667 0.3202314814814815 0.15078125 0.31328703703703703 0.14713541666666666 0.2993981481481482 0.14713541666666666 0.2961574074074074 0.14244791666666667 0.28597222222222224 0.1328125 0.2781018518518519 0.12395833333333334 0.27439814814814817 0.11119791666666666 0.2739351851851852 0.09765625 0.276712962962963 0.0921875 0.2818055555555556 0.084375 0.2748611111111111 0.08125 0.2785648148148148 0.08333333333333333 0.2855092592592593 0.08098958333333334 0.2906018518518519 0.07083333333333333 0.28226851851851853
0 0.022135416666666668 0.22685185185185186 0.005729166666666666 0.2300925925925926 0 0.22962962962962963 0 0.31342592592592594 0.009895833333333333 0.3189814814814815 0.016145833333333335 0.32685185185185184 0.019791666666666666 0.3337962962962963 0.026822916666666665 0.3527777777777778 0.029166666666666667 0.3541666666666667 0.036458333333333336 0.3527777777777778 0.0421875 0.3490740740740741 0.0421875 0.33796296296296297 0.04479166666666667 0.324537037037037 0.04635416666666667 0.3194444444444444 0.04678255208333334 0.31905509259259257 0.04653828125 0.29994212962962963 0.047135416666666666 0.2962962962962963 0.057291666666666664 0.2824074074074074 0.05677083333333333 0.2708333333333333 0.05911458333333333 0.2625 0.05911458333333333 0.25416666666666665 0.05677083333333333 0.2439814814814815 0.053385416666666664 0.23796296296296296 0.039322916666666666 0.2300925925925926