1 0.13296197916666666 0.8506638888888889 0.13602395833333333 0.8504546296296296 0.1428546875 0.8420796296296297 0.14815416666666667 0.8385203703703703 0.149803125 0.8349611111111112 0.15027395833333335 0.8314018518518519 0.14862552083333333 0.8263768518518518 0.14626979166666668 0.8238648148148148 0.14367916666666666 0.8221898148148148 0.14049947916666666 0.8221898148148148 0.13896822916666668 0.824912037037037 0.13649531250000002 0.8301462962962963 0.13307968750000002 0.8339148148148149 0.130253125 0.8372648148148149 0.12919322916666667 0.8408240740740741 0.12907552083333332 0.8443833333333333 0.12978229166666666 0.8481518518518518
1 0.053938541666666666 0.701175 0.05888489583333333 0.6990814814814815 0.06595104166666667 0.6988722222222222 0.06830625 0.6961499999999999 0.07030833333333333 0.691962962962963 0.07125052083333333 0.6873564814814815 0.06936614583333332 0.6812851851851852 0.06689322916666667 0.6777259259259258 0.06359583333333334 0.676050925925926 0.06124010416666667 0.6770972222222222 0.056647395833333336 0.6827509259259259 0.05087656250000001 0.6861 0.04922760416666667 0.6875657407407407 0.048403125 0.6902879629629629 0.047814583333333334 0.6942657407407408 0.048285416666666664 0.696987962962963 0.050169791666666665 0.7003370370370371 0.05193645833333334 0.7015935185185185
2 0.04463385416666667 0.6889731481481481 0.044071874999999996 0.6829805555555556 0.0412625 0.6812324074074074 0.030023437500000003 0.6859768518518519 0.029040104166666667 0.6907212962962963 0.030164062499999998 0.6957157407407408 0.036485937499999996 0.6939675925925926
2 0.12503541666666668 0.8254212962962963 0.12049583333333333 0.8245703703703703 0.10911666666666667 0.8350592592592593 0.10911666666666667 0.8400527777777778 0.11248802083333334 0.8435490740740741 0.12232239583333333 0.8343092592592593 0.12611510416666666 0.831062962962963
0 0.6729166666666667 0.7916666666666666 0.6713541666666667 0.8111111111111111 0.678125 0.8277777777777777 0.6921875 0.8240740740740741 0.6979166666666666 0.8398148148148148 0.7114583333333333 0.8629629629629629 0.7302083333333333 0.8740740740740741 0.7416666666666667 0.8722222222222222 0.7598958333333333 0.8583333333333333 0.7697916666666667 0.8416666666666667 0.7744791666666667 0.8166666666666667 0.7776041666666667 0.812037037037037 0.7963541666666667 0.812962962962963 0.7994791666666666 0.8037037037037037 0.7989583333333333 0.7907407407407407 0.7942708333333334 0.7787037037037037 0.7869791666666667 0.7722222222222223 0.7734375 0.7675925925925926 0.7661458333333333 0.7509259259259259 0.7552083333333334 0.7342592592592593 0.7494791666666667 0.7287037037037037 0.7296875 0.725 0.7197916666666667 0.7185185185185186 0.7078125 0.7194444444444444 0.69375 0.7296296296296296 0.6859375 0.7444444444444445 0.6822916666666666 0.7574074074074074 0.6817708333333333 0.775 0.675 0.7833333333333333
0 0.6057291666666667 0.6564814814814814 0.6046875 0.6712962962962963 0.6057291666666667 0.6787037037037037 0.6083333333333333 0.6824074074074075 0.6239583333333333 0.6842592592592592 0.6328125 0.712037037037037 0.6432291666666666 0.7296296296296296 0.6505208333333333 0.7361111111111112 0.6682291666666667 0.7416666666666667 0.6802083333333333 0.7379629629629629 0.6947916666666667 0.725 0.6973958333333333 0.7148148148148148 0.7036458333333333 0.7064814814814815 0.7072916666666667 0.6888888888888889 0.7114583333333333 0.6796296296296296 0.7114583333333333 0.6685185185185185 0.7088541666666667 0.6611111111111111 0.7109375 0.6546296296296297 0.7026041666666667 0.6231481481481481 0.6958333333333333 0.6083333333333333 0.6786458333333333 0.5935185185185186 0.6604166666666667 0.5925925925925926 0.6473958333333333 0.6 0.64375 0.5981481481481481 0.634375 0.6092592592592593 0.6359375 0.6111111111111112 0.6348958333333333 0.6138888888888889 0.6317708333333333 0.6157407407407407 0.6276041666666666 0.6296296296296297 0.6270833333333333 0.6407407407407407 0.61875 0.6425925925925926 0.6177083333333333 0.6462962962962963 0.6161458333333333 0.6435185185185185 0.6151041666666667 0.6462962962962963 0.6098958333333333 0.6462962962962963
0 0.5328125 0.799074074074074 0.5328125 0.8157407407407408 0.5359375 0.8268518518518518 0.5484375 0.8240740740740741 0.5552083333333333 0.8287037037037037 0.559375 0.8444444444444444 0.56875 0.862037037037037 0.5885416666666666 0.8787037037037037 0.603125 0.8768518518518519 0.6203125 0.8629629629629629 0.63125 0.8444444444444444 0.6369791666666667 0.8175925925925925 0.65625 0.8166666666666667 0.6604166666666667 0.8064814814814815 0.6588541666666666 0.7898148148148149 0.6541666666666667 0.7787037037037037 0.64375 0.7731481481481481 0.6380208333333334 0.774074074074074 0.6317708333333333 0.7675925925925926 0.6286458333333333 0.7564814814814815 0.6151041666666667 0.737037037037037 0.5895833333333333 0.7222222222222222 0.5729166666666666 0.7240740740740741 0.5614583333333333 0.7444444444444445 0.5541666666666667 0.7805555555555556 0.540625 0.7842592592592592
0 0.4630208333333333 0.6537037037037037 0.4625 0.6694444444444444 0.4666666666666667 0.6805555555555556 0.48489583333333336 0.6805555555555556 0.49166666666666664 0.7064814814814815 0.5020833333333333 0.7240740740740741 0.5114583333333333 0.7333333333333333 0.525 0.7379629629629629 0.5385416666666667 0.7351851851851852 0.5489583333333333 0.7277777777777777 0.565625 0.6962962962962963 0.56875 0.6814814814814815 0.5796875 0.6759259259259259 0.5880208333333333 0.6777777777777778 0.5921875 0.6620370370370371 0.5901041666666667 0.65 0.5864583333333333 0.6435185185185185 0.5671875 0.6361111111111111 0.5619791666666667 0.6175925925925926 0.5510416666666667 0.5981481481481481 0.5322916666666667 0.5861111111111111 0.515625 0.5888888888888889 0.5020833333333333 0.5990740740740741 0.490625 0.6194444444444445 0.4859375 0.6388888888888888 0.46979166666666666 0.6416666666666667
0 0.38958333333333334 0.8 0.38958333333333334 0.8194444444444444 0.3921875 0.8277777777777777 0.39791666666666664 0.8296296296296296 0.40520833333333334 0.8231481481481482 0.4109375 0.8268518518518518 0.4161458333333333 0.8462962962962963 0.425 0.8629629629629629 0.4317708333333333 0.8722222222222222 0.44635416666666666 0.8814814814814815 0.4609375 0.8796296296296297 0.475 0.8703703703703703 0.49114583333333334 0.8425925925925926 0.49583333333333335 0.8203703703703704 0.5119791666666667 0.8203703703703704 0.5171875 0.812962962962963 0.5171875 0.7953703703703704 0.5135416666666667 0.7824074074074074 0.50625 0.7759259259259259 0.49635416666666665 0.7759259259259259 0.47708333333333336 0.7361111111111112 0.46041666666666664 0.7194444444444444 0.453125 0.7194444444444444 0.43125 0.7398148148148148 0.41822916666666665 0.7601851851851852 0.4119791666666667 0.7824074074074074 0.39895833333333336 0.7861111111111111
0 0.315625 0.6537037037037037 0.3140625 0.662962962962963 0.3171875 0.6861111111111111 0.33177083333333335 0.687037037037037 0.3385416666666667 0.6953703703703704 0.3411458333333333 0.7092592592592593 0.3463541666666667 0.7212962962962963 0.3645833333333333 0.7407407407407407 0.37864583333333335 0.7453703703703703 0.39010416666666664 0.7435185185185185 0.4046875 0.7342592592592593 0.4171875 0.7138888888888889 0.4234375 0.6898148148148148 0.4315104166666667 0.6851851851851852 0.4421875 0.6888888888888889 0.44583333333333336 0.6648148148148149 0.4427083333333333 0.6518518518518519 0.421875 0.6370370370370371 0.4166666666666667 0.6194444444444445 0.4088541666666667 0.6055555555555555 0.4015625 0.5981481481481481 0.38385416666666666 0.5907407407407408 0.37604166666666666 0.5907407407407408 0.359375 0.6 0.3453125 0.6185185185185185 0.3385416666666667 0.6425925925925926 0.32395833333333335 0.6462962962962963
0 0.24322916666666666 0.8064814814814815 0.240625 0.8212962962962963 0.24427083333333333 0.8342592592592593 0.25677083333333334 0.8296296296296296 0.26510416666666664 0.8342592592592593 0.26875 0.8462962962962963 0.28177083333333336 0.8675925925925926 0.2953125 0.8833333333333333 0.30364583333333334 0.8851851851851852 0.3203125 0.8796296296296297 0.3338541666666667 0.8657407407407407 0.3458333333333333 0.8472222222222222 0.3515625 0.8185185185185185 0.37083333333333335 0.8138888888888889 0.3723958333333333 0.7962962962962963 0.3697916666666667 0.7833333333333333 0.3609375 0.7731481481481481 0.35520833333333335 0.7583333333333333 0.35260416666666666 0.7435185185185185 0.3302083333333333 0.7222222222222222 0.315625 0.725 0.2859375 0.7416666666666667 0.271875 0.762962962962963 0.26614583333333336 0.7842592592592592 0.24791666666666667 0.7981481481481482
0 0.16822916666666668 0.6685185185185185 0.16770833333333332 0.675 0.171875 0.6935185185185185 0.19114583333333332 0.6981481481481482 0.19479166666666667 0.7129629629629629 0.20833333333333334 0.737037037037037 0.22135416666666666 0.75 0.2328125 0.7537037037037037 0.24791666666666667 0.7518518518518519 0.2625 0.7407407407407407 0.2760416666666667 0.7148148148148148 0.2786458333333333 0.700925925925926 0.2875 0.6953703703703704 0.29635416666666664 0.6953703703703704 0.30052083333333335 0.6851851851851852 0.30104166666666665 0.6722222222222223 0.2989583333333333 0.6611111111111111 0.29270833333333335 0.6555555555555556 0.28958333333333336 0.6333333333333333 0.2755208333333333 0.612037037037037 0.26666666666666666 0.6055555555555555 0.23958333333333334 0.6 0.23072916666666668 0.6 0.2140625 0.6083333333333333 0.1984375 0.6324074074074074 0.19427083333333334 0.65 0.1859375 0.6574074074074074 0.171875 0.6620370370370371
0 0.084375 0.8212962962962963 0.084375 0.8342592592592593 0.08697916666666666 0.8416666666666667 0.109375 0.8416666666666667 0.1171875 0.8703703703703703 0.1296875 0.8888888888888888 0.14427083333333332 0.899074074074074 0.16041666666666668 0.9 0.18229166666666666 0.8842592592592593 0.19947916666666668 0.8546296296296296 0.2015625 0.8453703703703703 0.21354166666666666 0.8398148148148148 0.22083333333333333 0.8305555555555556 0.225 0.8148148148148148 0.225 0.7851851851851852 0.22083333333333333 0.7666666666666667 0.20989583333333334 0.7407407407407407 0.20260416666666667 0.7333333333333333 0.18541666666666667 0.7296296296296296 0.16875 0.7379629629629629 0.1484375 0.7407407407407407 0.12916666666666668 0.7555555555555555 0.11927083333333334 0.7685185185185185 0.10885416666666667 0.7962962962962963 0.0921875 0.8046296296296296
0 0.005208333333333333 0.674074074074074 0.0046875 0.6888888888888889 0.008333333333333333 0.6972222222222222 0.03125 0.7037037037037037 0.03697916666666667 0.7231481481481481 0.0484375 0.7425925925925926 0.0640625 0.7574074074074074 0.08489583333333334 0.7592592592592593 0.11302083333333333 0.7407407407407407 0.12291666666666666 0.7222222222222222 0.14791666666666667 0.6916666666666667 0.1546875 0.6787037037037037 0.15520833333333334 0.6648148148148149 0.14791666666666667 0.6314814814814815 0.1359375 0.6092592592592593 0.1203125 0.6018518518518519 0.09739583333333333 0.6037037037037037 0.07604166666666666 0.5990740740740741 0.06041666666666667 0.6055555555555555 0.04635416666666667 0.6175925925925926 0.035416666666666666 0.637962962962963 0.03125 0.6518518518518519 0.0109375 0.6648148148148149
0 0.004166666666666667 0.737037037037037 0 0.7379629629629629 0 0.875 0.033854166666666664 0.8416666666666667 0.04635416666666667 0.8175925925925925 0.049479166666666664 0.8055555555555556 0.04895833333333333 0.7759259259259259 0.03958333333333333 0.7518518518518519 0.03333333333333333 0.7435185185185185 0.020833333333333332 0.7361111111111112