1 0.7228356770833333 0.5860555555555556 0.7291578125 0.5865912037037038 0.7357809895833333 0.5823092592592592 0.73698515625 0.5764217592592592 0.7363830729166666 0.5592953703703704 0.7387916666666666 0.5437740740740741 0.73698515625 0.5373513888888889 0.7330713541666667 0.5330699074074075 0.7279536458333333 0.5314643518518518 0.7240398437500001 0.5336050925925926 0.720728125 0.5368162037037036 0.7186208333333333 0.5512671296296296 0.7144059895833333 0.5587601851851852 0.7135028645833333 0.566787962962963 0.71380390625 0.5753513888888889 0.7162122395833334 0.5790981481481482
1 0.5303880208333334 0.48374120370370377 0.5345492187499999 0.48347685185185185 0.5379671874999999 0.4821560185185186 0.5403450520833334 0.4787212962962963 0.5415338541666667 0.4731736111111111 0.54123671875 0.46921064814814817 0.5390075520833334 0.46234120370370374 0.5397505208333333 0.4486032407407407 0.5394533854166668 0.4451685185185185 0.5379671874999999 0.44199814814814814 0.5352921875 0.4398847222222222 0.53246875 0.43962083333333335 0.5296450520833333 0.44014907407407405 0.52711875 0.4422625 0.5260783854166667 0.4486032407407407 0.5256325520833334 0.4586425925925926 0.52251171875 0.46841805555555555 0.52251171875 0.4734375 0.5235520833333334 0.47713611111111115 0.5259299479166667 0.4805708333333333 0.5283075520833334 0.48294861111111115
2 0 0.6980416666666667 0.005182291666666667 0.6993907407407407 0.015302604166666667 0.724125925925926 0.013278385416666667 0.7358189814814814 0.00239921875 0.7421152777777777 0 0.7272740740740741
2 0.5642033854166667 0.4671824074074074 0.5677661458333334 0.44069907407407405 0.5720671875 0.438900462962963 0.57712734375 0.44474675925925927 0.5740911458333334 0.4739791666666667 0.5685252604166667 0.47577824074074077
2 0.7633393229166666 0.5319944444444444 0.7570143229166667 0.5535814814814816 0.7575203125000001 0.565274074074074 0.76232734375 0.5688722222222222 0.7663755208333334 0.5684222222222222 0.7711825520833333 0.5513328703703704 0.773965625 0.5396398148148148 0.7737125 0.5324439814814814 0.7681463541666667 0.5283962962962963
0 0.88828125 0.49444444444444446 0.8895833333333333 0.49907407407407406 0.8861979166666667 0.524074074074074 0.8869791666666667 0.5370370370370371 0.8890625 0.5467592592592593 0.9026041666666667 0.5773148148148148 0.9119791666666667 0.5879629629629629 0.9171875 0.5962962962962963 0.93671875 0.612037037037037 0.953125 0.6175925925925926 0.96328125 0.625 0.9786458333333333 0.6273148148148148 0.9997395833333333 0.625462962962963 0.9997395833333333 0.4046296296296296 0.9752604166666666 0.3958333333333333 0.9421875 0.3912037037037037 0.9296875 0.39537037037037037 0.9049479166666666 0.4097222222222222 0.8986979166666667 0.4185185185185185 0.8950520833333333 0.43194444444444446 0.8955729166666667 0.44537037037037036 0.9002604166666667 0.4675925925925926 0.9002604166666667 0.4726851851851852 0.8989583333333333 0.4736111111111111 0.8997395833333334 0.47824074074074074 0.8979166666666667 0.4824074074074074 0.88984375 0.48657407407407405
0 0.69609375 0.42592592592592593 0.696875 0.4351851851851852 0.7028645833333333 0.44675925925925924 0.7075520833333333 0.4513888888888889 0.71328125 0.4634259259259259 0.7119791666666667 0.46805555555555556 0.7130208333333333 0.48055555555555557 0.71953125 0.4976851851851852 0.7247395833333333 0.5060185185185185 0.740625 0.513425925925926 0.76171875 0.5277777777777778 0.7755208333333333 0.5342592592592592 0.79609375 0.5236111111111111 0.8075520833333333 0.5208333333333334 0.8161458333333333 0.5060185185185185 0.8216145833333334 0.4912037037037037 0.8268229166666666 0.4708333333333333 0.8315104166666667 0.4601851851851852 0.8427083333333333 0.449537037037037 0.85 0.4351851851851852 0.8513020833333333 0.4287037037037037 0.8515625 0.4199074074074074 0.8494791666666667 0.4009259259259259 0.846875 0.39166666666666666 0.8473958333333333 0.3875 0.84921875 0.38564814814814813 0.85234375 0.3773148148148148 0.8546875 0.35462962962962963 0.8528645833333334 0.34814814814814815 0.8419270833333333 0.3384259259259259 0.8372395833333334 0.337037037037037 0.83046875 0.3384259259259259 0.8182291666666667 0.35509259259259257 0.8005208333333333 0.3439814814814815 0.7760416666666666 0.337037037037037 0.7565104166666666 0.33611111111111114 0.7408854166666666 0.33935185185185185 0.7268229166666667 0.3490740740740741 0.7190104166666667 0.35833333333333334 0.7130208333333333 0.36944444444444446 0.7106770833333333 0.3800925925925926 0.71015625 0.38842592592592595 0.7111979166666667 0.3972222222222222 0.7145833333333333 0.4074074074074074 0.7158854166666667 0.4162037037037037 0.71015625 0.42083333333333334 0.6994791666666667 0.4185185185185185 0.6971354166666667 0.4217592592592593
0 0.6013020833333333 0.6532407407407408 0.6013020833333333 0.675 0.609375 0.6972222222222222 0.6127604166666667 0.7037037037037037 0.6265625 0.7236111111111111 0.6307291666666667 0.7273148148148149 0.6359375 0.7300925925925926 0.6440104166666667 0.7310185185185185 0.6546875 0.7550925925925925 0.6697916666666667 0.7791666666666667 0.6752604166666667 0.7828703703703703 0.6854166666666667 0.7949074074074074 0.6895833333333333 0.7953703703703704 0.6934895833333333 0.799074074074074 0.7002604166666667 0.8013888888888889 0.7033854166666667 0.8050925925925926 0.7192708333333333 0.8064814814814815 0.7377604166666667 0.8037037037037037 0.7481770833333333 0.7981481481481482 0.7513020833333334 0.7925925925925926 0.7578125 0.7893518518518519 0.7700520833333333 0.7648148148148148 0.7770833333333333 0.7421296296296296 0.79765625 0.7194444444444444 0.8046875 0.7050925925925926 0.8109375 0.6865740740740741 0.8171875 0.6504629629629629 0.8174479166666667 0.6439814814814815 0.81484375 0.612037037037037 0.82109375 0.6046296296296296 0.8260416666666667 0.5925925925925926 0.8317708333333333 0.562962962962963 0.83203125 0.5537037037037037 0.83125 0.549537037037037 0.8283854166666667 0.5439814814814815 0.8197916666666667 0.5324074074074074 0.8138020833333334 0.5254629629629629 0.8078125 0.5222222222222223 0.7958333333333333 0.524537037037037 0.7763020833333333 0.5347222222222222 0.7729166666666667 0.5342592592592592 0.7619791666666667 0.5291666666666667 0.7502604166666667 0.5203703703703704 0.7356770833333334 0.5125 0.7182291666666667 0.5060185185185185 0.70234375 0.5046296296296297 0.69921875 0.5018518518518519 0.6958333333333333 0.49444444444444446 0.6940104166666666 0.49675925925925923 0.69453125 0.5013888888888889 0.6911458333333333 0.5055555555555555 0.6682291666666667 0.5115740740740741 0.6580729166666667 0.5203703703703704 0.6442708333333333 0.537962962962963 0.6395833333333333 0.5462962962962963 0.6361979166666667 0.5569444444444445 0.6328125 0.575462962962963 0.6317708333333333 0.5962962962962963 0.6291666666666667 0.6106481481481482 0.6078125 0.6287037037037037 0.6026041666666667 0.6402777777777777
0 0.4265625 0.5356481481481481 0.4270833333333333 0.5574074074074075 0.4315104166666667 0.575925925925926 0.4317708333333333 0.5814814814814815 0.43463541666666666 0.5875 0.4390625 0.5939814814814814 0.44765625 0.6018518518518519 0.45598958333333334 0.6060185185185185 0.45989583333333334 0.6050925925925926 0.46822916666666664 0.5976851851851852 0.4713541666666667 0.5921296296296297 0.475 0.5953703703703703 0.47682291666666665 0.6125 0.48125 0.6300925925925925 0.49166666666666664 0.6578703703703703 0.51171875 0.674074074074074 0.5322916666666667 0.6791666666666667 0.55 0.674074074074074 0.5635416666666667 0.6662037037037037 0.5697916666666667 0.6583333333333333 0.5708333333333333 0.6546296296296297 0.5815104166666667 0.6412037037037037 0.5848958333333333 0.6296296296296297 0.5893229166666667 0.6064814814814815 0.58984375 0.5921296296296297 0.603125 0.5550925925925926 0.6049479166666667 0.5462962962962963 0.6052083333333333 0.5356481481481481 0.6065104166666667 0.5310185185185186 0.60859375 0.5282407407407408 0.6127604166666667 0.5282407407407408 0.6169270833333333 0.524537037037037 0.6205729166666667 0.5199074074074074 0.6231770833333333 0.5152777777777777 0.6236979166666666 0.5120370370370371 0.6265625 0.5092592592592593 0.628125 0.5050925925925925 0.6315104166666666 0.48935185185185187 0.63046875 0.48333333333333334 0.63203125 0.4666666666666667 0.6302083333333334 0.45787037037037037 0.6205729166666667 0.44212962962962965 0.6166666666666667 0.44027777777777777 0.6059895833333333 0.4412037037037037 0.59453125 0.4462962962962963 0.590625 0.44907407407407407 0.58828125 0.4546296296296296 0.5815104166666667 0.4476851851851852 0.5763020833333333 0.4449074074074074 0.5739583333333333 0.44074074074074077 0.5651041666666666 0.43333333333333335 0.5505208333333333 0.4273148148148148 0.5401041666666667 0.425 0.5286458333333334 0.425 0.50859375 0.42962962962962964 0.48541666666666666 0.44537037037037036 0.4739583333333333 0.4597222222222222 0.4666666666666667 0.4736111111111111 0.46328125 0.4828703703703704 0.46015625 0.4976851851851852 0.46041666666666664 0.5050925925925925 0.45729166666666665 0.5087962962962963 0.45651041666666664 0.5120370370370371 0.44921875 0.5083333333333333 0.44895833333333335 0.5125 0.4421875 0.5189814814814815 0.43645833333333334 0.5180555555555556 0.4322916666666667 0.5203703703703704 0.42864583333333334 0.5259259259259259
0 0.29765625 0.8319444444444445 0.2986979166666667 0.8666666666666667 0.30052083333333335 0.8787037037037037 0.30416666666666664 0.888425925925926 0.3140625 0.9013888888888889 0.32526041666666666 0.9050925925925926 0.33567708333333335 0.9050925925925926 0.3380208333333333 0.9041666666666667 0.3419270833333333 0.8986111111111111 0.35208333333333336 0.8962962962962963 0.35911458333333335 0.8902777777777777 0.36223958333333334 0.8916666666666667 0.3763020833333333 0.9152777777777777 0.39166666666666666 0.9347222222222222 0.40182291666666664 0.9564814814814815 0.4078125 0.9643518518518519 0.42083333333333334 0.9773148148148149 0.4322916666666667 0.9837962962962963 0.44921875 0.9861111111111112 0.46510416666666665 0.9819444444444444 0.48385416666666664 0.9699074074074074 0.49895833333333334 0.950925925925926 0.5020833333333333 0.9416666666666667 0.50546875 0.9384259259259259 0.5083333333333333 0.9259259259259259 0.5119791666666667 0.9194444444444444 0.5161458333333333 0.9078703703703703 0.5161458333333333 0.9041666666666667 0.5192708333333333 0.8976851851851851 0.52265625 0.8763888888888889 0.5283854166666667 0.8592592592592593 0.5359375 0.8300925925925926 0.5403645833333334 0.8060185185185185 0.540625 0.7861111111111111 0.5419270833333333 0.7805555555555556 0.54609375 0.7791666666666667 0.5520833333333334 0.774074074074074 0.5578125 0.7726851851851851 0.5640625 0.7638888888888888 0.5708333333333333 0.7509259259259259 0.575 0.7379629629629629 0.5752604166666667 0.7310185185185185 0.5765625 0.7273148148148149 0.5765625 0.7101851851851851 0.5747395833333333 0.7064814814814815 0.5744791666666667 0.7018518518518518 0.5723958333333333 0.6990740740740741 0.5721354166666667 0.6958333333333333 0.5731770833333333 0.6925925925925925 0.5713541666666667 0.6875 0.5640625 0.6712962962962963 0.5609375 0.6694444444444444 0.553125 0.675 0.5528645833333333 0.6777777777777778 0.55078125 0.6810185185185185 0.55 0.6787037037037037 0.5424479166666667 0.6833333333333333 0.53984375 0.6819444444444445 0.5390625 0.6856481481481481 0.5364583333333334 0.687037037037037 0.5354166666666667 0.6916666666666667 0.53828125 0.6962962962962963 0.5341145833333333 0.700925925925926 0.5302083333333333 0.6990740740740741 0.5252604166666667 0.700925925925926 0.5221354166666666 0.6981481481481482 0.51875 0.6893518518518519 0.5151041666666667 0.6842592592592592 0.5114583333333333 0.6759259259259259 0.4908854166666667 0.6597222222222222 0.47760416666666666 0.6537037037037037 0.45026041666666666 0.6476851851851851 0.44557291666666665 0.6481481481481481 0.4427083333333333 0.6513888888888889 0.43515625 0.6518518518518519 0.409375 0.6685185185185185 0.37734375 0.6990740740740741 0.36953125 0.7134259259259259 0.3640625 0.7277777777777777 0.3625 0.7375 0.3528645833333333 0.7726851851851851 0.3515625 0.7819444444444444 0.35182291666666665 0.7944444444444444 0.3497395833333333 0.8009259259259259 0.3390625 0.8060185185185185 0.3359375 0.8092592592592592 0.3307291666666667 0.8055555555555556 0.30885416666666665 0.8101851851851852 0.30390625 0.8143518518518519 0.2989583333333333 0.8212962962962963 0.29791666666666666 0.8245370370370371
0 0.14765625 0.7050925925925926 0.14739583333333334 0.7273148148148149 0.15078125 0.7402777777777778 0.15338541666666666 0.7449074074074075 0.16145833333333334 0.7527777777777778 0.17916666666666667 0.7592592592592593 0.18932291666666667 0.7592592592592593 0.19453125 0.7527777777777778 0.20052083333333334 0.7481481481481481 0.19973958333333333 0.7412037037037037 0.203125 0.7379629629629629 0.20807291666666666 0.7472222222222222 0.21588541666666666 0.7532407407407408 0.2203125 0.7592592592592593 0.23098958333333333 0.7662037037037037 0.24817708333333333 0.7731481481481481 0.24921875 0.7773148148148148 0.2484375 0.7791666666666667 0.24921875 0.7819444444444444 0.2484375 0.7916666666666666 0.24895833333333334 0.8 0.25026041666666665 0.8037037037037037 0.2557291666666667 0.8101851851851852 0.26901041666666664 0.8199074074074074 0.27578125 0.8222222222222222 0.2830729166666667 0.8236111111111111 0.29609375 0.8212962962962963 0.30885416666666665 0.8087962962962963 0.3223958333333333 0.8050925925925926 0.33359375 0.7953703703703704 0.33958333333333335 0.7870370370370371 0.34453125 0.7768518518518519 0.35052083333333334 0.7694444444444445 0.35208333333333336 0.7652777777777777 0.35208333333333336 0.7620370370370371 0.35651041666666666 0.7523148148148148 0.3611979166666667 0.7375 0.36484375 0.7175925925925926 0.36432291666666666 0.6856481481481481 0.3606770833333333 0.6662037037037037 0.36223958333333334 0.6546296296296297 0.36614583333333334 0.6444444444444445 0.37552083333333336 0.6439814814814815 0.38723958333333336 0.638425925925926 0.39114583333333336 0.6333333333333333 0.39739583333333334 0.6185185185185185 0.4010416666666667 0.6055555555555555 0.40286458333333336 0.5953703703703703 0.40182291666666664 0.5824074074074074 0.3963541666666667 0.5611111111111111 0.39375 0.5564814814814815 0.39166666666666666 0.5560185185185185 0.38697916666666665 0.5569444444444445 0.36953125 0.5810185185185185 0.36302083333333335 0.5847222222222223 0.35885416666666664 0.5828703703703704 0.34869791666666666 0.5643518518518519 0.33515625 0.5546296296296296 0.32760416666666664 0.5518518518518518 0.31145833333333334 0.549074074074074 0.30026041666666664 0.549537037037037 0.27109375 0.5587962962962963 0.25494791666666666 0.5699074074074074 0.22942708333333334 0.5944444444444444 0.22265625 0.6074074074074074 0.20598958333333334 0.6486111111111111 0.20234375 0.6643518518518519 0.20182291666666666 0.6773148148148148 0.19973958333333333 0.6837962962962963 0.1953125 0.687037037037037 0.19244791666666666 0.6865740740740741 0.18958333333333333 0.6828703703703703 0.18567708333333333 0.6828703703703703 0.17864583333333334 0.6861111111111111 0.17213541666666668 0.6814814814814815 0.16145833333333334 0.6819444444444445 0.15598958333333332 0.6856481481481481 0.15078125 0.6916666666666667
0 0.019010416666666665 0.925 0.0020833333333333333 0.9657407407407408 0 0.9666666666666667 0 0.999537037037037 0.2203125 0.999537037037037 0.22057291666666667 0.9976851851851852 0.24296875 0.9856481481481482 0.24947916666666667 0.9763888888888889 0.253125 0.9662037037037037 0.25703125 0.9592592592592593 0.26197916666666665 0.9393518518518519 0.26484375 0.9212962962962963 0.26614583333333336 0.9046296296296297 0.265625 0.8791666666666667 0.2625 0.8680555555555556 0.25859375 0.8606481481481482 0.25494791666666666 0.8583333333333333 0.25104166666666666 0.8583333333333333 0.24635416666666668 0.8625 0.23802083333333332 0.874537037037037 0.23046875 0.8805555555555555 0.22604166666666667 0.887962962962963 0.21302083333333333 0.8939814814814815 0.21145833333333333 0.8902777777777777 0.21145833333333333 0.8865740740740741 0.20651041666666667 0.8629629629629629 0.20416666666666666 0.8564814814814815 0.19661458333333334 0.8416666666666667 0.18567708333333333 0.8282407407407407 0.17213541666666668 0.8212962962962963 0.15651041666666668 0.8189814814814815 0.15104166666666666 0.8157407407407408 0.1375 0.8166666666666667 0.12317708333333334 0.8208333333333333 0.1140625 0.8305555555555556 0.10182291666666667 0.8384259259259259 0.08203125 0.8555555555555555 0.06666666666666667 0.8699074074074075 0.04609375 0.8939814814814815 0.03463541666666667 0.9046296296296297 0.030989583333333334 0.9115740740740741 0.026302083333333334 0.9148148148148149
0 0.0049479166666666664 0.6527777777777778 0 0.6546296296296297 0 0.9583333333333334 0.0015625 0.9583333333333334 0.008072916666666667 0.9495370370370371 0.015885416666666666 0.9273148148148148 0.030729166666666665 0.9037037037037037 0.03828125 0.8972222222222223 0.04348958333333333 0.8898148148148148 0.05 0.8865740740740741 0.06458333333333334 0.8689814814814815 0.08125 0.8550925925925926 0.096875 0.8379629629629629 0.09869791666666666 0.8175925925925925 0.09583333333333334 0.787962962962963 0.09895833333333333 0.7865740740740741 0.10963541666666667 0.7657407407407407 0.1109375 0.7578703703703704 0.11822916666666666 0.7342592592592593 0.12161458333333333 0.7101851851851851 0.12135416666666667 0.6995370370370371 0.11979166666666667 0.6921296296296297 0.10572916666666667 0.6722222222222223 0.0984375 0.6726851851851852 0.08854166666666667 0.6787037037037037 0.06744791666666666 0.6865740740740741 0.06510416666666667 0.6777777777777778 0.06015625 0.6680555555555555 0.054947916666666666 0.6606481481481481 0.046875 0.6537037037037037 0.029427083333333333 0.649074074074074