1 0.041034375 0.3944574074074074 0.04441875 0.39295324074074073 0.04632239583333333 0.38881712962962967 0.0484375 0.382800462962963 0.04886067708333333 0.37716018518518524 0.048226041666666664 0.37264768518518515 0.046957031249999996 0.3692634259259259 0.04399583333333333 0.36663101851851854 0.041457552083333335 0.36512685185185184 0.0387078125 0.3647509259259259 0.03616953125 0.36587916666666664 0.028977864583333336 0.3609907407407407 0.02538203125 0.3602384259259259 0.02178645833333333 0.36287083333333336 0.019459635416666666 0.3662550925925926 0.01903671875 0.3711435185185185 0.018824999999999998 0.3760319444444445 0.019459635416666666 0.3801685185185185 0.02178645833333333 0.3831763888888889 0.03045859375 0.38731296296296297
1 0.48162578125 0.3967185185185185 0.48485234375 0.3967185185185185 0.48764296875 0.3937731481481481 0.4905205729166667 0.3874166666666667 0.49086953125000005 0.3824560185185185 0.4909567708333333 0.37765000000000004 0.4891255208333333 0.37392916666666665 0.48886380208333335 0.36772824074074073 0.48799166666666666 0.3636972222222222 0.48616041666666665 0.3607518518518519 0.4840677083333333 0.3590467592592593 0.48206197916666665 0.35858148148148145 0.47970729166666665 0.3595115740740741 0.47761458333333334 0.36214722222222223 0.47613203125 0.36540277777777774 0.47543437499999996 0.3705185185185185 0.4749984375 0.37423935185185186 0.47369036458333336 0.376099537037037 0.4731671875 0.37982037037037036 0.4731671875 0.38431620370370373 0.47386484375000004 0.388037037037037 0.4753471354166667 0.3912925925925926 0.47735286458333337 0.39423796296296293 0.47953307291666664 0.3967185185185185
1 0.6039726562500001 0.638563425925926 0.60876875 0.6370129629629631 0.6113848958333333 0.6337574074074074 0.6124315104166667 0.6287967592592593 0.6128674479166667 0.6243009259259259 0.6137393229166667 0.6215101851851852 0.61365234375 0.6179444444444444 0.6131289062499999 0.6140689814814815 0.61182109375 0.610037962962963 0.6107744791666666 0.6074027777777777 0.6093791666666667 0.6035268518518518 0.6077223958333333 0.600736574074074 0.6058039062499999 0.5998060185185184 0.6019669270833333 0.6002712962962963 0.5988276041666667 0.6021314814814815 0.5967346354166666 0.6072476851851851 0.5948161458333333 0.6125185185185185 0.59429296875 0.6174796296296297 0.5942057291666667 0.6225953703703704 0.5949033854166667 0.6270912037037037 0.5962114583333334 0.6314319444444445 0.5979554687499999 0.6357726851851851 0.6010947916666667 0.6379435185185186
2 0.06731901041666667 0.3804638888888889 0.07961927083333334 0.3902833333333333 0.08355052083333334 0.3899796296296296 0.08645625 0.3842069444444444 0.08508880208333333 0.37782685185185183 0.07568828124999999 0.3711425925925926 0.07073151041666666 0.3684083333333333 0.06680026041666666 0.3696236111111111 0.06611666666666667 0.3757
2 0.5178596354166667 0.3841412037037037 0.5213578125 0.37125462962962963 0.5256309895833333 0.36943148148148147 0.5285364583333333 0.3730773148148148 0.5293911458333334 0.3809768518518518 0.5263145833333334 0.39039490740740745 0.5240927083333333 0.39191435185185186 0.5196486979166667 0.39161064814814817
2 0.64234140625 0.6144675925925925 0.6473268229166667 0.6146152777777778 0.6526255208333333 0.6137037037037036 0.6557020833333334 0.618261111111111 0.6551893229166666 0.6246412037037037 0.6526255208333333 0.6295023148148148 0.6476687499999999 0.6325407407407407 0.6428830729166666 0.6334518518518519 0.6403192708333333 0.6267680555555556 0.6404901041666666 0.6194763888888889
0 0.6765625 0.3875 0.6760416666666667 0.4009259259259259 0.6786458333333333 0.40694444444444444 0.6778645833333333 0.4199074074074074 0.6783854166666666 0.425 0.68046875 0.4305555555555556 0.6825520833333333 0.4337962962962963 0.6861979166666666 0.43425925925925923 0.7057291666666666 0.44814814814814813 0.7078125 0.45555555555555555 0.7075520833333333 0.4601851851851852 0.71015625 0.46574074074074073 0.71015625 0.4699074074074074 0.7130208333333333 0.4708333333333333 0.7197916666666667 0.4842592592592593 0.71953125 0.4875 0.7276041666666667 0.49722222222222223 0.73203125 0.5055555555555555 0.7453125 0.5115740740740741 0.7479166666666667 0.5162037037037037 0.7510416666666667 0.5148148148148148 0.765625 0.5157407407407407 0.7799479166666666 0.5199074074074074 0.79296875 0.5208333333333334 0.8033854166666666 0.5194444444444445 0.8138020833333334 0.5152777777777777 0.8317708333333333 0.5018518518518519 0.8395833333333333 0.49166666666666664 0.8533854166666667 0.4638888888888889 0.8583333333333333 0.44907407407407407 0.8606770833333334 0.4263888888888889 0.8627604166666667 0.4217592592592593 0.8661458333333333 0.41944444444444445 0.88359375 0.4148148148148148 0.89375 0.40694444444444444 0.9010416666666666 0.3972222222222222 0.9028645833333333 0.38333333333333336 0.8997395833333334 0.3574074074074074 0.8979166666666667 0.35185185185185186 0.8947916666666667 0.3490740740740741 0.8888020833333333 0.3472222222222222 0.8825520833333333 0.3476851851851852 0.8731770833333333 0.3490740740740741 0.8614583333333333 0.35462962962962963 0.8580729166666666 0.3527777777777778 0.8541666666666666 0.3402777777777778 0.8432291666666667 0.32083333333333336 0.8265625 0.29814814814814816 0.8174479166666667 0.2902777777777778 0.8127604166666667 0.28379629629629627 0.80078125 0.27546296296296297 0.7885416666666667 0.27314814814814814 0.7763020833333333 0.27314814814814814 0.7635416666666667 0.2759259259259259 0.7510416666666667 0.28194444444444444 0.7401041666666667 0.29212962962962963 0.7325520833333333 0.30324074074074076 0.7231770833333333 0.3194444444444444 0.71640625 0.3384259259259259 0.7125 0.35555555555555557 0.7098958333333333 0.375 0.7026041666666667 0.37824074074074077 0.6854166666666667 0.37546296296296294 0.6791666666666667 0.38055555555555554
0 0.815625 0.6171296296296296 0.8140625 0.6347222222222222 0.8158854166666667 0.6402777777777777 0.8151041666666666 0.6550925925925926 0.81640625 0.6601851851851852 0.8252604166666667 0.6666666666666666 0.828125 0.6722222222222223 0.82734375 0.675 0.8302083333333333 0.6736111111111112 0.8330729166666667 0.6787037037037037 0.8333333333333334 0.6824074074074075 0.83671875 0.6902777777777778 0.83828125 0.6916666666666667 0.8385416666666666 0.6958333333333333 0.8447916666666667 0.7064814814814815 0.8455729166666667 0.7106481481481481 0.8520833333333333 0.7175925925925926 0.8546875 0.7231481481481481 0.86640625 0.7375 0.88203125 0.7462962962962963 0.8979166666666667 0.7652777777777777 0.9067708333333333 0.7731481481481481 0.9216145833333333 0.7828703703703703 0.9341145833333333 0.7875 0.9390625 0.7930555555555555 0.9424479166666667 0.7930555555555555 0.9455729166666667 0.7907407407407407 0.9572916666666667 0.7893518518518519 0.9713541666666666 0.7837962962962963 0.99296875 0.7685185185185185 0.9997395833333333 0.7606481481481482 0.9997395833333333 0.5708333333333333 0.9973958333333334 0.5694444444444444 0.9864583333333333 0.549537037037037 0.9627604166666667 0.5226851851851851 0.94609375 0.513425925925926 0.92734375 0.5083333333333333 0.91015625 0.5097222222222222 0.8979166666666667 0.5152777777777777 0.88515625 0.524537037037037 0.8755208333333333 0.5361111111111111 0.8627604166666667 0.5569444444444445 0.8588541666666667 0.5569444444444445 0.85234375 0.5643518518518519 0.8497395833333333 0.5712962962962963 0.84453125 0.575 0.8424479166666666 0.5819444444444445 0.83984375 0.5828703703703704 0.8385416666666666 0.5888888888888889 0.8315104166666667 0.5921296296296297 0.8276041666666667 0.5907407407407408 0.8231770833333333 0.5935185185185186 0.8203125 0.5995370370370371
0 0.49192708333333335 0.6106481481481482 0.49166666666666664 0.6324074074074074 0.4934895833333333 0.6421296296296296 0.49661458333333336 0.6481481481481481 0.5080729166666667 0.6532407407407408 0.52734375 0.6513888888888889 0.5299479166666666 0.6546296296296297 0.534375 0.6800925925925926 0.5393229166666667 0.6967592592592593 0.5463541666666667 0.7148148148148148 0.5528645833333333 0.725462962962963 0.56328125 0.7402777777777778 0.57578125 0.7513888888888889 0.59765625 0.7601851851851852 0.6098958333333333 0.7601851851851852 0.6234375 0.7569444444444444 0.6458333333333334 0.7398148148148148 0.66015625 0.7166666666666667 0.6671875 0.6990740740740741 0.6734375 0.6787037037037037 0.6752604166666667 0.6680555555555555 0.6752604166666667 0.6606481481481481 0.6776041666666667 0.6592592592592592 0.7036458333333333 0.6606481481481481 0.7098958333333333 0.6578703703703703 0.7138020833333333 0.6504629629629629 0.7153645833333333 0.6365740740740741 0.7140625 0.6092592592592593 0.7098958333333333 0.6 0.7018229166666666 0.5962962962962963 0.6766145833333332 0.5949074074074074 0.67421875 0.5930555555555556 0.6700520833333333 0.5722222222222222 0.665625 0.5583333333333333 0.6559895833333333 0.5370370370370371 0.64609375 0.5208333333333334 0.6346354166666667 0.5087962962962963 0.6244791666666667 0.5009259259259259 0.60703125 0.49398148148148147 0.5940104166666667 0.4935185185185185 0.5848958333333333 0.49583333333333335 0.5765625 0.5 0.5630208333333333 0.5106481481481482 0.5515625 0.5254629629629629 0.5419270833333333 0.5430555555555555 0.53515625 0.5625 0.5307291666666667 0.5851851851851851 0.5192708333333333 0.586574074074074 0.5067708333333333 0.5856481481481481 0.49895833333333334 0.5875 0.4942708333333333 0.5944444444444444 0.49244791666666665 0.6023148148148149
0 0.38307291666666665 0.37824074074074077 0.3828125 0.4074074074074074 0.38515625 0.4152777777777778 0.3888020833333333 0.41944444444444445 0.39140625 0.425462962962963 0.39921875 0.43194444444444446 0.41901041666666666 0.43472222222222223 0.42161458333333335 0.4425925925925926 0.42265625 0.45 0.42864583333333334 0.46574074074074073 0.4390625 0.48564814814814816 0.44505208333333335 0.49444444444444446 0.4518229166666667 0.5023148148148148 0.4588541666666667 0.5078703703703704 0.47578125 0.5166666666666667 0.49765625 0.5152777777777777 0.515625 0.5060185185185185 0.52734375 0.49212962962962964 0.5315104166666667 0.4828703703703704 0.5427083333333333 0.4638888888888889 0.54765625 0.4486111111111111 0.54921875 0.44027777777777777 0.5513020833333333 0.4361111111111111 0.55625 0.43287037037037035 0.56328125 0.4351851851851852 0.5708333333333333 0.43472222222222223 0.5770833333333333 0.43194444444444446 0.5846354166666666 0.42453703703703705 0.58828125 0.412962962962963 0.5893229166666667 0.39814814814814814 0.58828125 0.3773148148148148 0.5856770833333333 0.3662037037037037 0.5752604166666667 0.3611111111111111 0.56640625 0.3611111111111111 0.5604166666666667 0.36342592592592593 0.5513020833333333 0.36018518518518516 0.55 0.35648148148148145 0.5489583333333333 0.3453703703703704 0.5447916666666667 0.3296296296296296 0.5330729166666667 0.3050925925925926 0.5223958333333333 0.2916666666666667 0.5125 0.2828703703703704 0.5052083333333334 0.27824074074074073 0.49140625 0.2740740740740741 0.48072916666666665 0.2740740740740741 0.4700520833333333 0.2773148148148148 0.45208333333333334 0.2898148148148148 0.4393229166666667 0.3060185185185185 0.4283854166666667 0.32731481481481484 0.42265625 0.3453703703703704 0.4197916666666667 0.3597222222222222 0.41848958333333336 0.3611111111111111 0.4078125 0.36064814814814816 0.4044270833333333 0.362962962962963 0.3888020833333333 0.3648148148148148 0.3846354166666667 0.3699074074074074
0 0.2604166666666667 0.6046296296296296 0.26015625 0.6199074074074075 0.26145833333333335 0.6259259259259259 0.26536458333333335 0.6319444444444444 0.2755208333333333 0.638425925925926 0.28810755208333333 0.6356481481481482 0.2950520833333333 0.6407407407407407 0.29713541666666665 0.6439814814814815 0.303125 0.6754629629629629 0.30703125 0.687037037037037 0.31666666666666665 0.7092592592592593 0.3221354166666667 0.7175925925925926 0.340625 0.7351851851851852 0.35520833333333335 0.7407407407407407 0.35963541666666665 0.7407407407407407 0.371875 0.7388888888888889 0.3846354166666667 0.7333333333333333 0.39453125 0.7245370370370371 0.4049479166666667 0.712037037037037 0.4153645833333333 0.6953703703703704 0.42630208333333336 0.6717592592592593 0.4270833333333333 0.6643518518518519 0.42994791666666665 0.6611111111111111 0.43072916666666666 0.6560185185185186 0.43020833333333336 0.6509259259259259 0.43203125 0.6472222222222223 0.4557291666666667 0.6435185185185185 0.46171875 0.6398148148148148 0.4635416666666667 0.6365740740740741 0.46536458333333336 0.6277777777777778 0.4661458333333333 0.5986111111111111 0.4640625 0.5888888888888889 0.46067708333333335 0.5833333333333334 0.45651041666666664 0.5805555555555556 0.4434895833333333 0.5833333333333334 0.4315104166666667 0.5796296296296296 0.42916666666666664 0.5634259259259259 0.421875 0.5402777777777777 0.41171875 0.5185185185185185 0.4010416666666667 0.5041666666666667 0.38307291666666665 0.49166666666666664 0.37473958333333335 0.4888888888888889 0.36432291666666666 0.48842592592592593 0.34661458333333334 0.49398148148148147 0.3268229166666667 0.5120370370370371 0.3203125 0.5217592592592593 0.3104166666666667 0.5412037037037037 0.29973958333333334 0.575 0.29401041666666666 0.5768518518518518 0.27447916666666666 0.575925925925926 0.26848958333333334 0.5782407407407407 0.2630208333333333 0.5851851851851851
0 0.175 0.3902777777777778 0.17317708333333334 0.4111111111111111 0.171875 0.4162037037037037 0.17213541666666668 0.4287037037037037 0.175 0.4356481481481482 0.17864583333333334 0.4398148148148148 0.19010416666666666 0.44583333333333336 0.20651041666666667 0.4476851851851852 0.2125 0.46805555555555556 0.22604166666666667 0.49583333333333335 0.24270833333333333 0.5125 0.26145833333333335 0.5185185185185185 0.2752604166666667 0.5171296296296296 0.28567708333333336 0.513425925925926 0.30494791666666665 0.5101851851851852 0.3184895833333333 0.5018518518518519 0.32447916666666665 0.4930555555555556 0.328125 0.4925925925925926 0.3328125 0.487962962962963 0.33307291666666666 0.48564814814814816 0.33489583333333334 0.4842592592592593 0.334375 0.48055555555555557 0.33645833333333336 0.4773148148148148 0.3346354166666667 0.475462962962963 0.334375 0.47314814814814815 0.33932291666666664 0.4601851851851852 0.34088541666666666 0.4513888888888889 0.3424479166666667 0.4476851851851852 0.3453125 0.4462962962962963 0.34296875 0.44351851851851853 0.34348958333333335 0.4356481481481482 0.35078125 0.42824074074074076 0.35572916666666665 0.425462962962963 0.35989583333333336 0.41898148148148145 0.36276041666666664 0.4111111111111111 0.36432291666666666 0.39444444444444443 0.36328125 0.3731481481481482 0.35963541666666665 0.36574074074074076 0.35260416666666666 0.3625 0.3453125 0.362962962962963 0.33880208333333334 0.36666666666666664 0.3341145833333333 0.36574074074074076 0.33125 0.3611111111111111 0.3263020833333333 0.33935185185185185 0.31197916666666664 0.3111111111111111 0.29921875 0.2986111111111111 0.27708333333333335 0.29212962962962963 0.27369791666666665 0.29259259259259257 0.2682291666666667 0.2972222222222222 0.2591145833333333 0.29907407407407405 0.2518229166666667 0.30277777777777776 0.23020833333333332 0.3194444444444444 0.225 0.3277777777777778 0.21927083333333333 0.3453703703703704 0.21302083333333333 0.3592592592592593 0.20625 0.3837962962962963 0.18046875 0.3851851851851852
0 0.05260416666666667 0.5986111111111111 0.053125 0.6180555555555556 0.05234375 0.6273148148148148 0.05364583333333333 0.6337962962962963 0.06197916666666667 0.6407407407407407 0.06692708333333333 0.6407407407407407 0.07786458333333333 0.6370370370370371 0.08229166666666667 0.6388888888888888 0.084375 0.6504629629629629 0.0890625 0.662962962962963 0.09166666666666666 0.6787037037037037 0.09453125 0.6884259259259259 0.09869791666666666 0.700925925925926 0.10494791666666667 0.7134259259259259 0.11145833333333334 0.7236111111111111 0.1171875 0.7296296296296296 0.12994791666666666 0.7375 0.13697916666666668 0.7388888888888889 0.15078125 0.7384259259259259 0.16536458333333334 0.7314814814814815 0.17604166666666668 0.7226851851851852 0.18463541666666666 0.711574074074074 0.20416666666666666 0.7013888888888888 0.21927083333333333 0.6833333333333333 0.23046875 0.6754629629629629 0.23880208333333333 0.6648148148148149 0.24244791666666668 0.6537037037037037 0.24557291666666667 0.6361111111111111 0.24739583333333334 0.6148148148148148 0.246875 0.5995370370370371 0.24505208333333334 0.5888888888888889 0.23723958333333334 0.5689814814814815 0.23359375 0.5680555555555555 0.23098958333333333 0.5648148148148148 0.22395833333333334 0.5513888888888889 0.21848958333333332 0.5449074074074074 0.20989583333333334 0.5375 0.20807291666666666 0.537962962962963 0.20213541666666668 0.5338888888888889 0.19270833333333334 0.5171296296296296 0.18619791666666666 0.5083333333333333 0.17421875 0.49953703703703706 0.16458333333333333 0.4962962962962963 0.15286458333333333 0.4962962962962963 0.1421875 0.49907407407407406 0.13671875 0.5013888888888889 0.12552083333333333 0.5101851851851852 0.11484375 0.5208333333333334 0.10442708333333334 0.5356481481481481 0.09192708333333334 0.5796296296296296 0.08880208333333334 0.5819444444444445 0.08151041666666667 0.5791666666666667 0.07083333333333333 0.5791666666666667 0.0578125 0.5824074074074074 0.054947916666666666 0.586574074074074
0 0.0046875 0.35462962962962963 0.0018229166666666667 0.3699074074074074 0 0.37037037037037035 0 0.45231481481481484 0.0018229166666666667 0.4527777777777778 0.002864583333333333 0.4587962962962963 0.007552083333333333 0.4703703703703704 0.016666666666666666 0.4875 0.02578125 0.4962962962962963 0.034895833333333334 0.5018518518518519 0.05416666666666667 0.5074074074074074 0.06197916666666667 0.5078703703703704 0.07057291666666667 0.5064814814814815 0.08489583333333334 0.5 0.10390625 0.5037037037037037 0.121875 0.49907407407407406 0.13932291666666666 0.4842592592592593 0.140625 0.48009259259259257 0.14270833333333333 0.47962962962962963 0.14557291666666666 0.4759259259259259 0.14739583333333334 0.4666666666666667 0.14947916666666666 0.46620370370370373 0.15104166666666666 0.4625 0.15364583333333334 0.4615740740740741 0.15598958333333332 0.4412037037037037 0.15989583333333332 0.43194444444444446 0.15833333333333333 0.4287037037037037 0.159375 0.42592592592592593 0.15885416666666666 0.42083333333333334 0.15963541666666667 0.4185185185185185 0.15833333333333333 0.41388888888888886 0.159375 0.4111111111111111 0.15859375 0.4060185185185185 0.15911458333333334 0.3972222222222222 0.15807291666666667 0.3939814814814815 0.15885416666666666 0.38287037037037036 0.15442708333333333 0.3675925925925926 0.14453125 0.3587962962962963 0.13697916666666668 0.3486111111111111 0.12447916666666667 0.33796296296296297 0.10885416666666667 0.3074074074074074 0.09375 0.29212962962962963 0.08203125 0.2847222222222222 0.07135416666666666 0.2814814814814815 0.06171875 0.2824074074074074 0.053125 0.28564814814814815 0.0390625 0.29444444444444445 0.03359375 0.29953703703703705 0.021354166666666667 0.31574074074074077 0.01171875 0.3351851851851852
0 0.002864583333333333 0.5189814814814815 0 0.5189814814814815 0 0.6962962962962963 0.01015625 0.6930555555555555 0.026041666666666668 0.6805555555555556 0.03125 0.6712962962962963 0.04192708333333333 0.6574074074074074 0.04296875 0.6523148148148148 0.05130208333333333 0.6337962962962963 0.053385416666666664 0.6134259259259259 0.05234375 0.6064814814814815 0.05390625 0.5851851851851851 0.05130208333333333 0.5615740740740741 0.046614583333333334 0.5509259259259259 0.040625 0.5416666666666666 0.027083333333333334 0.5287037037037037