1 0.11588541666666667 0.21296296296296297 0.11614583333333334 0.2199074074074074 0.12213541666666666 0.23425925925925925 0.1234375 0.24212962962962964 0.1265625 0.24861111111111112 0.13020833333333334 0.2513888888888889 0.13438776041666667 0.2500384259259259 0.1408203125 0.2416935185185185 0.14255885416666667 0.23149398148148148 0.1408203125 0.2253125 0.13421406249999998 0.21758611111111112 0.12864583333333332 0.2050925925925926 0.12682291666666667 0.20324074074074075 0.12005208333333334 0.20462962962962963
1 0.22461718749999998 0.4592791666666667 0.22526041666666666 0.4666666666666667 0.23020833333333332 0.48148148148148145 0.23072916666666668 0.4912037037037037 0.2328125 0.49537037037037035 0.23619791666666667 0.4981481481481482 0.24010416666666667 0.4981481481481482 0.24505208333333334 0.49537037037037035 0.24817708333333333 0.4912037037037037 0.25052135416666665 0.48215046296296293 0.24982578125000002 0.4741148148148148 0.24739192708333332 0.4691694444444444 0.2442625 0.46453333333333335 0.240625 0.4532407407407407 0.23854166666666668 0.449537037037037 0.2359375 0.44814814814814813 0.23072916666666668 0.44907407407407407 0.22708333333333333 0.4527777777777778
1 0.39586171875 0.23891157407407407 0.39777421875 0.25096574074074074 0.39638333333333337 0.2583833333333333 0.3972526041666667 0.2658009259259259 0.40078125 0.2722222222222222 0.4036458333333333 0.274537037037037 0.40677083333333336 0.274537037037037 0.41098697916666665 0.272600462962963 0.41481171875 0.2673462962962963 0.41724557291666664 0.2571467592592593 0.4156809895833333 0.24911111111111112 0.4123778645833333 0.2454023148148148 0.40963541666666664 0.23148148148148148 0.4080729166666667 0.22916666666666666 0.4041666666666667 0.22777777777777777 0.39817708333333335 0.2310185185185185
1 0.5326835937500001 0.4920407407407407 0.5311190104166666 0.5010037037037036 0.5332052083333333 0.5099671296296296 0.5375 0.5152777777777777 0.5432885416666667 0.517075462962963 0.55093828125 0.5139847222222222 0.5533854166666666 0.5083333333333333 0.5544151041666667 0.501312962962963 0.5521552083333333 0.49111342592592594 0.55234375 0.47638888888888886 0.5510416666666667 0.4708333333333333 0.54765625 0.4666666666666667 0.5450520833333333 0.46574074074074073 0.5403645833333334 0.4666666666666667 0.53828125 0.4689814814814815 0.53671875 0.4736111111111111 0.5356390624999999 0.48709583333333334
1 0.6690104166666667 0.27037037037037037 0.6695054687499999 0.27630925925925925 0.6708963541666667 0.28063657407407405 0.6733302083333333 0.2855814814814815 0.6778645833333333 0.287962962962963 0.6825520833333333 0.287962962962963 0.6856770833333333 0.2851851851851852 0.68915078125 0.2784726851851852 0.6882815104166667 0.26518287037037036 0.6905416666666666 0.25220185185185184 0.6900200520833334 0.2454023148148148 0.6864583333333333 0.2412037037037037 0.6825520833333333 0.23935185185185184 0.67734375 0.24166666666666667 0.67421875 0.25092592592592594 0.6729166666666667 0.26157407407407407
2 0.18658333333333335 0.24899074074074076 0.18352057291666668 0.23806064814814815 0.18204062499999998 0.22227731481481483 0.17730494791666668 0.21964675925925928 0.17227317708333334 0.22490787037037036 0.17316119791666665 0.24963564814814812 0.17700885416666667 0.2570013888888889 0.18322447916666668 0.2554226851851852
2 0.28415390625000003 0.47113194444444445 0.28356197916666664 0.4932287037037037 0.28829765625000003 0.4990162037037037 0.2956971354166667 0.49796388888888893 0.2992489583333333 0.48744166666666666 0.2956971354166667 0.46850138888888887 0.29303333333333337 0.4637662037037037 0.28592994791666665 0.4642921296296296
2 0.44903489583333334 0.24956990740740742 0.4451674479166667 0.27331064814814815 0.44783125 0.2822550925925926 0.45375078125 0.2827810185185185 0.4575986979166667 0.280150462962963 0.4587825520833333 0.2559490740740741 0.45641458333333335 0.2501615740740741 0.4531588541666667 0.24700509259259257
2 0.59556484375 0.5187509259259259 0.6006520833333333 0.49409583333333335 0.6000601562500001 0.48778240740740736 0.59650859375 0.48357361111111113 0.5929567708333334 0.4851518518518519 0.5849651041666667 0.5046185185185186 0.5849651041666667 0.5114578703703704 0.58822109375 0.5156671296296296 0.5917726562500001 0.5193495370370371
2 0.72223203125 0.2617263888888889 0.7146046875 0.2825958333333333 0.7166765625 0.29153981481481483 0.7220041666666667 0.29469675925925926 0.7258520833333333 0.29259212962962966 0.7317716145833334 0.2689166666666667 0.7311796875 0.26365555555555553 0.7285158854166667 0.25944675925925925 0.7255559895833333 0.25892037037037036
0 0.11276041666666667 0.5050925925925925 0.11171875 0.5157407407407407 0.11354166666666667 0.5310185185185186 0.11666666666666667 0.5425925925925926 0.12552083333333333 0.5564814814814815 0.12630208333333334 0.5611111111111111 0.1296875 0.5643518518518519 0.13958333333333334 0.5680555555555555 0.14375 0.5666666666666667 0.14739583333333334 0.5680555555555555 0.15625 0.5643518518518519 0.15677083333333333 0.5708333333333333 0.16197916666666667 0.5814814814814815 0.17317708333333334 0.6129629629629629 0.18723958333333332 0.6342592592592593 0.23333333333333334 0.6787037037037037 0.24453125 0.6856481481481481 0.26119791666666664 0.6875 0.2830729166666667 0.6800925925925926 0.29270833333333335 0.6726851851851852 0.30572916666666666 0.6583333333333333 0.31953125 0.6337962962962963 0.3255208333333333 0.6189814814814815 0.32760416666666664 0.6111111111111112 0.32786458333333335 0.6050925925925926 0.33046875 0.5986111111111111 0.33307291666666666 0.5689814814814815 0.33645833333333336 0.5638888888888889 0.33984375 0.5648148148148148 0.3453125 0.5615740740740741 0.35078125 0.5662037037037037 0.35572916666666665 0.5671296296296297 0.36276041666666664 0.5625 0.37213541666666666 0.5504629629629629 0.37421875 0.5453703703703704 0.3770833333333333 0.5263888888888889 0.37786458333333334 0.49027777777777776 0.3776041666666667 0.4837962962962963 0.37447916666666664 0.47314814814814815 0.3697916666666667 0.46805555555555556 0.36614583333333334 0.46574074074074073 0.3352307291666667 0.4648148148148148 0.33046875 0.45925925925925926 0.32526041666666666 0.43657407407407406 0.315625 0.41435185185185186 0.30833333333333335 0.4027777777777778 0.29791666666666666 0.3921296296296296 0.2911458333333333 0.3861111111111111 0.27890625 0.37916666666666665 0.265625 0.375 0.2515625 0.37453703703703706 0.23645833333333333 0.3773148148148148 0.22552083333333334 0.3819444444444444 0.21276041666666667 0.3907407407407407 0.1984375 0.40370370370370373 0.18567708333333333 0.41944444444444445 0.17317708333333334 0.44074074074074077 0.17135416666666667 0.44907407407407407 0.16666666666666666 0.4601851851851852 0.16536458333333334 0.46805555555555556 0.16223958333333333 0.4722222222222222 0.15 0.4703703703703704 0.146875 0.47314814814814815 0.14375 0.47175925925925927 0.12291666666666666 0.4736111111111111 0.115625 0.48703703703703705
0 0.016666666666666666 0.25617268518518516 0.016927083333333332 0.27746898148148147 0.02265625 0.2950615740740741 0.0296875 0.30895046296296297 0.056850781249999996 0.3299384259259259 0.1125 0.4094134259259259 0.12213541666666666 0.42469120370370367 0.13359375 0.43533935185185185 0.15390625 0.44182083333333333 0.17213541666666668 0.43904305555555556 0.19661458333333334 0.4033949074074074 0.21015625 0.39043194444444446 0.22161458333333334 0.38256157407407404 0.22630208333333332 0.3612652777777778 0.22838541666666667 0.3436726851851852 0.22838541666666667 0.3404319444444444 0.22682291666666668 0.3385800925925926 0.229296875 0.3316356481481481 0.23515625 0.3297837962962963 0.24140625 0.3307097222222222 0.24453125 0.32885787037037034 0.2552083333333333 0.3131171296296296 0.26197916666666665 0.2922837962962963 0.2640625 0.27145046296296294 0.2635416666666667 0.26033935185185186 0.2591145833333333 0.24413564814814814 0.25546875 0.2371912037037037 0.24583333333333332 0.23348750000000001 0.22161458333333334 0.23163564814814816 0.22057291666666667 0.23070972222222225 0.21848958333333332 0.21728379629629632 0.21536458333333333 0.2061726851851852 0.21119791666666668 0.1950615740740741 0.20182291666666666 0.17932083333333335 0.18515625 0.16265416666666668 0.15989583333333332 0.15293194444444447 0.14322916666666666 0.1533949074074074 0.13359375 0.1561726851851852 0.11953125 0.16172824074074074 0.10625 0.17052453703703704 0.09479166666666666 0.1811726851851852 0.08072916666666667 0.19922824074074075 0.071875 0.2158949074074074 0.07057291666666667 0.22237638888888892 0.06666666666666667 0.2260800925925926 0.034375 0.22515416666666668 0.02578125 0.22793194444444445 0.021875 0.23302453703703704
0 0.28828125 0.27361111111111114 0.2877604166666667 0.28935185185185186 0.28932291666666665 0.30648148148148147 0.290625 0.3138888888888889 0.29713541666666665 0.3277777777777778 0.303125 0.3351851851851852 0.3143229166666667 0.3435185185185185 0.3216145833333333 0.3435185185185185 0.325 0.3416666666666667 0.3265625 0.33796296296296297 0.3299479166666667 0.3375 0.33046875 0.3416666666666667 0.33489583333333334 0.3490740740740741 0.33932291666666664 0.3662037037037037 0.3533854166666667 0.3939814814814815 0.3580729166666667 0.4134259259259259 0.3645833333333333 0.42916666666666664 0.37213541666666666 0.44166666666666665 0.38359375 0.45416666666666666 0.3997395833333333 0.4615740740740741 0.4192708333333333 0.46296296296296297 0.42734375 0.46111111111111114 0.44583333333333336 0.45 0.4635416666666667 0.42453703703703705 0.4713541666666667 0.3990740740740741 0.47317708333333336 0.3875 0.47317708333333336 0.375 0.48203125 0.3509259259259259 0.4895833333333333 0.35648148148148145 0.49505208333333334 0.3560185185185185 0.50078125 0.3592592592592593 0.5049479166666667 0.35833333333333334 0.51875 0.34444444444444444 0.5255208333333333 0.3282407407407407 0.5265625 0.3212962962962963 0.5260416666666666 0.2791666666666667 0.5223958333333333 0.2675925925925926 0.51875 0.26435185185185184 0.49140625 0.26064814814814813 0.48489583333333336 0.25787037037037036 0.4828125 0.24722222222222223 0.47552083333333334 0.22685185185185186 0.4609375 0.2023148148148148 0.44635416666666666 0.1884259259259259 0.4356770833333333 0.18194444444444444 0.421875 0.17731481481481481 0.3966145833333333 0.17731481481481481 0.38515625 0.18101851851851852 0.36953125 0.19074074074074074 0.3580729166666667 0.2013888888888889 0.34869791666666666 0.21435185185185185 0.33828125 0.2337962962962963 0.33697916666666666 0.24074074074074073 0.33489583333333334 0.2439814814814815 0.3229166666666667 0.24537037037037038 0.3067708333333333 0.24351851851851852 0.29609375 0.2462962962962963 0.2916666666666667 0.2537037037037037
0 0.41119791666666666 0.5111111111111111 0.4114583333333333 0.5537037037037037 0.4140625 0.5643518518518519 0.41901041666666666 0.5731481481481482 0.42239583333333336 0.5782407407407407 0.4348958333333333 0.5851851851851851 0.45026041666666666 0.5861111111111111 0.45208333333333334 0.5847222222222223 0.45729166666666665 0.587037037037037 0.46015625 0.5912037037037037 0.4640625 0.6046296296296296 0.47552083333333334 0.6333333333333333 0.4791666666666667 0.6481481481481481 0.48671875 0.6657407407407407 0.49765625 0.6814814814814815 0.5106770833333333 0.6944444444444444 0.525 0.7023148148148148 0.5403645833333334 0.7032407407407407 0.5526041666666667 0.700462962962963 0.5723958333333333 0.687037037037037 0.5846354166666666 0.6717592592592593 0.59140625 0.6564814814814814 0.6080729166666666 0.6300925925925925 0.61875 0.6037037037037037 0.62265625 0.5884259259259259 0.6278645833333333 0.5814814814814815 0.6346354166666667 0.5810185185185185 0.6348958333333333 0.5847222222222223 0.63671875 0.5861111111111111 0.6440104166666667 0.5856481481481481 0.6578125 0.575925925925926 0.6682291666666667 0.5578703703703703 0.6700520833333333 0.5435185185185185 0.6692708333333334 0.5046296296296297 0.6682291666666667 0.49953703703703706 0.6645833333333333 0.49444444444444446 0.6583333333333333 0.49398148148148147 0.6408854166666667 0.48657407407407405 0.6338541666666667 0.487962962962963 0.6223958333333334 0.4847222222222222 0.6177083333333333 0.4652777777777778 0.6114583333333333 0.45046296296296295 0.6018229166666667 0.4324074074074074 0.59609375 0.42453703703703705 0.58359375 0.41064814814814815 0.5705729166666667 0.40046296296296297 0.5591145833333333 0.39490740740740743 0.5453125 0.39166666666666666 0.53125 0.39166666666666666 0.5174479166666667 0.39490740740740743 0.5028645833333333 0.4027777777777778 0.49375 0.4101851851851852 0.4822916666666667 0.4222222222222222 0.47552083333333334 0.43287037037037035 0.4666666666666667 0.45046296296296295 0.45859375 0.4773148148148148 0.45416666666666666 0.48333333333333334 0.44583333333333336 0.4828703703703704 0.43671875 0.4861111111111111 0.42526041666666664 0.4847222222222222 0.4200520833333333 0.48657407407407405 0.41692708333333334 0.49074074074074076 0.41302083333333334 0.5013888888888889
0 0.6966145833333334 0.5328703703703703 0.6973958333333333 0.5356481481481481 0.69609375 0.5388888888888889 0.6966145833333334 0.5537037037037037 0.69921875 0.5708333333333333 0.7026041666666667 0.5814814814814815 0.7065104166666667 0.5888888888888889 0.71484375 0.5967592592592592 0.7200520833333334 0.6 0.7268229166666667 0.600925925925926 0.75 0.6824074074074075 0.7494791666666667 0.687037037037037 0.7557291666666667 0.6888888888888889 0.76953125 0.6990740740740741 0.7768229166666667 0.7074074074074074 0.7794270833333333 0.7078703703703704 0.7864583333333334 0.7143518518518519 0.8018229166666667 0.7194444444444444 0.8205729166666667 0.7189814814814814 0.834375 0.7134259259259259 0.8731770833333333 0.6865740740740741 0.8807291666666667 0.6796296296296296 0.8942708333333333 0.6615740740740741 0.9020833333333333 0.6453703703703704 0.9067708333333333 0.6300925925925925 0.9088541666666666 0.6152777777777778 0.9182291666666667 0.6101851851851852 0.92265625 0.6125 0.9296875 0.6069444444444444 0.9388020833333334 0.6050925925925926 0.94609375 0.5958333333333333 0.95390625 0.5810185185185185 0.9565104166666667 0.5643518518518519 0.953125 0.5467592592592593 0.9497395833333333 0.5365740740740741 0.9466145833333334 0.5314814814814814 0.94296875 0.5282407407407408 0.9036458333333334 0.5268518518518519 0.89921875 0.5101851851851852 0.8958333333333334 0.5023148148148148 0.8747395833333333 0.46805555555555556 0.8450520833333334 0.43472222222222223 0.8255208333333334 0.4263888888888889 0.79375 0.4273148148148148 0.7828125 0.43148148148148147 0.7734375 0.4375 0.7604166666666666 0.4513888888888889 0.7502604166666667 0.4675925925925926 0.7427083333333333 0.48935185185185187 0.73671875 0.5194444444444445 0.7317708333333334 0.5222222222222223 0.7231770833333333 0.5222222222222223 0.7208333333333333 0.5189814814814815 0.7166666666666667 0.5185185185185185 0.71015625 0.5111111111111111 0.7028645833333333 0.5115740740740741 0.7002604166666667 0.5157407407407407
0 0.8169270833333333 0.32222222222222224 0.8166666666666667 0.3287037037037037 0.8221354166666667 0.3592592592592593 0.82734375 0.37546296296296294 0.8299479166666667 0.3800925925925926 0.8348958333333333 0.40185185185185185 0.8427083333333333 0.4041666666666667 0.8486979166666667 0.43472222222222223 0.8513020833333333 0.4412037037037037 0.8666666666666667 0.45694444444444443 0.8869791666666667 0.4861111111111111 0.9052083333333333 0.49398148148148147 0.9151041666666667 0.4949074074074074 0.9322916666666666 0.4912037037037037 0.94453125 0.48333333333333334 0.9544270833333334 0.47129629629629627 0.9630208333333333 0.45694444444444443 0.9828125 0.44583333333333336 0.9997395833333333 0.43148148148148147 0.9997395833333333 0.29259259259259257 0.9783854166666667 0.26481481481481484 0.94609375 0.23703703703703705 0.9244791666666666 0.22916666666666666 0.9153645833333334 0.22777777777777777 0.9005208333333333 0.22870370370370371 0.8856770833333333 0.23472222222222222 0.8731770833333333 0.2449074074074074 0.8651041666666667 0.2569444444444444 0.86171875 0.26851851851851855 0.8546875 0.2828703703703704 0.8515625 0.31527777777777777 0.8380208333333333 0.31666666666666665 0.8244791666666667 0.3074074074074074 0.8213541666666667 0.3106481481481482 0.8200520833333333 0.31666666666666665
0 0.5533854166666666 0.29768518518518516 0.5533854166666666 0.3212962962962963 0.5565104166666667 0.3384259259259259 0.5609375 0.3490740740740741 0.5713541666666667 0.3625 0.5744791666666667 0.36435185185185187 0.591796875 0.36157407407407405 0.5958333333333333 0.3678240740740741 0.5966145833333333 0.3875 0.5950520833333334 0.3972222222222222 0.5947916666666667 0.41805555555555557 0.6197916666666666 0.4625 0.6276041666666666 0.462037037037037 0.640625 0.4708333333333333 0.6635416666666667 0.475 0.6729166666666667 0.47453703703703703 0.6838541666666667 0.4708333333333333 0.7002604166666667 0.45787037037037037 0.71015625 0.44027777777777777 0.7151041666666667 0.425462962962963 0.7377604166666667 0.39351851851851855 0.7447916666666666 0.3675925925925926 0.7510416666666667 0.36203703703703705 0.7661458333333333 0.362962962962963 0.78125 0.3486111111111111 0.7861979166666667 0.3388888888888889 0.7895833333333333 0.3263888888888889 0.7916666666666666 0.30925925925925923 0.7901041666666667 0.2851851851851852 0.7875 0.2759259259259259 0.7841145833333333 0.27175925925925926 0.7794270833333333 0.26990740740740743 0.753125 0.26805555555555555 0.74765625 0.26990740740740743 0.73828125 0.24675925925925926 0.728125 0.22870370370370371 0.7138020833333333 0.21157407407407408 0.7075520833333333 0.20555555555555555 0.69296875 0.1962962962962963 0.6791666666666667 0.1912037037037037 0.66953125 0.18981481481481483 0.65703125 0.19027777777777777 0.6421875 0.19444444444444445 0.63359375 0.19907407407407407 0.6221354166666667 0.20879629629629629 0.6125 0.22083333333333333 0.6049479166666667 0.2351851851851852 0.60078125 0.2462962962962963 0.5971354166666667 0.2625 0.5924479166666666 0.2657407407407407 0.57109375 0.2638888888888889 0.5635416666666667 0.2671296296296296 0.5578125 0.2759259259259259