1 0.3717989583333334 0.530749074074074 0.3746255208333333 0.5297018518518518 0.3762744791666667 0.5271898148148149 0.37686302083333334 0.5246777777777778 0.3766276041666667 0.5223740740740741 0.37474322916666664 0.5175592592592593 0.37391874999999997 0.5125342592592593 0.37297708333333335 0.509812037037037 0.3712104166666667 0.5087657407407408 0.36932604166666666 0.5087657407407408 0.36708854166666666 0.5108592592592592 0.36602864583333333 0.5144185185185185 0.36685260416666665 0.5206990740740741 0.36685260416666665 0.5255148148148149 0.36685260416666665 0.529074074074074 0.37015052083333333 0.5313768518518518
1 0.4266796875 0.5856037037037037 0.42609114583333335 0.5939787037037036 0.42773958333333334 0.5971185185185186 0.43174375 0.597537962962963 0.43551249999999997 0.5948157407407407 0.4376322916666667 0.5914657407407408 0.43775000000000003 0.5887444444444445 0.43468802083333336 0.5809972222222222 0.43315729166666667 0.5742972222222222 0.4316260416666667 0.5722037037037038 0.429153125 0.5722037037037038 0.42726875 0.5728324074074074 0.42503124999999997 0.5766009259259259
1 0.49215989583333336 0.5129527777777778 0.495575 0.5131620370370371 0.49698854166666667 0.511487037037037 0.49757708333333334 0.5096027777777777 0.4966348958333333 0.5041592592592592 0.49675260416666667 0.49473796296296296 0.49569270833333334 0.493062962962963 0.4938088541666667 0.49201574074074067 0.4916885416666667 0.4924342592592592 0.48980416666666665 0.4949472222222222 0.48980416666666665 0.5003907407407407 0.48815572916666666 0.504787037037037 0.48803802083333336 0.5093935185185186 0.48945104166666664 0.5121148148148148
1 0.5687104166666667 0.573250925925926 0.5716541666666667 0.5730416666666667 0.5736562500000001 0.5711574074074074 0.5742453125 0.5690638888888889 0.5724786458333334 0.5606888888888889 0.5725963541666667 0.5523138888888889 0.5721255208333333 0.5506388888888889 0.5700057291666667 0.5489638888888889 0.5678859374999999 0.5487546296296296 0.5660015625 0.5493824074074074 0.5645880208333334 0.5523138888888889 0.5648239583333333 0.5600601851851852 0.563175 0.5644574074074075 0.5629395833333334 0.5680166666666666 0.5639994791666666 0.570737962962963 0.5668260416666667 0.5722037037037038
1 0.6069854166666667 0.49431851851851855 0.6094583333333333 0.49431851851851855 0.6111072916666667 0.493062962962963 0.6120494791666666 0.49117870370370365 0.6112249999999999 0.485525 0.6119317708333334 0.4792444444444444 0.6111072916666667 0.4756851851851852 0.6086338541666667 0.4744287037037037 0.6059255208333333 0.47421944444444447 0.6043942708333333 0.4754759259259259 0.6039234375 0.4819657407407408 0.6026276041666667 0.4869907407407408 0.6021567708333334 0.4899222222222222 0.6032166666666666 0.49180648148148143
2 0.3900807291666667 0.5299675925925926 0.3906088541666667 0.5178083333333333 0.3907984375 0.5142657407407408 0.39298125 0.5135907407407407 0.39459479166666667 0.5151092592592592 0.3950692708333333 0.5279305555555556 0.394784375 0.5318101851851852 0.3935505208333333 0.5334972222222223 0.39165260416666664 0.5331601851851852
2 0.45272760416666663 0.5787861111111111 0.45172864583333333 0.5911935185185185 0.45201302083333333 0.5970981481481481 0.45495520833333336 0.5994601851851852 0.4574229166666666 0.5969296296296296 0.4578026041666667 0.5798907407407408 0.4568536458333333 0.5776972222222222 0.4545755208333333 0.5771907407407407
2 0.509840625 0.511962962962963 0.51120625 0.5000712962962963 0.513009375 0.49855370370370367 0.5150026041666667 0.49990277777777775 0.5151921875 0.5088444444444444 0.514528125 0.5155916666666667 0.5114911458333333 0.5152546296296296
2 0.5891932291666666 0.5553972222222222 0.5865619791666667 0.5699138888888888 0.5870364583333333 0.5741314814814815 0.5896942708333334 0.5748064814814815 0.5923515625 0.5717694444444444 0.5935854166666666 0.5587796296296296 0.5930156249999999 0.555237037037037 0.5911177083333333 0.5547305555555556
2 0.624484375 0.48059259259259257 0.6218671874999999 0.4938296296296296 0.6224369791666666 0.49669722222222223 0.6257583333333333 0.49787870370370363 0.6271822916666667 0.4938296296296296 0.6287953125 0.4821888888888889 0.6281312499999999 0.47982777777777785 0.6258536458333332 0.47932129629629633
0 0.0765625 0.8666666666666667 0.06666666666666667 0.8824074074074074 0.051041666666666666 0.9231481481481482 0.021354166666666667 0.9444444444444444 0 0.9657407407407408 0 0.9990740740740741 0.11927083333333334 0.9990740740740741 0.1171875 0.9481481481481482 0.10989583333333333 0.9314814814814815 0.09947916666666666 0.9157407407407407 0.10989583333333333 0.8907407407407407 0.10989583333333333 0.8814814814814815 0.10677083333333333 0.8675925925925926 0.09791666666666667 0.8583333333333333 0.08645833333333333 0.8601851851851852
0 0.03802083333333333 0.7518518518518519 0.015104166666666667 0.7898148148148149 0 0.7925925925925926 0 0.9638888888888889 0.027604166666666666 0.937037037037037 0.04739583333333333 0.925 0.07239583333333334 0.8694444444444445 0.07291666666666667 0.8657407407407407 0.0703125 0.862037037037037 0.06822916666666666 0.8490740740740741 0.06666666666666667 0.8194444444444444 0.06302083333333333 0.8083333333333333 0.06302083333333333 0.8046296296296296 0.07083333333333333 0.7888888888888889 0.07239583333333334 0.7731481481481481 0.07083333333333333 0.7601851851851852 0.06041666666666667 0.7444444444444445 0.05 0.7444444444444445
0 0.37604166666666666 0.9138888888888889 0.3770833333333333 0.9277777777777778 0.3848958333333333 0.9407407407407408 0.38697916666666665 0.9490740740740741 0.4010416666666667 0.9685185185185186 0.40729166666666666 0.9703703703703703 0.42239583333333336 0.9648148148148148 0.43125 0.9527777777777777 0.4322916666666667 0.9490740740740741 0.4296875 0.9407407407407408 0.4296875 0.9333333333333333 0.4359375 0.9018518518518519 0.43072916666666666 0.9
0 0.4484375 0.899074074074074 0.4473958333333333 0.9055555555555556 0.44895833333333335 0.9175925925925926 0.4583333333333333 0.9351851851851852 0.45989583333333334 0.9453703703703704 0.4713541666666667 0.9527777777777777 0.47760416666666666 0.9518518518518518 0.48125 0.9629629629629629 0.48541666666666666 0.9657407407407408 0.4921875 0.9629629629629629 0.4979166666666667 0.9537037037037037 0.4984375 0.9296296296296296 0.509375 0.9018518518518519 0.5114583333333333 0.8870370370370371 0.509375 0.8833333333333333 0.5015625 0.8833333333333333 0.459375 0.8935185185185185
0 0.5119791666666667 0.8925925925925926 0.5114583333333333 0.9009259259259259 0.515625 0.9175925925925926 0.5229166666666667 0.9305555555555556 0.5364583333333334 0.937962962962963 0.54375 0.937962962962963 0.5489583333333333 0.9462962962962963 0.5473958333333333 0.9425925925925925 0.5505208333333333 0.9398148148148148 0.5520833333333334 0.9462962962962963 0.5598958333333334 0.9416666666666667 0.5635416666666667 0.9351851851851852 0.5666666666666667 0.9212962962962963 0.5651041666666666 0.9074074074074074 0.5744791666666667 0.8907407407407407 0.5765625 0.8685185185185185 0.5588541666666667 0.8694444444444445 0.55 0.8657407407407407 0.5401041666666667 0.875 0.515625 0.8814814814814815 0.5135416666666667 0.8833333333333333
0 0.5786458333333333 0.8657407407407407 0.58125 0.8731481481481481 0.5776041666666667 0.8768518518518519 0.5770833333333333 0.8851851851851852 0.584375 0.9027777777777778 0.5947916666666667 0.912962962962963 0.6067708333333334 0.9148148148148149 0.6161458333333333 0.9074074074074074 0.6234375 0.9138888888888889 0.6302083333333334 0.9148148148148149 0.6369791666666667 0.9037037037037037 0.6369791666666667 0.8962962962962963 0.6296875 0.8833333333333333 0.6317708333333333 0.8796296296296297 0.6307291666666667 0.8537037037037037 0.6083333333333333 0.8555555555555555 0.5916666666666667 0.8638888888888889 0.5880208333333333 0.862037037037037
0 0.3697916666666667 0.6148148148148148 0.36822916666666666 0.6296296296296297 0.371875 0.6472222222222223 0.38229166666666664 0.6546296296296297 0.39427083333333335 0.6537037037037037 0.4 0.6564814814814814 0.403125 0.6638888888888889 0.40572916666666664 0.687037037037037 0.41354166666666664 0.700925925925926 0.421875 0.7074074074074074 0.4390625 0.7083333333333334 0.4546875 0.700925925925926 0.4635416666666667 0.687037037037037 0.46875 0.6685185185185185 0.46927083333333336 0.6527777777777778 0.46770833333333334 0.6462962962962963 0.46927083333333336 0.6398148148148148 0.4734375 0.6324074074074074 0.484375 0.6296296296296297 0.4869791666666667 0.6231481481481481 0.4859375 0.6194444444444445 0.49166666666666664 0.6129629629629629 0.49322916666666666 0.6018518518518519 0.49166666666666664 0.5907407407407408 0.48802083333333335 0.5833333333333334 0.4703125 0.5842592592592593 0.4640625 0.5731481481481482 0.4552083333333333 0.5657407407407408 0.4484375 0.562037037037037 0.4375 0.562037037037037 0.42083333333333334 0.5657407407407408 0.4109375 0.5722222222222222 0.4005208333333333 0.5833333333333334 0.39375 0.5990740740740741 0.3765625 0.6055555555555555
0 0.3171875 0.5462962962962963 0.3171875 0.5611111111111111 0.321875 0.5731481481481482 0.32760416666666664 0.5787037037037037 0.3380208333333333 0.5777777777777777 0.3421875 0.5814814814814815 0.34739583333333335 0.5935185185185186 0.35104166666666664 0.6138888888888889 0.3609375 0.6268518518518519 0.36666666666666664 0.6287037037037037 0.3729166666666667 0.6083333333333333 0.39375 0.5981481481481481 0.3963541666666667 0.5898148148148148 0.4114583333333333 0.5666666666666667 0.4192708333333333 0.562962962962963 0.4270833333333333 0.5462962962962963 0.4270833333333333 0.5324074074074074 0.42552083333333335 0.524074074074074 0.42291666666666666 0.5212962962962963 0.4078125 0.5212962962962963 0.4005208333333333 0.5111111111111111 0.39479166666666665 0.5074074074074074 0.3729166666666667 0.5046296296296297 0.3541666666666667 0.5148148148148148 0.3390625 0.5333333333333333 0.32135416666666666 0.5370370370370371
0 0.44166666666666665 0.5212962962962963 0.44166666666666665 0.5444444444444444 0.44947916666666665 0.5583333333333333 0.4625 0.5592592592592592 0.46458333333333335 0.562962962962963 0.465625 0.5740740740740741 0.4708333333333333 0.5814814814814815 0.4901041666666667 0.5842592592592593 0.49270833333333336 0.5925925925925926 0.49375 0.6074074074074074 0.5010416666666667 0.6101851851851852 0.50625 0.6064814814814815 0.5083333333333333 0.5879629629629629 0.5109375 0.5824074074074074 0.51875 0.5787037037037037 0.521875 0.5740740740740741 0.521875 0.562962962962963 0.525 0.5537037037037037 0.5395833333333333 0.5444444444444444 0.5453125 0.5287037037037037 0.5421875 0.5083333333333333 0.5255208333333333 0.5083333333333333 0.5114583333333333 0.49444444444444446 0.5020833333333333 0.4898148148148148 0.47760416666666666 0.4935185185185185 0.4661458333333333 0.5027777777777778 0.4588541666666667 0.5166666666666667
0 0.5109375 0.5833333333333334 0.5083333333333333 0.5879629629629629 0.5083333333333333 0.6055555555555555 0.5171875 0.6259259259259259 0.5223958333333333 0.6296296296296297 0.5328125 0.6277777777777778 0.5369791666666667 0.6305555555555555 0.5380208333333333 0.6333333333333333 0.5328125 0.6416666666666667 0.5416666666666666 0.6675925925925926 0.5557291666666667 0.6796296296296296 0.5682291666666667 0.6824074074074075 0.584375 0.6787037037037037 0.5927083333333333 0.6648148148148149 0.5963541666666666 0.6537037037037037 0.5973958333333333 0.637962962962963 0.6036458333333333 0.625 0.6109375 0.5990740740740741 0.6182291666666667 0.5935185185185186 0.6229166666666667 0.5851851851851851 0.6244791666666667 0.5703703703703704 0.6229166666666667 0.5657407407407408 0.6171875 0.5611111111111111 0.5994791666666667 0.562962962962963 0.5807291666666666 0.5453703703703704 0.5630208333333333 0.5407407407407407 0.5375 0.55 0.525 0.5768518518518518
0 0.55625 0.5046296296296297 0.55625 0.5287037037037037 0.5630208333333333 0.5370370370370371 0.5744791666666667 0.5398148148148149 0.5875 0.5481481481481482 0.5984375 0.5601851851851852 0.6166666666666667 0.5592592592592592 0.6270833333333333 0.5685185185185185 0.6302083333333334 0.5574074074074075 0.6286458333333333 0.5527777777777778 0.640625 0.5296296296296297 0.6489583333333333 0.524074074074074 0.6541666666666667 0.5101851851851852 0.6552083333333333 0.49907407407407406 0.6505208333333333 0.487962962962963 0.6333333333333333 0.487962962962963 0.6203125 0.47685185185185186 0.5947916666666667 0.4722222222222222 0.5791666666666667 0.48055555555555557 0.5682291666666667 0.5
0 0.6567708333333333 0.8685185185185185 0.6567708333333333 0.8814814814814815 0.6536458333333334 0.8935185185185185 0.65625 0.899074074074074 0.6677083333333333 0.9092592592592592 0.6791666666666667 0.9064814814814814 0.6875 0.8981481481481481 0.7020833333333333 0.8694444444444445 0.7005208333333334 0.8407407407407408 0.6973958333333333 0.837037037037037 0.6916666666666667 0.837037037037037 0.6640625 0.8444444444444444 0.6609375 0.8490740740740741
0 0.7036458333333333 0.8351851851851851 0.703125 0.8592592592592593 0.7088541666666667 0.8703703703703703 0.7151041666666667 0.8768518518518519 0.7270833333333333 0.8833333333333333 0.7385416666666667 0.8805555555555555 0.7505208333333333 0.8916666666666667 0.75625 0.8907407407407407 0.7630208333333334 0.8833333333333333 0.7619791666666667 0.8759259259259259 0.7515625 0.8629629629629629 0.7604166666666666 0.8462962962962963 0.7614583333333333 0.8314814814814815 0.7609375 0.825 0.7588541666666667 0.8222222222222222
0 0.7630208333333334 0.8212962962962963 0.7640625 0.8351851851851851 0.7619791666666667 0.8351851851851851 0.7604166666666666 0.8518518518518519 0.7791666666666667 0.8675925925925926 0.790625 0.8675925925925926 0.7942708333333334 0.8648148148148148 0.803125 0.85 0.8125 0.8398148148148148 0.8145833333333333 0.8277777777777777 0.8109375 0.8083333333333333 0.7713541666666667 0.8166666666666667
0 0.8130208333333333 0.8074074074074075 0.8151041666666666 0.8240740740740741 0.8135416666666667 0.8416666666666667 0.8265625 0.8518518518518519 0.8541666666666666 0.8518518518518519 0.8541666666666666 0.8481481481481481 0.8567708333333334 0.8453703703703703 0.8552083333333333 0.8416666666666667 0.85625 0.8388888888888889 0.8671875 0.8212962962962963 0.8661458333333333 0.8018518518518518 0.8630208333333333 0.7953703703703704 0.8375 0.799074074074074
0 0.6364583333333333 0.5703703703703704 0.6364583333333333 0.5851851851851851 0.64375 0.5935185185185186 0.6479166666666667 0.5916666666666667 0.6489583333333333 0.5981481481481481 0.6536458333333334 0.6046296296296296 0.653125 0.6148148148148148 0.6546875 0.6212962962962963 0.665625 0.6453703703703704 0.68125 0.6574074074074074 0.6984375 0.6583333333333333 0.7078125 0.6546296296296297 0.7161458333333334 0.6435185185185185 0.7208333333333333 0.6194444444444445 0.7338541666666667 0.5990740740740741 0.7364583333333333 0.5907407407407408 0.7359375 0.5805555555555556 0.7453125 0.5740740740740741 0.7479166666666667 0.5703703703703704 0.7479166666666667 0.5657407407407408 0.7375 0.549074074074074 0.7296875 0.5583333333333333 0.7260416666666667 0.5592592592592592 0.7135416666666666 0.5444444444444444 0.6927083333333334 0.5333333333333333 0.6791666666666667 0.5305555555555556 0.6572916666666667 0.5416666666666666 0.6510416666666666 0.5564814814814815 0.6494791666666667 0.5740740740740741 0.64375 0.575925925925926 0.640625 0.575 0.6401041666666667 0.5703703703703704
0 0.6791666666666667 0.47962962962962963 0.6765625 0.48703703703703705 0.6765625 0.4981481481481482 0.6671875 0.5009259259259259 0.66875 0.5083333333333333 0.6786458333333333 0.5277777777777778 0.7083333333333334 0.5407407407407407 0.7270833333333333 0.5583333333333333 0.7380208333333333 0.5462962962962963 0.7385416666666667 0.5324074074074074 0.7494791666666667 0.5194444444444445 0.7520833333333333 0.5037037037037037 0.7588541666666667 0.49166666666666664 0.7546875 0.48055555555555557 0.746875 0.47962962962962963 0.7401041666666667 0.4842592592592593 0.7244791666666667 0.4722222222222222 0.7057291666666666 0.46574074074074073 0.6901041666666666 0.4685185185185185
0 0.7515625 0.5444444444444444 0.7515625 0.5518518518518518 0.7604166666666666 0.5675925925925925 0.7625 0.5879629629629629 0.7692708333333333 0.6055555555555555 0.7864583333333334 0.6231481481481481 0.8088541666666667 0.6305555555555555 0.8182291666666667 0.6287037037037037 0.8255208333333334 0.6231481481481481 0.8369791666666667 0.5944444444444444 0.8505208333333333 0.5777777777777777 0.8505208333333333 0.5564814814814815 0.8598958333333333 0.5462962962962963 0.8619791666666666 0.5398148148148149 0.85 0.525 0.8453125 0.525 0.8348958333333333 0.5324074074074074 0.8161458333333333 0.5185185185185185 0.8 0.5111111111111111 0.7880208333333333 0.5092592592592593 0.778125 0.5101851851851852 0.7666666666666667 0.5194444444444445 0.7630208333333334 0.5277777777777778 0.7635416666666667 0.5444444444444444 0.7619791666666667 0.5472222222222223 0.7557291666666667 0.5435185185185185
0 0.7791666666666667 0.4638888888888889 0.7770833333333333 0.48055555555555557 0.7692708333333333 0.48333333333333334 0.7703125 0.49444444444444446 0.7786458333333334 0.5083333333333333 0.7994791666666666 0.5101851851851852 0.8255208333333334 0.5231481481481481 0.8348958333333333 0.5314814814814814 0.846875 0.5231481481481481 0.846875 0.5157407407407407 0.8557291666666667 0.5046296296296297 0.8567708333333334 0.48703703703703705 0.8625 0.47685185185185186 0.8614583333333333 0.4703703703703704 0.8536458333333333 0.4638888888888889 0.8401041666666667 0.4666666666666667 0.8203125 0.45555555555555555 0.8026041666666667 0.45092592592592595 0.790625 0.4527777777777778
0 0.8786458333333333 0.5037037037037037 0.8760416666666667 0.5259259259259259 0.8744791666666667 0.5287037037037037 0.8661458333333333 0.5287037037037037 0.8661458333333333 0.5361111111111111 0.8713541666666667 0.55 0.8703125 0.5611111111111111 0.8723958333333334 0.5712962962962963 0.88125 0.5879629629629629 0.8932291666666666 0.5990740740740741 0.9130208333333333 0.6092592592592593 0.9328125 0.6101851851851852 0.9447916666666667 0.6027777777777777 0.9583333333333334 0.5703703703703704 0.9666666666666667 0.5666666666666667 0.971875 0.5601851851851852 0.971875 0.537962962962963 0.9786458333333333 0.5259259259259259 0.9770833333333333 0.5185185185185185 0.9671875 0.5111111111111111 0.9588541666666667 0.5101851851851852 0.9510416666666667 0.5148148148148148 0.934375 0.5037037037037037 0.9130208333333333 0.4962962962962963 0.8901041666666667 0.49444444444444446
0 0.8932291666666666 0.44074074074074077 0.8932291666666666 0.44814814814814813 0.8958333333333334 0.4564814814814815 0.8911458333333333 0.4638888888888889 0.8911458333333333 0.4740740740740741 0.8890625 0.48148148148148145 0.8895833333333333 0.4898148148148148 0.8916666666666667 0.4935185185185185 0.9182291666666667 0.49722222222222223 0.9541666666666667 0.5138888888888888 0.9604166666666667 0.5055555555555555 0.9630208333333333 0.4925925925925926 0.9666666666666667 0.48518518518518516 0.9744791666666667 0.48148148148148145 0.9770833333333333 0.47685185185185186 0.9734375 0.4564814814814815 0.9744791666666667 0.4462962962962963 0.9697916666666667 0.4398148148148148 0.9619791666666667 0.43796296296296294 0.9536458333333333 0.44166666666666665 0.9296875 0.43148148148148147 0.9104166666666667 0.42962962962962964 0.8963541666666667 0.4351851851851852