1 0.14895833333333333 0.3314814814814815 0.14869791666666668 0.337037037037037 0.15078125 0.35509259259259257 0.1494890625 0.3683490740740741 0.15017604166666668 0.3759212962962963 0.15278671875 0.3812949074074074 0.15622161458333333 0.3847143518518518 0.16350364583333335 0.3874013888888889 0.17092317708333335 0.38520324074074075 0.17531979166666664 0.38031759259259257 0.17957916666666665 0.3712800925925926 0.18081588541666666 0.3619981481481482 0.17861744791666664 0.3578453703703704 0.17298411458333335 0.3473421296296296 0.17161458333333332 0.3347222222222222 0.16901041666666666 0.32546296296296295 0.16484375 0.32037037037037036 0.15755208333333334 0.32037037037037036 0.15078125 0.32592592592592595
1 0.34479166666666666 0.6027777777777777 0.34479166666666666 0.6138888888888889 0.34791927083333335 0.6288787037037037 0.34650703125 0.6423726851851852 0.3484375 0.6513888888888889 0.35078125 0.6578703703703703 0.3541666666666667 0.6625 0.35903984375 0.6646532407407407 0.36692708333333335 0.6638888888888889 0.37447916666666664 0.6578703703703703 0.37786458333333334 0.6504629629629629 0.38075182291666665 0.6420587962962963 0.3809283854166667 0.6304481481481482 0.37792760416666665 0.6226027777777777 0.37280833333333335 0.6147574074074074 0.37005208333333334 0.6018518518518519 0.36666666666666664 0.5921296296296297 0.3625 0.5879629629629629 0.35520833333333335 0.5875 0.34869791666666666 0.5935185185185186
1 0.5434598958333333 0.2935476851851852 0.5437213541666667 0.30872824074074073 0.5411458333333333 0.324537037037037 0.5404971354166667 0.3287111111111111 0.5408458333333334 0.3327388888888889 0.5429369791666667 0.33754074074074075 0.5466838541666666 0.34187824074074075 0.5529575520833333 0.34404675925925926 0.5589697916666666 0.3432722222222222 0.5643229166666667 0.3384259259259259 0.5668119791666667 0.334287962962963 0.56838046875 0.3291759259259259 0.56796875 0.3236111111111111 0.5638020833333334 0.30694444444444446 0.5635880208333333 0.28688657407407403 0.5611481770833334 0.28146481481481483 0.5570528645833334 0.2786763888888889 0.5535674479166667 0.2780569444444444 0.54894921875 0.2796060185185185 0.5460739583333333 0.28239444444444445 0.5436341145833333 0.2873513888888889
1 0.79453125 0.5569444444444445 0.7932346354166667 0.5608694444444444 0.79375 0.5671296296296297 0.79571171875 0.5745527777777778 0.8002236979166667 0.5822597222222222 0.80694765625 0.5883939814814815 0.8129638020833333 0.5905958333333333 0.8205721354166666 0.5887083333333333 0.8247395833333333 0.5851851851851851 0.82578125 0.5722222222222222 0.8261458333333334 0.5577236111111111 0.8315104166666667 0.5365740740740741 0.8309895833333333 0.5300925925925926 0.8278645833333333 0.5226851851851851 0.8234375 0.5171296296296296 0.8177083333333334 0.5143518518518518 0.8111979166666666 0.5157407407407407 0.8072916666666666 0.5231481481481481 0.8015625 0.5435185185185185
1 0.8916666666666667 0.2722222222222222 0.8906416666666667 0.27886203703703705 0.8924994791666666 0.2834231481481481 0.8966575520833333 0.2882986111111111 0.9012580729166667 0.29160185185185183 0.90859375 0.2935185185185185 0.9133786458333333 0.2928601851851852 0.9174484374999999 0.29034351851851853 0.9182291666666667 0.2851851851851852 0.9186869791666666 0.2659648148148148 0.9221354166666667 0.25092592592592594 0.9233760416666666 0.24252962962962965 0.9208333333333333 0.2375 0.9158559895833334 0.23403657407407408 0.9116093749999999 0.23199166666666665 0.9065104166666667 0.23194444444444445 0.9027622395833333 0.23482268518518518 0.9011697916666667 0.24300138888888892 0.8981770833333333 0.2574074074074074 0.8938265624999999 0.2654930555555556
2 0.22615546875 0.38117407407407405 0.22656276041666665 0.364237037037037 0.22729244791666667 0.34045324074074074 0.23094166666666668 0.33656157407407405 0.23775338541666666 0.3369939814814815 0.23994270833333334 0.34304814814814816 0.24237552083333333 0.3776425925925926 0.2401859375 0.3841291666666667 0.23434739583333333 0.38758842592592596 0.22996848958333332 0.3867236111111111
2 0.4308981770833333 0.6461949074074074 0.43619505208333337 0.6514268518518519 0.4456828125 0.6518592592592592 0.4481153645833333 0.6410481481481481 0.44981848958333337 0.6068861111111111 0.4468989583333334 0.6003995370370371 0.44081718750000004 0.5973726851851852 0.43497864583333334 0.602562037037037 0.4313294270833333 0.6319671296296296
2 0.6045950520833333 0.33692500000000003 0.6120145833333334 0.3026037037037037 0.6168802083333333 0.29871157407407406 0.6224755208333334 0.3030361111111111 0.6239351562500001 0.3108199074074074 0.6183398437500001 0.3471439814814815 0.6139609375 0.3501712962962963 0.6076356770833333 0.3480087962962963
2 0.87865625 0.5315273148148147 0.8628307291666667 0.5655222222222223 0.8635604166666667 0.5728736111111111 0.86939921875 0.5810898148148148 0.8791302083333333 0.5832523148148149 0.8917804687499999 0.5413060185185186 0.8893476562499999 0.5339546296296297 0.8827791666666667 0.5296305555555555
2 0.9594989583333333 0.2946263888888889 0.9659096354166666 0.27402916666666666 0.9702591145833334 0.2582800925925926 0.9675205729166667 0.2511212962962963 0.9596270833333332 0.24883055555555558 0.9512502604166666 0.27116574074074073 0.9465786458333334 0.2834787037037037 0.9483505208333334 0.2923555555555556 0.9543109375000001 0.2963643518518519
0 0.15833333333333333 0.7236111111111111 0.15885416666666666 0.7578703703703704 0.16484375 0.7912037037037037 0.17135416666666667 0.8069444444444445 0.17838541666666666 0.8180555555555555 0.18463541666666666 0.8245370370370371 0.20026041666666666 0.8347222222222223 0.20677083333333332 0.8379629629629629 0.215625 0.8384259259259259 0.22630208333333332 0.8347222222222223 0.228125 0.8314814814814815 0.228125 0.8226851851851852 0.22942708333333334 0.8185185185185185 0.23776041666666667 0.8138888888888889 0.24140625 0.8217592592592593 0.2421875 0.8273148148148148 0.24583333333333332 0.8319444444444445 0.2565104166666667 0.8574074074074074 0.26588541666666665 0.8731481481481481 0.28463541666666664 0.8967592592592593 0.29348958333333336 0.9217592592592593 0.29921875 0.9342592592592592 0.3138020833333333 0.9564814814814815 0.32369791666666664 0.9671296296296297 0.3385416666666667 0.9791666666666666 0.35520833333333335 0.9856481481481482 0.3658854166666667 0.9875 0.37916666666666665 0.986574074074074 0.4044270833333333 0.9782407407407407 0.42526041666666664 0.9638888888888889 0.4427083333333333 0.9425925925925925 0.45729166666666665 0.9180555555555555 0.46380208333333334 0.9037037037037037 0.4734375 0.8731481481481481 0.47760416666666666 0.8486111111111111 0.47630208333333335 0.8453703703703703 0.47760416666666666 0.8305555555555556 0.48880208333333336 0.7976851851851852 0.49609375 0.7699074074074074 0.5145833333333333 0.7555555555555555 0.53125 0.7513888888888889 0.5502604166666667 0.7291666666666666 0.55703125 0.7157407407407408 0.5598958333333334 0.7027777777777777 0.5627604166666667 0.6736111111111112 0.5625 0.6597222222222222 0.5635416666666667 0.6509259259259259 0.5611979166666666 0.6314814814814815 0.55703125 0.611574074074074 0.55078125 0.5981481481481481 0.546875 0.5944444444444444 0.5325520833333334 0.5925925925925926 0.48880208333333336 0.6027777777777777 0.48333333333333334 0.5949074074074074 0.4708333333333333 0.5703703703703704 0.459375 0.5537037037037037 0.45 0.5435185185185185 0.4356770833333333 0.5319444444444444 0.41692708333333334 0.5208333333333334 0.39453125 0.5143518518518518 0.37994791666666666 0.5125 0.35911458333333335 0.5148148148148148 0.3424479166666667 0.5194444444444445 0.32447916666666665 0.5282407407407408 0.3104166666666667 0.5375 0.29192708333333334 0.5532407407407407 0.26796875 0.5842592592592593 0.25546875 0.6060185185185185 0.24140625 0.6407407407407407 0.23671875 0.6583333333333333 0.20625 0.6717592592592593 0.18203125 0.6763888888888889 0.16953125 0.6819444444444445 0.16536458333333334 0.6884259259259259 0.15911458333333334 0.7106481481481481
0 0.005989583333333334 0.40046296296296297 0 0.4074074074074074 0 0.4935185185185185 0.00703125 0.5083333333333333 0.02265625 0.5236111111111111 0.040625 0.5351851851851852 0.045572916666666664 0.5356481481481481 0.05677083333333333 0.5300925925925926 0.06239583333333333 0.5300925925925926 0.06770833333333333 0.5356481481481481 0.07473958333333333 0.549537037037037 0.08385416666666666 0.562962962962963 0.10286458333333333 0.5824074074074074 0.11875 0.6300925925925925 0.12604166666666666 0.6444444444444445 0.14036458333333332 0.662962962962963 0.1453125 0.6671296296296296 0.15859375 0.6754629629629629 0.16744791666666667 0.6777777777777778 0.17890625 0.6759259259259259 0.234375 0.6574074074074074 0.25964166666666666 0.5990740740740741 0.2881234375 0.5570986111111111 0.29437552083333335 0.49660509259259256 0.32494140625 0.4904319444444445 0.34375 0.449537037037037 0.3489583333333333 0.4222222222222222 0.34453125 0.3731481481481482 0.3385416666666667 0.35555555555555557 0.32864583333333336 0.35185185185185186 0.3221354166666667 0.35509259259259257 0.3151041666666667 0.3527777777777778 0.30755208333333334 0.35555555555555557 0.303125 0.35462962962962963 0.29322916666666665 0.3611111111111111 0.29192708333333334 0.3587962962962963 0.28463541666666664 0.35648148148148145 0.28177083333333336 0.3453703703703704 0.27005208333333336 0.32407407407407407 0.2515625 0.3050925925925926 0.23723958333333334 0.2967592592592593 0.22265625 0.2916666666666667 0.19869791666666667 0.287962962962963 0.18125 0.2884259259259259 0.15807291666666667 0.29444444444444445 0.14114583333333333 0.3023148148148148 0.12473958333333333 0.31342592592592594 0.10963541666666667 0.32685185185185184 0.09140625 0.3476851851851852 0.07447916666666667 0.3731481481481482 0.07161458333333333 0.38333333333333336 0.05078125 0.38935185185185184 0.04088541666666667 0.3902777777777778 0.0375 0.3925925925925926 0.03333333333333333 0.3902777777777778 0.022395833333333334 0.3925925925925926 0.011979166666666667 0.3958333333333333
0 0.3888020833333333 0.37592592592592594 0.38828125 0.4222222222222222 0.38958333333333334 0.4351851851851852 0.39166666666666666 0.4425925925925926 0.39739583333333334 0.4550925925925926 0.40390625 0.4652777777777778 0.4200520833333333 0.4824074074074074 0.42552083333333335 0.4842592592592593 0.43203125 0.4791666666666667 0.45 0.4773148148148148 0.4548611979166666 0.47824074074074074 0.46015625 0.4837962962962963 0.46197916666666666 0.49722222222222223 0.4627604166666667 0.5231481481481481 0.46510416666666665 0.5407407407407407 0.46432291666666664 0.5467592592592593 0.4671875 0.5597222222222222 0.48802083333333335 0.5976851851851852 0.4947916666666667 0.5995370370370371 0.5294270833333333 0.5907407407407408 0.5403645833333334 0.5902777777777778 0.54609375 0.5921296296296297 0.5510416666666667 0.5962962962962963 0.5549479166666667 0.6023148148148149 0.5614583333333333 0.625 0.5658854166666667 0.6263888888888889 0.57421875 0.6240740740740741 0.5901041666666667 0.6143518518518518 0.6005208333333333 0.6037037037037037 0.6114583333333333 0.5875 0.6184895833333334 0.5712962962962963 0.62578125 0.5458333333333333 0.6302083333333334 0.5226851851851851 0.6315104166666666 0.5050925925925925 0.6486979166666667 0.4726851851851852 0.6544270833333333 0.4527777777777778 0.6614583333333334 0.45 0.6747395833333333 0.4532407407407407 0.6802083333333333 0.45092592592592595 0.6854166666666667 0.44583333333333336 0.70078125 0.42453703703703705 0.7080729166666667 0.4064814814814815 0.7106770833333333 0.3939814814814815 0.71171875 0.3592592592592593 0.7065104166666667 0.33564814814814814 0.7026041666666667 0.32731481481481484 0.6971354166666667 0.32175925925925924 0.6927083333333334 0.3194444444444444 0.6856770833333333 0.3194444444444444 0.6536458333333334 0.32083333333333336 0.6471354166666666 0.3226851851851852 0.6427083333333333 0.32037037037037036 0.6377604166666667 0.3087962962962963 0.6278645833333333 0.29444444444444445 0.6114583333333333 0.2777777777777778 0.5841145833333333 0.26064814814814813 0.5645833333333333 0.25416666666666665 0.5466145833333333 0.2523148148148148 0.5294270833333333 0.2537037037037037 0.5091145833333334 0.2601851851851852 0.48072916666666665 0.27824074074074073 0.4630208333333333 0.3 0.4552083333333333 0.3138888888888889 0.44947916666666665 0.3282407407407407 0.446875 0.3388888888888889 0.428125 0.3449074074074074 0.42161458333333335 0.3416666666666667 0.4005208333333333 0.3486111111111111 0.3966145833333333 0.35185185185185186 0.39036458333333335 0.3638888888888889
0 0.6127604166666667 0.6370370370370371 0.6127604166666667 0.6768518518518518 0.6197916666666666 0.7064814814814815 0.6255208333333333 0.7203703703703703 0.63359375 0.7342592592592593 0.6515625 0.7518518518518519 0.6544270833333333 0.7527777777777778 0.6627604166666666 0.75 0.66953125 0.7513888888888889 0.67109375 0.7462962962962963 0.6731770833333334 0.7453703703703703 0.67734375 0.7541666666666667 0.6770833333333334 0.7597222222222222 0.67890625 0.7726851851851851 0.6828125 0.7902777777777777 0.69375 0.8208333333333333 0.7028645833333333 0.8398148148148148 0.7236979166666667 0.8671296296296296 0.7442708333333333 0.8837962962962963 0.7526041666666666 0.8865740740740741 0.76875 0.8981481481481481 0.79375 0.9009259259259259 0.8140625 0.8949074074074074 0.8356770833333333 0.8805555555555555 0.8453125 0.8685185185185185 0.8552083333333333 0.8518518518518519 0.8661458333333333 0.825462962962963 0.8880208333333334 0.8078703703703703 0.9020833333333333 0.7902777777777777 0.909375 0.7777777777777778 0.915625 0.7625 0.92734375 0.7240740740740741 0.9309895833333334 0.7064814814814815 0.9591145833333333 0.6509259259259259 0.9604166666666667 0.6509259259259259 0.9619791666666667 0.6439814814814815 0.96875 0.6375 0.9739583333333334 0.6282407407407408 0.9822916666666667 0.5995370370370371 0.9828125 0.5907407407407408 0.98125 0.5805555555555556 0.9731770833333333 0.5606481481481481 0.96484375 0.5467592592592593 0.96015625 0.5421296296296296 0.96015625 0.5393518518518519 0.9565104166666667 0.5361111111111111 0.9390625 0.5328703703703703 0.90078125 0.5398148148148149 0.8997395833333334 0.5435185185185185 0.8955729166666667 0.5439814814814815 0.8869791666666667 0.5328703703703703 0.8848958333333333 0.5291666666666667 0.88359375 0.5222222222222223 0.8807291666666667 0.5175925925925926 0.8669270833333333 0.5009259259259259 0.8450520833333334 0.48194444444444445 0.8322916666666667 0.47314814814814815 0.8174479166666667 0.46435185185185185 0.7966145833333333 0.45740740740740743 0.7770833333333333 0.45416666666666666 0.7552083333333334 0.4550925925925926 0.740625 0.45925925925925926 0.721875 0.4685185185185185 0.7114583333333333 0.4777777777777778 0.6981770833333333 0.4930555555555556 0.6856770833333333 0.5148148148148148 0.6786458333333333 0.5356481481481481 0.67421875 0.5537037037037037 0.6716145833333333 0.5708333333333333 0.6713541666666667 0.5856481481481481 0.6546875 0.5916666666666667 0.6341145833333334 0.5953703703703703 0.6244791666666667 0.5995370370370371 0.6171875 0.6087962962962963 0.6138020833333333 0.624537037037037
0 0.7361979166666667 0.35324074074074074 0.7361979166666667 0.36018518518518516 0.7403645833333333 0.3763888888888889 0.7497395833333333 0.4023148148148148 0.7645833333333333 0.42962962962962964 0.7822916666666667 0.44907407407407407 0.8135416666666667 0.46064814814814814 0.8473958333333333 0.48148148148148145 0.8643229166666667 0.49583333333333335 0.8786458333333333 0.5111111111111111 0.8903645833333333 0.5287037037037037 0.8966145833333333 0.5347222222222222 0.9083333333333333 0.5351851851851852 0.9291666666666667 0.5319444444444444 0.9354166666666667 0.5296296296296297 0.9375 0.5263888888888889 0.94765625 0.49675925925925923 0.9588541666666667 0.4722222222222222 0.97578125 0.45787037037037037 0.9817708333333334 0.45 0.9901041666666667 0.4351851851851852 0.9997395833333333 0.4078703703703704 0.9997395833333333 0.29074074074074074 0.9934895833333334 0.28935185185185186 0.9885416666666667 0.28425925925925927 0.9828125 0.2875 0.96875 0.27037037037037037 0.96796875 0.262037037037037 0.9690104166666667 0.25833333333333336 0.9671875 0.25277777777777777 0.9640625 0.25092592592592594 0.95859375 0.25277777777777777 0.9533854166666667 0.2513888888888889 0.9369791666666667 0.23703703703703705 0.9044270833333333 0.21944444444444444 0.89375 0.21574074074074073 0.8716145833333333 0.21203703703703702 0.8432291666666667 0.2152777777777778 0.81953125 0.22592592592592592 0.8049479166666667 0.23935185185185184 0.79609375 0.2523148148148148 0.7911458333333333 0.26435185185185184 0.7838541666666666 0.3 0.7658854166666667 0.3060185185185185 0.7557291666666667 0.30694444444444446 0.7505208333333333 0.3101851851851852 0.74765625 0.3143518518518518 0.7440104166666667 0.33101851851851855