1 0.17178255208333332 0.4172416666666666 0.17538307291666666 0.4163736111111111 0.1784953125 0.41322731481481484 0.18148541666666668 0.40802037037037037 0.18295 0.40400601851851853 0.18356015625 0.4003175925925926 0.18417057291666666 0.39413379629629625 0.1839875 0.39044537037037036 0.18215677083333331 0.38708194444444444 0.1786171875 0.3848037037037037 0.17507786458333333 0.3824171296296296 0.16824322916666665 0.3711347222222222 0.16708385416666666 0.370375 0.16513098958333333 0.3705921296296297 0.16281197916666665 0.3720023148148148 0.16000494791666667 0.3759078703703704 0.15811328125 0.37927083333333333 0.15725885416666668 0.3829597222222222 0.15707578125000002 0.3869736111111111 0.15811328125 0.39011990740740743 0.16464270833333333 0.4020532407407407 0.16507005208333334 0.4081287037037037 0.16659557291666666 0.41192546296296295 0.1686703125 0.41452916666666667
1 0.14828828125000001 0.23313888888888887 0.15140052083333336 0.23237962962962963 0.15426875 0.2297759259259259 0.15683177083333336 0.22662962962962963 0.1586625 0.22272407407407407 0.16024895833333333 0.21881851851851852 0.1597609375 0.2155638888888889 0.15890651041666667 0.2126347222222222 0.15573333333333333 0.20829537037037038 0.15304817708333335 0.20363055555555554 0.14816640625 0.1924560185185185 0.14700677083333333 0.1909375 0.14468802083333332 0.19126296296296297 0.14230807291666667 0.1920222222222222 0.14090442708333334 0.19343240740740741 0.13907369791666666 0.19527685185185184 0.13791432291666667 0.1975550925925926 0.13699895833333334 0.19994166666666668 0.13693802083333334 0.2031962962962963 0.13748723958333334 0.2053662037037037 0.14157578124999998 0.2162148148148148 0.14273515625 0.22576157407407407 0.14352838541666665 0.2283652777777778 0.14480989583333334 0.2305351851851852 0.146640625 0.2321625
1 0.346128125 0.2285824074074074 0.34911848958333336 0.2281486111111111 0.3524747395833333 0.22543611111111111 0.35509869791666665 0.22153055555555554 0.3566854166666667 0.21805925925925926 0.3577838541666667 0.21393657407407407 0.35833307291666666 0.20916342592592593 0.35760078125 0.2053662037037037 0.3558921875 0.20232870370370368 0.3511932291666667 0.19690416666666666 0.3456401041666667 0.18377731481481482 0.3438703125 0.18247546296296296 0.341734375 0.18247546296296296 0.33990390625 0.1830175925925926 0.33776796875 0.1847537037037037 0.33563203125 0.18789953703703705 0.33435052083333333 0.19126296296296297 0.33374036458333334 0.19484305555555556 0.3336794270833333 0.19733796296296297 0.33428958333333336 0.20037592592592593 0.33880546875 0.21133287037037035 0.339415625 0.21643194444444444 0.3404528645833333 0.22326666666666664 0.3421005208333333 0.22608703703703703 0.34417552083333336 0.22782314814814816
2 0.012921614583333333 0.3741837962962963 0.014585416666666667 0.3823990740740741 0.024753385416666666 0.40244444444444444 0.029559895833333336 0.3998157407407407 0.032147916666666665 0.3935722222222222 0.030669010416666666 0.38699999999999996 0.021240885416666667 0.3692546296296296 0.015140104166666666 0.3712263888888889
2 0.014644791666666665 0.21156203703703702 0.0229046875 0.2332087962962963 0.027156510416666668 0.2338662037037037 0.030484114583333333 0.22893703703703705 0.030484114583333333 0.22335046296296296 0.022165104166666668 0.20560555555555557 0.017913281250000003 0.20396250000000002 0.015325 0.2079060185185185
2 0.17714739583333333 0.20722314814814813 0.18281588541666668 0.2079060185185185 0.19058046874999998 0.2302513888888889 0.18891666666666668 0.23550925925925925 0.18374036458333334 0.23978101851851852 0.18133697916666666 0.23583796296296297 0.17394218749999998 0.2148064814814815 0.17468177083333333 0.20856296296296295
2 0.21192604166666668 0.3901773148148148 0.22200807291666666 0.4103314814814815 0.22219296875 0.41854675925925927 0.21794088541666667 0.4224898148148148 0.21128567708333332 0.4224898148148148 0.20333645833333333 0.3998157407407407 0.20333645833333333 0.39291481481481483 0.20962187499999999 0.3879856481481481
2 0.3848013020833333 0.2303638888888889 0.38158854166666667 0.20803842592592592 0.3817734375 0.2014662037037037 0.38694973958333334 0.19719444444444445 0.39212604166666665 0.2067240740740741 0.3952690104166667 0.2257837962962963 0.3941596354166667 0.2293986111111111 0.38842864583333336 0.23334166666666664
0 0.77578125 0.2916666666666667 0.7760416666666666 0.3055555555555556 0.77890625 0.31712962962962965 0.7861979166666667 0.33055555555555555 0.7989583333333333 0.34629629629629627 0.8033854166666666 0.35 0.8075520833333333 0.3509259259259259 0.8140625 0.3476851851851852 0.81796875 0.3486111111111111 0.8322916666666667 0.3453703703703704 0.8354166666666667 0.3476851851851852 0.8385416666666666 0.3527777777777778 0.8427083333333333 0.3662037037037037 0.8416666666666667 0.3731481481481482 0.8416666666666667 0.39814814814814814 0.846875 0.42314814814814816 0.859375 0.4527777777777778 0.8765625 0.475462962962963 0.8893229166666666 0.47453703703703703 0.8947916666666667 0.47638888888888886 0.90078125 0.4847222222222222 0.9033854166666667 0.4925925925925926 0.90703125 0.4949074074074074 0.9341145833333333 0.49907407407407406 0.9502604166666667 0.4962962962962963 0.9546875 0.4935185185185185 0.9606770833333333 0.4759259259259259 0.9690104166666667 0.46620370370370373 0.975 0.4638888888888889 0.99375 0.4634259259259259 0.9997395833333333 0.4587962962962963 0.9997395833333333 0.17731481481481481 0.9796875 0.16527777777777777 0.9776041666666667 0.16111111111111112 0.9736979166666667 0.1574074074074074 0.9567708333333333 0.1537037037037037 0.9486979166666667 0.1537037037037037 0.9427083333333334 0.1574074074074074 0.9111979166666667 0.1638888888888889 0.9013020833333333 0.1675925925925926 0.88046875 0.17962962962962964 0.87578125 0.17824074074074073 0.8721354166666667 0.18009259259259258 0.8557291666666667 0.19768518518518519 0.8520833333333333 0.2037037037037037 0.85078125 0.20972222222222223 0.8432291666666667 0.22268518518518518 0.8361979166666667 0.23796296296296296 0.8278645833333333 0.26805555555555555 0.8263020833333333 0.26805555555555555 0.8255208333333334 0.26990740740740743 0.8190104166666666 0.2652777777777778 0.8049479166666667 0.262037037037037 0.8005208333333333 0.25462962962962965 0.7958333333333333 0.2513888888888889 0.7903645833333334 0.24953703703703703 0.7828125 0.2513888888888889 0.7794270833333333 0.2564814814814815 0.778125 0.26157407407407407
0 0.5786458333333333 0.4842592592592593 0.5783854166666667 0.4981481481481482 0.58046875 0.5083333333333333 0.5856770833333333 0.5189814814814815 0.5854166666666667 0.5222222222222223 0.5877604166666667 0.5282407407407408 0.5919270833333333 0.5347222222222222 0.6020833333333333 0.5435185185185185 0.6057291666666667 0.5425925925925926 0.6072916666666667 0.5467592592592593 0.6270833333333333 0.5509259259259259 0.6317708333333333 0.5726851851851852 0.6372395833333333 0.5898148148148148 0.6432291666666666 0.6027777777777777 0.6596354166666667 0.6319444444444444 0.66640625 0.6587962962962963 0.67421875 0.6759259259259259 0.6872395833333333 0.6939814814814815 0.7020833333333333 0.7069444444444445 0.7145833333333333 0.7148148148148148 0.73359375 0.7180555555555556 0.7481770833333333 0.7171296296296297 0.7630208333333334 0.7125 0.7841145833333333 0.6976851851851852 0.7911458333333333 0.6902777777777778 0.8067708333333333 0.6648148148148149 0.8067708333333333 0.6611111111111111 0.8098958333333334 0.649537037037037 0.8174479166666667 0.6337962962962963 0.8171875 0.6231481481481481 0.8203125 0.6162037037037037 0.82109375 0.6092592592592593 0.8203125 0.6055555555555555 0.828125 0.586574074074074 0.83125 0.5837962962962963 0.8359375 0.5837962962962963 0.8440104166666667 0.5861111111111111 0.8557291666666667 0.5861111111111111 0.8598958333333333 0.5884259259259259 0.8700520833333333 0.5851851851851851 0.88359375 0.575 0.8986979166666667 0.5504629629629629 0.9013020833333333 0.5370370370370371 0.90234375 0.512962962962963 0.90078125 0.4875 0.8973958333333333 0.48055555555555557 0.8940104166666667 0.4773148148148148 0.890625 0.4759259259259259 0.8830729166666667 0.47685185185185186 0.8765625 0.48009259259259257 0.8734375 0.4837962962962963 0.8627604166666667 0.4842592592592593 0.8565104166666667 0.48935185185185187 0.8526041666666667 0.487962962962963 0.846875 0.4888888888888889 0.84296875 0.48657407407407405 0.8408854166666667 0.4810185185185185 0.8369791666666667 0.45231481481481484 0.8299479166666667 0.4356481481481482 0.8140625 0.4078703703703704 0.79765625 0.38842592592592595 0.7864583333333334 0.38055555555555554 0.7794270833333333 0.3699074074074074 0.7559895833333333 0.36203703703703705 0.7484375 0.36712962962962964 0.73828125 0.36712962962962964 0.7153645833333333 0.37083333333333335 0.703125 0.375 0.6927083333333334 0.3819444444444444 0.6861979166666666 0.38055555555555554 0.68203125 0.3819444444444444 0.6716145833333333 0.3907407407407407 0.6627604166666666 0.4027777777777778 0.6596354166666667 0.4111111111111111 0.6458333333333334 0.4337962962962963 0.6359375 0.4564814814814815 0.6356770833333333 0.4601851851851852 0.6341145833333334 0.46296296296296297 0.6190104166666667 0.46296296296296297 0.6174479166666667 0.4597222222222222 0.6119791666666666 0.46111111111111114 0.6091145833333333 0.4532407407407407 0.6065104166666667 0.449537037037037 0.5947916666666667 0.44583333333333336 0.5893229166666667 0.4486111111111111 0.5859375 0.4527777777777778 0.5833333333333334 0.4601851851851852 0.5822916666666667 0.4699074074074074
0 0.4859375 0.2657407407407407 0.4856770833333333 0.2722222222222222 0.48411458333333335 0.27824074074074073 0.48463541666666665 0.29305555555555557 0.4875 0.3037037037037037 0.4921875 0.3138888888888889 0.4981770833333333 0.32314814814814813 0.5119791666666667 0.3337962962962963 0.5252604166666667 0.3296296296296296 0.52890625 0.3333333333333333 0.5315104166666667 0.3425925925925926 0.5393229166666667 0.35833333333333334 0.5546875 0.37777777777777777 0.5557291666666667 0.38333333333333336 0.5557291666666667 0.3939814814814815 0.5630208333333333 0.4199074074074074 0.575 0.43703703703703706 0.5778645833333333 0.44305555555555554 0.5869791666666667 0.44814814814814813 0.5950520833333334 0.4439814814814815 0.5997395833333333 0.4444444444444444 0.6083333333333333 0.45046296296296295 0.6127604166666667 0.4564814814814815 0.6265625 0.4583333333333333 0.6369791666666667 0.4513888888888889 0.6455729166666667 0.43333333333333335 0.6588541666666666 0.4111111111111111 0.66328125 0.399537037037037 0.678125 0.38333333333333336 0.68984375 0.3763888888888889 0.6885416666666667 0.37407407407407406 0.6885416666666667 0.3685185185185185 0.6903645833333333 0.3592592592592593 0.6908854166666667 0.34444444444444444 0.6919270833333333 0.3402777777777778 0.68984375 0.33101851851851855 0.6859375 0.3277777777777778 0.6875 0.3236111111111111 0.7161458333333334 0.32175925925925924 0.72421875 0.3148148148148148 0.73359375 0.3 0.7356770833333334 0.2935185185185185 0.7416666666666667 0.28194444444444444 0.7453125 0.25462962962962965 0.7442708333333333 0.2412037037037037 0.7421875 0.23194444444444445 0.73828125 0.22592592592592592 0.7307291666666667 0.2273148148148148 0.7236979166666667 0.23333333333333334 0.7125 0.2375 0.71015625 0.2412037037037037 0.7104166666666667 0.2449074074074074 0.7096354166666666 0.24583333333333332 0.7049479166666667 0.2449074074074074 0.6989583333333333 0.24675925925925926 0.69765625 0.24259259259259258 0.6973958333333333 0.2337962962962963 0.6927083333333334 0.2162037037037037 0.6885416666666667 0.2064814814814815 0.6802083333333333 0.1925925925925926 0.66796875 0.18055555555555555 0.6541666666666667 0.17222222222222222 0.6481770833333333 0.1648148148148148 0.6388020833333333 0.1638888888888889 0.6078125 0.16712962962962963 0.5947916666666667 0.17314814814814813 0.5828125 0.18009259259259258 0.5744791666666667 0.18703703703703703 0.57109375 0.18796296296296297 0.55625 0.20416666666666666 0.55234375 0.21342592592592594 0.5427083333333333 0.22962962962962963 0.54140625 0.23472222222222222 0.5333333333333333 0.2518518518518518 0.5330729166666667 0.25462962962962965 0.5294270833333333 0.26064814814814813 0.5260416666666666 0.2587962962962963 0.5153645833333333 0.25833333333333336 0.5072916666666667 0.24953703703703703 0.5020833333333333 0.24675925925925926 0.4942708333333333 0.24722222222222223 0.4901041666666667 0.2513888888888889
0 0.30703125 0.46435185185185185 0.30703125 0.4777777777777778 0.30833333333333335 0.4837962962962963 0.3177083333333333 0.5023148148148148 0.32135416666666666 0.5046296296296297 0.32109375 0.5087962962962963 0.32395833333333335 0.5120370370370371 0.33098958333333334 0.5157407407407407 0.3341145833333333 0.512962962962963 0.33645833333333336 0.512962962962963 0.33880208333333334 0.5152777777777777 0.3411458333333333 0.524537037037037 0.34375 0.5537037037037037 0.3455729166666667 0.562962962962963 0.35104166666666664 0.5773148148148148 0.359375 0.5921296296296297 0.3729166666666667 0.6064814814814815 0.3802083333333333 0.6092592592592593 0.384375 0.6134259259259259 0.3927083333333333 0.6319444444444444 0.40260416666666665 0.6467592592592593 0.41640625 0.6597222222222222 0.4317708333333333 0.6652777777777777 0.44609375 0.6643518518518519 0.4596354166666667 0.6597222222222222 0.4783854166666667 0.6453703703703704 0.4895833333333333 0.6324074074074074 0.49635416666666665 0.6194444444444445 0.5002604166666667 0.6157407407407407 0.5065104166666666 0.6 0.5078125 0.5916666666666667 0.5138020833333333 0.5740740740740741 0.5158854166666667 0.5606481481481481 0.51484375 0.5518518518518518 0.5221354166666666 0.5532407407407407 0.5268229166666667 0.5518518518518518 0.53046875 0.5476851851851852 0.5401041666666667 0.5310185185185186 0.5442708333333334 0.5180555555555556 0.5515625 0.48055555555555557 0.5510416666666667 0.4699074074074074 0.5489583333333333 0.4597222222222222 0.5434895833333333 0.4550925925925926 0.53125 0.4597222222222222 0.52265625 0.4689814814814815 0.5192708333333333 0.46574074074074073 0.5153645833333333 0.46805555555555556 0.5145833333333333 0.46620370370370373 0.515625 0.4634259259259259 0.5138020833333333 0.45925925925925926 0.5158854166666667 0.45601851851851855 0.51328125 0.4532407407407407 0.51171875 0.44675925925925924 0.51171875 0.43796296296296294 0.5091145833333334 0.4212962962962963 0.50546875 0.4074074074074074 0.4984375 0.3907407407407407 0.4856770833333333 0.3726851851851852 0.4739583333333333 0.3625 0.46015625 0.3560185185185185 0.45234375 0.3597222222222222 0.4356770833333333 0.3611111111111111 0.4078125 0.37453703703703706 0.39869791666666665 0.3763888888888889 0.38333333333333336 0.3925925925925926 0.3776041666666667 0.40555555555555556 0.36770833333333336 0.42268518518518516 0.3614583333333333 0.4300925925925926 0.35859375 0.44027777777777777 0.35625 0.4439814814814815 0.35052083333333334 0.44675925925925924 0.35052083333333334 0.44212962962962965 0.34791666666666665 0.4393518518518518 0.3494791666666667 0.4351851851851852 0.34739583333333335 0.43148148148148147 0.3229166666666667 0.43194444444444446 0.3171875 0.4351851851851852 0.3140625 0.4412037037037037 0.30963541666666666 0.4527777777777778
0 0.26067708333333334 0.24814814814814815 0.2604166666666667 0.26296296296296295 0.2625 0.2722222222222222 0.26901041666666664 0.28425925925925927 0.27760416666666665 0.29444444444444445 0.2799479166666667 0.30324074074074076 0.28229166666666666 0.30694444444444446 0.28619791666666666 0.30648148148148147 0.29921875 0.3416666666666667 0.309375 0.35555555555555557 0.3268229166666667 0.3685185185185185 0.32838541666666665 0.3800925925925926 0.33984375 0.4083333333333333 0.35625 0.42407407407407405 0.3614583333333333 0.425462962962963 0.36666666666666664 0.4217592592592593 0.37786458333333334 0.40324074074074073 0.38359375 0.38981481481481484 0.39765625 0.37546296296296294 0.4078125 0.3726851851851852 0.42421875 0.3638888888888889 0.43723958333333335 0.3592592592592593 0.44166666666666665 0.35555555555555557 0.44479166666666664 0.3384259259259259 0.44479166666666664 0.31527777777777777 0.4510416666666667 0.3074074074074074 0.4635416666666667 0.27870370370370373 0.4703125 0.2439814814814815 0.46770833333333334 0.2337962962962963 0.4596354166666667 0.21435185185185185 0.45546875 0.21157407407407408 0.43828125 0.21064814814814814 0.434375 0.20879629629629629 0.42526041666666664 0.1787037037037037 0.41640625 0.16435185185185186 0.4005208333333333 0.1537037037037037 0.3854166666666667 0.15185185185185185 0.36640625 0.15555555555555556 0.34765625 0.1648148148148148 0.3299479166666667 0.18101851851851852 0.3177083333333333 0.19583333333333333 0.30364583333333334 0.21944444444444444 0.2786458333333333 0.22083333333333333 0.2734375 0.22361111111111112 0.2671875 0.23148148148148148 0.26197916666666665 0.24259259259259258
0 0.09296875 0.43194444444444446 0.09348958333333333 0.44212962962962965 0.0984375 0.4527777777777778 0.10911458333333333 0.46805555555555556 0.11328125 0.47175925925925927 0.11536458333333334 0.48055555555555557 0.11614583333333334 0.5046296296296297 0.11901041666666666 0.5175925925925926 0.13151041666666666 0.5430555555555555 0.14505208333333333 0.5569444444444445 0.16510416666666666 0.5643518518518519 0.18072916666666666 0.5898148148148148 0.19166666666666668 0.6032407407407407 0.20260416666666667 0.6087962962962963 0.21223958333333334 0.6111111111111112 0.22864583333333333 0.6078703703703704 0.23671875 0.6041666666666666 0.24036458333333333 0.5995370370370371 0.2565104166666667 0.5861111111111111 0.26171875 0.5777777777777777 0.26536458333333335 0.5745370370370371 0.27395833333333336 0.5578703703703703 0.2786458333333333 0.5462962962962963 0.2791666666666667 0.5421296296296296 0.28489583333333335 0.5254629629629629 0.2877604166666667 0.5120370370370371 0.28958333333333336 0.5083333333333333 0.2890625 0.5032407407407408 0.29010416666666666 0.49398148148148147 0.28932291666666665 0.4837962962962963 0.290625 0.4699074074074074 0.29739583333333336 0.4375 0.29713541666666665 0.4305555555555556 0.2875 0.4074074074074074 0.28203125 0.40324074074074073 0.27317708333333335 0.4013888888888889 0.27057291666666666 0.39861111111111114 0.265625 0.37175925925925923 0.25677083333333334 0.35 0.2520833333333333 0.3416666666666667 0.24609375 0.3347222222222222 0.23567708333333334 0.3277777777777778 0.22317708333333333 0.325 0.20546875 0.3277777777777778 0.19192708333333333 0.3347222222222222 0.18072916666666666 0.3425925925925926 0.17838541666666666 0.3458333333333333 0.17135416666666667 0.34814814814814815 0.16744791666666667 0.35185185185185186 0.1640625 0.3597222222222222 0.16119791666666666 0.36157407407407405 0.14947916666666666 0.3763888888888889 0.14036458333333332 0.3925925925925926 0.13411458333333334 0.3990740740740741 0.13177083333333334 0.3958333333333333 0.12890625 0.39490740740740743 0.12317708333333334 0.3962962962962963 0.115625 0.39537037037037037 0.10677083333333333 0.40046296296296297 0.10572916666666667 0.40555555555555556 0.1 0.4115740740740741
0 0.08359375 0.2490740740740741 0.08333333333333333 0.25601851851851853 0.08463541666666667 0.26157407407407407 0.09114583333333333 0.2759259259259259 0.0984375 0.2865740740740741 0.10182291666666667 0.3143518518518518 0.1109375 0.33564814814814814 0.11536458333333334 0.34305555555555556 0.1265625 0.3541666666666667 0.13723958333333333 0.3578703703703704 0.14401041666666667 0.36944444444444446 0.14739583333333334 0.3726851851851852 0.15078125 0.3726851851851852 0.15729166666666666 0.36342592592592593 0.16223958333333333 0.3592592592592593 0.16927083333333334 0.34814814814814815 0.17578125 0.3453703703703704 0.18932291666666667 0.3347222222222222 0.20755208333333333 0.32592592592592595 0.21822916666666667 0.3236111111111111 0.228125 0.32407407407407407 0.2359375 0.3263888888888889 0.24427083333333333 0.33194444444444443 0.2484375 0.33240740740740743 0.24973958333333332 0.3287037037037037 0.2515625 0.3106481481481482 0.25 0.29444444444444445 0.24635416666666668 0.28888888888888886 0.24947916666666667 0.2759259259259259 0.25338541666666664 0.26805555555555555 0.2559895833333333 0.25833333333333336 0.2552083333333333 0.24768518518518517 0.24713541666666666 0.23472222222222222 0.24453125 0.22685185185185186 0.23333333333333334 0.22037037037037038 0.23333333333333334 0.21203703703703702 0.23151041666666666 0.20416666666666666 0.21901041666666668 0.175 0.21145833333333333 0.16805555555555557 0.20182291666666666 0.16435185185185186 0.17994791666666668 0.16620370370370371 0.16067708333333333 0.1763888888888889 0.15078125 0.18518518518518517 0.14765625 0.19074074074074074 0.140625 0.19212962962962962 0.13802083333333334 0.1962962962962963 0.13723958333333333 0.20092592592592592 0.13541666666666666 0.20416666666666666 0.13151041666666666 0.2064814814814815 0.12864583333333332 0.21296296296296297 0.12317708333333334 0.22083333333333333 0.11927083333333334 0.22268518518518518 0.11666666666666667 0.22037037037037038 0.10625 0.22037037037037038 0.09609375 0.22361111111111112 0.08697916666666666 0.23981481481481481
0 0.010416666666666666 0.18055555555555555 0.0026041666666666665 0.1884259259259259 0 0.18888888888888888 0 0.33194444444444443 0.005208333333333333 0.33194444444444443 0.0125 0.3282407407407407 0.016666666666666666 0.32175925925925924 0.03619791666666667 0.3148148148148148 0.05078125 0.31527777777777777 0.05807291666666667 0.31851851851851853 0.065625 0.32592592592592595 0.06901041666666667 0.33194444444444443 0.07083333333333333 0.3398148148148148 0.07473958333333333 0.3453703703703704 0.07916666666666666 0.34675925925925927 0.08333333333333333 0.34444444444444444 0.090625 0.33194444444444443 0.09453125 0.31851851851851853 0.09505208333333333 0.31342592592592594 0.09817708333333333 0.30694444444444446 0.09661458333333334 0.3 0.09505208333333333 0.29814814814814816 0.09427083333333333 0.2865740740740741 0.09244791666666667 0.2814814814814815 0.08541666666666667 0.2708333333333333 0.08567708333333333 0.2689814814814815 0.08072916666666667 0.2550925925925926 0.08255208333333333 0.24259259259259258 0.08515625 0.2412037037037037 0.08619791666666667 0.2375 0.08541666666666667 0.2337962962962963 0.07916666666666666 0.2199074074074074 0.06979166666666667 0.2152777777777778 0.071875 0.20972222222222223 0.07135416666666666 0.19907407407407407 0.06692708333333333 0.1925925925925926 0.06510416666666667 0.18472222222222223 0.06015625 0.17546296296296296 0.05703125 0.17314814814814813 0.040364583333333336 0.16805555555555557 0.026302083333333334 0.17083333333333334
0 0.015625 0.3236111111111111 0.009114583333333334 0.3300925925925926 0 0.3351851851851852 0 0.5439814814814815 0.009375 0.5532407407407407 0.014583333333333334 0.5615740740740741 0.026041666666666668 0.5685185185185185 0.04375 0.5689814814814815 0.05026041666666667 0.5643518518518519 0.057291666666666664 0.5625 0.07604166666666666 0.5444444444444444 0.09505208333333333 0.5148148148148148 0.10364583333333334 0.49074074074074076 0.10625 0.4740740740740741 0.10442708333333334 0.4666666666666667 0.1015625 0.4601851851851852 0.09635416666666667 0.45601851851851855 0.0953125 0.4532407407407407 0.09192708333333334 0.4550925925925926 0.09036458333333333 0.45046296296296295 0.09192708333333334 0.44305555555555554 0.09192708333333334 0.43194444444444446 0.10052083333333334 0.4041666666666667 0.09453125 0.3972222222222222 0.09296875 0.38472222222222224 0.08854166666666667 0.38425925925925924 0.08671875 0.3800925925925926 0.08932291666666667 0.3763888888888889 0.09010416666666667 0.36898148148148147 0.08151041666666667 0.36018518518518516 0.07890625 0.3523148148148148 0.07161458333333333 0.3421296296296296 0.06692708333333333 0.33055555555555555 0.062239583333333334 0.32314814814814813 0.057291666666666664 0.3194444444444444 0.040625 0.31527777777777777