1 0.45 0.4787037037037037 0.4505208333333333 0.5027777777777778 0.446875 0.5259259259259259 0.4463463541666667 0.534012962962963 0.4503989583333333 0.5409759259259259 0.457153125 0.5457787037037037 0.4670140625 0.5450583333333333 0.47309270833333333 0.5412166666666667 0.4771447916666667 0.5383351851851852 0.47944166666666665 0.5323324074074074 0.4795765625 0.5275296296296296 0.47552395833333333 0.5025574074074074 0.4747135416666667 0.4749444444444445 0.47174166666666667 0.4706222222222222 0.46714895833333336 0.4687018518518518 0.4616104166666667 0.46774166666666667 0.45677083333333335 0.46944444444444444 0.4515625 0.47314814814814815
1 0.25416666666666665 0.34444444444444444 0.2547786458333333 0.3644203703703704 0.2534609375 0.37304907407407406 0.25242083333333337 0.38278796296296297 0.25290625 0.3856231481481482 0.25443177083333335 0.38845833333333335 0.25685885416666665 0.3910462962962963 0.26060364583333334 0.39277222222222224 0.2651807291666667 0.3938814814814815 0.2689947916666667 0.3933888888888889 0.2726703125 0.39264907407407407 0.2762760416666667 0.39092314814814816 0.2787729166666667 0.38833518518518517 0.2809916666666667 0.38352777777777775 0.2758598958333333 0.3655305555555556 0.2755208333333333 0.3537037037037037 0.27447916666666666 0.3453703703703704 0.2734375 0.3416666666666667 0.26875 0.33796296296296297 0.25833333333333336 0.33796296296296297 0.2557291666666667 0.3398148148148148
1 0.5598692708333334 0.43925555555555557 0.5570364583333334 0.4374111111111111 0.554296875 0.4350546296296296 0.5523526041666666 0.43144074074074074 0.5524406249999999 0.42798425925925926 0.5550036458333333 0.4210722222222222 0.5580973958333334 0.41478796296296294 0.5608369791666666 0.4015916666666667 0.5616322916666667 0.39923518518518514 0.5648140625 0.3987638888888889 0.5681729166666667 0.39923518518518514 0.5706473958333333 0.40112037037037035 0.5729453125 0.40316203703703707 0.5747130208333334 0.4058333333333333 0.5753317708333333 0.4083472222222222 0.5720614583333333 0.4237425925925926 0.5711776041666667 0.4419666666666667 0.5689682291666667 0.44306666666666666 0.5654328125 0.4429092592592592
1 0.7849640625000001 0.5597388888888889 0.7808911458333333 0.5559351851851851 0.7768260416666667 0.5520074074074074 0.7737322916666667 0.5463518518518518 0.7725833333333333 0.5417953703703704 0.7741744791666666 0.5386537037037037 0.7828359375 0.5259277777777778 0.7897296874999999 0.5077046296296297 0.7921161458333333 0.5066046296296297 0.79618125 0.5080185185185185 0.8013078124999999 0.5110037037037037 0.8054614583333334 0.5146166666666666 0.8094385416666667 0.5199583333333333 0.8100572916666666 0.5232574074074074 0.8036057291666666 0.5419527777777777 0.8011307291666667 0.5581342592592592 0.8000703125 0.5647324074074074 0.7956510416666667 0.5655185185185185 0.7900833333333334 0.5645759259259259
1 0.7551135416666667 0.4695064814814815 0.7588843749999999 0.4703138888888889 0.7621541666666667 0.4706277777777778 0.7649828125 0.4709416666666667 0.7660432291666667 0.46952777777777777 0.7659546875000001 0.4536611111111111 0.7683411458333332 0.4420351851851852 0.7680760416666667 0.4392074074074074 0.7650708333333333 0.4368509259259259 0.7621541666666667 0.43512222222222224 0.7593260416666666 0.43449444444444446 0.7546421875 0.43480833333333335 0.7541114583333334 0.4360648148148148 0.7515484375 0.44674814814814817 0.7474828124999999 0.45947314814814816 0.7463338541666666 0.4624583333333333 0.7472177083333332 0.4640296296296296 0.7503994791666667 0.4660722222222222
2 0.31684270833333333 0.4080768518518519 0.32244947916666666 0.37774351851851856 0.329190625 0.3757462962962963 0.3344338541666667 0.381737962962963 0.3303140625 0.4170203703703704 0.3239473958333334 0.4176861111111111
2 0.5244989583333334 0.5113555555555556 0.5168203124999999 0.5508277777777778 0.5216890625 0.5654731481481482 0.5306770833333333 0.5661388888888889 0.53704375 0.5381796296296296 0.5404145833333334 0.5208712962962964 0.5385416666666667 0.5095537037037037 0.5306770833333333 0.5055601851851852
2 0.5990734375 0.4285861111111111 0.5924713541666667 0.4523027777777778 0.5958416666666667 0.4576287037037037 0.6007104166666667 0.46228888888888886 0.60408125 0.45363425925925926 0.6074515625 0.44032037037037036 0.608575 0.431 0.6048302083333332 0.42634074074074074
2 0.7729442708333334 0.47912685185185183 0.7809989583333333 0.45504074074074075 0.7858677083333333 0.4570370370370371 0.7896130208333333 0.4623629629629629 0.7832463541666667 0.4823342592592593 0.7809989583333333 0.48766018518518517 0.7761307291666667 0.48899166666666666 0.7716364583333333 0.48632870370370374
2 0.8225697916666667 0.5349250000000001 0.8109598958333333 0.5635509259259259 0.8154541666666667 0.5715398148148149 0.8274385416666666 0.5781962962962963 0.8341796875 0.5482398148148149 0.8349286458333334 0.5415824074074074 0.8289364583333333 0.5369222222222222
0 0.22604166666666667 0.6055555555555555 0.22708333333333333 0.6259259259259259 0.22395833333333334 0.6518518518518519 0.22604166666666667 0.674074074074074 0.2421875 0.7074074074074074 0.26197916666666665 0.7324074074074074 0.2703125 0.7379629629629629 0.2828125 0.7398148148148148 0.28802083333333334 0.7361111111111112 0.33697916666666666 0.7314814814814815 0.33697916666666666 0.7453703703703703 0.334375 0.7537037037037037 0.33645833333333336 0.8361111111111111 0.35 0.8814814814814815 0.3645833333333333 0.9074074074074074 0.37604166666666666 0.9231481481481482 0.4041666666666667 0.9444444444444444 0.42239583333333336 0.950925925925926 0.44635416666666666 0.9518518518518518 0.47604166666666664 0.9407407407407408 0.4979166666666667 0.9231481481481482 0.5104166666666666 0.9064814814814814 0.5208333333333334 0.8870370370370371 0.5354166666666667 0.8425925925925926 0.5375 0.8203703703703704 0.5479166666666667 0.7712962962962963 0.5713541666666667 0.7333333333333333 0.584375 0.6888888888888889 0.5901041666666667 0.6925925925925925 0.5958333333333333 0.6907407407407408 0.6052083333333333 0.6787037037037037 0.6192708333333333 0.65 0.6244791666666667 0.5935185185185186 0.6229166666666667 0.5842592592592593 0.6125 0.5657407407407408 0.60625 0.5601851851851852 0.5895833333333333 0.5527777777777778 0.5677083333333334 0.5546296296296296 0.5484375 0.55 0.5401041666666667 0.5388888888888889 0.5348958333333333 0.5185185185185185 0.5296875 0.5157407407407407 0.5296875 0.5092592592592593 0.528125 0.5138888888888888 0.5114583333333333 0.5194444444444445 0.48854166666666665 0.5064814814814815 0.4796875 0.5046296296296297 0.47552083333333334 0.49907407407407406 0.475 0.48055555555555557 0.4713541666666667 0.4722222222222222 0.459375 0.47129629629629627 0.4510416666666667 0.475 0.45208333333333334 0.48055555555555557 0.44895833333333335 0.48703703703703705 0.44895833333333335 0.4935185185185185 0.44635416666666666 0.4962962962962963 0.4421875 0.4935185185185185 0.4088541666666667 0.4935185185185185 0.3776041666666667 0.5018518518518519 0.34739583333333335 0.524074074074074 0.33489583333333334 0.537962962962963 0.33125 0.5472222222222223 0.3067708333333333 0.549074074074074 0.2921875 0.5462962962962963 0.2864583333333333 0.5509259259259259 0.25625 0.549074074074074 0.2453125 0.5537037037037037 0.23802083333333332 0.5611111111111111 0.2328125 0.5722222222222222
0 0.075 0.4046296296296296 0.07447916666666667 0.41759259259259257 0.0765625 0.42777777777777776 0.07447916666666667 0.43148148148148147 0.07447916666666667 0.4462962962962963 0.078125 0.46574074074074073 0.09166666666666666 0.487962962962963 0.11041666666666666 0.5083333333333333 0.14296875 0.5083333333333333 0.14479166666666668 0.5055555555555555 0.14791666666666667 0.5092592592592593 0.15572916666666667 0.5083333333333333 0.15677083333333333 0.5055555555555555 0.16041666666666668 0.5101851851851852 0.1640625 0.5185185185185185 0.17395833333333333 0.6166666666666667 0.1796875 0.6361111111111111 0.20208333333333334 0.6638888888888889 0.21979166666666666 0.674074074074074 0.225 0.6722222222222223 0.22239583333333332 0.6583333333333333 0.225 0.6407407407407407 0.22552083333333334 0.5972222222222222 0.23229166666666667 0.5712962962962963 0.24010416666666667 0.5564814814814815 0.253125 0.5481481481481482 0.275 0.5453703703703704 0.2864583333333333 0.5481481481481482 0.2942708333333333 0.5425925925925926 0.3015625 0.5472222222222223 0.32447916666666665 0.5472222222222223 0.3614583333333333 0.5083333333333333 0.36822916666666666 0.5046296296296297 0.3734375 0.4962962962962963 0.38125 0.4981481481481482 0.40625 0.4925925925925926 0.409375 0.48703703703703705 0.4109375 0.4722222222222222 0.4109375 0.44907407407407407 0.4046875 0.43425925925925923 0.3927083333333333 0.42777777777777776 0.3723958333333333 0.425 0.3671875 0.42777777777777776 0.35572916666666665 0.4222222222222222 0.35 0.4111111111111111 0.33229166666666665 0.39814814814814814 0.33125 0.3814814814814815 0.328125 0.37777777777777777 0.32447916666666665 0.3787037037037037 0.3203125 0.3925925925925926 0.2916666666666667 0.3824074074074074 0.28177083333333336 0.38425925925925924 0.2755208333333333 0.3712962962962963 0.2755208333333333 0.3509259259259259 0.2734375 0.3416666666666667 0.2677083333333333 0.33796296296296297 0.2578125 0.33796296296296297 0.2546875 0.3416666666666667 0.25364583333333335 0.36944444444444446 0.2515625 0.3787037037037037 0.24427083333333333 0.3768518518518518 0.23645833333333333 0.37962962962962965 0.234375 0.37592592592592594 0.20677083333333332 0.38055555555555554 0.20260416666666667 0.3787037037037037 0.17135416666666667 0.39166666666666666 0.14166666666666666 0.3861111111111111 0.13385416666666666 0.37962962962962965 0.09895833333333333 0.38333333333333336 0.08072916666666667 0.39351851851851855
0 0.4432291666666667 0.4462962962962963 0.44375 0.45740740740740743 0.44114583333333335 0.4685185185185185 0.44479166666666664 0.4759259259259259 0.4427083333333333 0.48055555555555557 0.44479166666666664 0.48148148148148145 0.44583333333333336 0.487962962962963 0.44635416666666666 0.47685185185185186 0.4557291666666667 0.4675925925925926 0.47239583333333335 0.46944444444444444 0.4765625 0.48333333333333334 0.47760416666666666 0.5009259259259259 0.48489583333333336 0.5018518518518519 0.51875 0.5212962962962963 0.5223958333333333 0.5212962962962963 0.5255208333333333 0.5111111111111111 0.5302083333333333 0.5074074074074074 0.534375 0.5083333333333333 0.5390625 0.5157407407407407 0.5369791666666667 0.5388888888888889 0.553125 0.5509259259259259 0.5833333333333334 0.55 0.6098958333333333 0.5592592592592592 0.625 0.5509259259259259 0.6328125 0.5407407407407407 0.6364583333333333 0.5444444444444444 0.6401041666666667 0.5435185185185185 0.6515625 0.5296296296296297 0.65625 0.5157407407407407 0.6546875 0.5083333333333333 0.6588541666666666 0.49444444444444446 0.6583333333333333 0.4842592592592593 0.6552083333333333 0.48055555555555557 0.6421875 0.475 0.6328125 0.475 0.6270833333333333 0.46944444444444444 0.6223958333333334 0.47129629629629627 0.6067708333333334 0.4564814814814815 0.603125 0.44907407407407407 0.6052083333333333 0.4287037037037037 0.6015625 0.42777777777777776 0.5953125 0.44537037037037036 0.5729166666666666 0.43703703703703706 0.5713541666666667 0.4222222222222222 0.5744791666666667 0.4111111111111111 0.5739583333333333 0.4064814814814815 0.5651041666666666 0.3990740740740741 0.5598958333333334 0.40370370370370373 0.5536458333333333 0.4287037037037037 0.5359375 0.42407407407407405 0.5130208333333334 0.42314814814814816 0.4942708333333333 0.42962962962962964 0.484375 0.44166666666666665 0.4796875 0.44166666666666665 0.4739583333333333 0.44722222222222224 0.4708333333333333 0.44074074074074077 0.471875 0.4361111111111111 0.4609375 0.43333333333333335 0.4484375 0.4361111111111111
0 0.6515625 0.5833333333333334 0.65 0.600925925925926 0.646875 0.6055555555555555 0.6442708333333333 0.6212962962962963 0.6473958333333333 0.6351851851851852 0.653125 0.6472222222222223 0.66875 0.6712962962962963 0.66875 0.6759259259259259 0.6651041666666667 0.6814814814814815 0.6625 0.7046296296296296 0.6625 0.7203703703703703 0.6677083333333333 0.7481481481481481 0.6713541666666667 0.75 0.6786458333333333 0.7675925925925926 0.6833333333333333 0.7712962962962963 0.6875 0.7824074074074074 0.7010416666666667 0.8009259259259259 0.7192708333333333 0.8212962962962963 0.7546875 0.85 0.7864583333333334 0.8583333333333333 0.809375 0.8537037037037037 0.821875 0.8453703703703703 0.8328125 0.8240740740740741 0.8619791666666666 0.7453703703703703 0.8645833333333334 0.7416666666666667 0.8776041666666666 0.7398148148148148 0.8890625 0.7333333333333333 0.8953125 0.7212962962962963 0.9026041666666667 0.6972222222222222 0.903125 0.6722222222222223 0.8890625 0.6388888888888888 0.8666666666666667 0.6055555555555555 0.83125 0.5740740740740741 0.8270833333333333 0.5731481481481482 0.8260416666666667 0.5666666666666667 0.8296875 0.5564814814814815 0.8291666666666667 0.5462962962962963 0.8260416666666667 0.5472222222222223 0.825 0.5444444444444444 0.8255208333333334 0.537962962962963 0.8234375 0.537962962962963 0.8171875 0.5537037037037037 0.8057291666666667 0.55 0.8041666666666667 0.5388888888888889 0.8067708333333333 0.5342592592592592 0.8078125 0.5231481481481481 0.8041666666666667 0.5138888888888888 0.8005208333333333 0.5120370370370371 0.7880208333333333 0.512962962962963 0.7822916666666667 0.5185185185185185 0.7776041666666667 0.5287037037037037 0.7723958333333333 0.5287037037037037 0.7697916666666667 0.5342592592592592 0.7640625 0.5361111111111111 0.7541666666666667 0.5342592592592592 0.7427083333333333 0.5259259259259259 0.7171875 0.5194444444444445 0.6947916666666667 0.5231481481481481 0.6770833333333334 0.5361111111111111 0.6734375 0.5592592592592592 0.6692708333333334 0.5648148148148148 0.6567708333333333 0.5694444444444444
0 0.6713541666666667 0.4740740740740741 0.6697916666666667 0.48333333333333334 0.6708333333333333 0.4925925925925926 0.6640625 0.49722222222222223 0.6640625 0.5 0.6661458333333333 0.5037037037037037 0.6671875 0.5185185185185185 0.6708333333333333 0.5231481481481481 0.6703125 0.5287037037037037 0.6744791666666666 0.5324074074074074 0.678125 0.5314814814814814 0.6807291666666667 0.5259259259259259 0.6890625 0.525 0.6927083333333334 0.5175925925925926 0.7135416666666666 0.5175925925925926 0.7411458333333333 0.524074074074074 0.7484375 0.5305555555555556 0.7541666666666667 0.5314814814814814 0.7552083333333334 0.537962962962963 0.7723958333333333 0.5388888888888889 0.7854166666666667 0.5185185185185185 0.7890625 0.5083333333333333 0.7973958333333333 0.5092592592592593 0.8057291666666667 0.5185185185185185 0.8072916666666666 0.5287037037037037 0.8026041666666667 0.5444444444444444 0.8067708333333333 0.5518518518518518 0.8145833333333333 0.5537037037037037 0.8171875 0.5509259259259259 0.8244791666666667 0.5324074074074074 0.8192708333333333 0.5148148148148148 0.8119791666666667 0.5046296296296297 0.7838541666666666 0.47962962962962963 0.7833333333333333 0.4703703703703704 0.7864583333333334 0.46296296296296297 0.7859375 0.4583333333333333 0.7828125 0.4564814814814815 0.775 0.4740740740740741 0.7666666666666667 0.46944444444444444 0.7651041666666667 0.4666666666666667 0.7666666666666667 0.4388888888888889 0.7609375 0.4351851851851852 0.7541666666666667 0.43796296296296294 0.75 0.46296296296296297 0.7151041666666667 0.4527777777777778 0.696875 0.45185185185185184 0.6854166666666667 0.4601851851851852 0.6828125 0.47129629629629627
0 0.8630208333333333 0.5703703703703704 0.8734375 0.5879629629629629 0.8729166666666667 0.5916666666666667 0.8760416666666667 0.5972222222222222 0.8765625 0.6018518518518519 0.8744791666666667 0.6055555555555555 0.8765625 0.6157407407407407 0.8817708333333333 0.6203703703703703 0.8901041666666667 0.6370370370370371 0.9026041666666667 0.6648148148148149 0.9057291666666667 0.6768518518518518 0.9036458333333334 0.6953703703703704 0.8979166666666667 0.7157407407407408 0.8869791666666667 0.7388888888888889 0.8895833333333333 0.7481481481481481 0.9072916666666667 0.7694444444444445 0.9473958333333333 0.7962962962962963 0.9697916666666667 0.8055555555555556 0.9994791666666667 0.8055555555555556 0.9994791666666667 0.6074074074074074 0.9479166666666666 0.5777777777777777 0.8932291666666666 0.5574074074074075 0.8791666666666667 0.5583333333333333 0.8692708333333333 0.562962962962963
0 0.8223958333333333 0.512962962962963 0.8229166666666666 0.5231481481481481 0.8276041666666667 0.5342592592592592 0.8333333333333334 0.537962962962963 0.8354166666666667 0.549074074074074 0.83125 0.5611111111111111 0.83125 0.5703703703703704 0.8548671875 0.5943361111111112 0.8625671874999999 0.5639648148148149 0.8932291666666666 0.5555555555555556 0.9395833333333333 0.575925925925926 0.9520833333333333 0.5768518518518518 0.9557291666666666 0.5805555555555556 0.9609375 0.5712962962962963 0.9567708333333333 0.55 0.9494791666666667 0.5416666666666666 0.925 0.525 0.8635416666666667 0.49537037037037035 0.8463541666666666 0.4898148148148148 0.8302083333333333 0.49074074074074076 0.8239583333333333 0.4981481481481482
0 0.928125 0.5092592592592593 0.9265625 0.5120370370370371 0.928125 0.5231481481481481 0.9322916666666666 0.5222222222222223 0.9338541666666667 0.5287037037037037 0.9588541666666667 0.549074074074074 0.9588541666666667 0.5611111111111111 0.9625 0.5675925925925925 0.9598958333333333 0.5814814814814815 0.984375 0.5935185185185186 0.98794375 0.5829055555555556 0.98024375 0.5708898148148148 0.9830609375 0.56555 0.9921875 0.562962962962963 0.9994791666666667 0.562962962962963 0.9994791666666667 0.525 0.9484375 0.5046296296296297 0.9364583333333333 0.5046296296296297