1 0.5859617187499999 0.6140421296296296 0.5874096354166666 0.6198773148148148 0.5907882812499999 0.6241675925925926 0.5943601562499999 0.6251972222222222 0.59880078125 0.6239962962962964 0.6021794270833334 0.6222800925925925 0.6040135416666667 0.6166166666666667 0.60188984375 0.6054615740740741 0.6021794270833334 0.5907027777777777 0.6006348958333334 0.5867555555555556 0.596875 0.5842592592592593 0.5916666666666667 0.5847222222222223 0.5903645833333333 0.5879629629629629 0.5888020833333333 0.6023148148148149
1 0.482615625 0.488225462962963 0.4829291666666667 0.4912916666666667 0.4848106770833333 0.4938004629629629 0.489828125 0.4971453703703704 0.4937481770833333 0.4972847222222222 0.4965703125 0.4936611111111111 0.49531614583333333 0.48167499999999996 0.4961783854166667 0.4696888888888889 0.49500234375 0.4674587962962963 0.4923369791666667 0.4655074074074074 0.48723958333333334 0.4652777777777778 0.4861979166666667 0.4671296296296296 0.48551640625000003 0.4779115740740741
1 0.12769192708333332 0.47499583333333334 0.13111432291666666 0.4735273148148148 0.13294348958333332 0.4714291666666667 0.13430078125 0.46933148148148146 0.135421875 0.4663939814814815 0.13288463541666667 0.4608342592592593 0.13081927083333333 0.4575824074074074 0.12958020833333334 0.45013425925925926 0.12875390625 0.44782638888888887 0.12727890625 0.44604305555555557 0.1261578125 0.4454138888888889 0.12297135416666666 0.44530879629629627 0.12108307291666667 0.44604305555555557 0.11919479166666667 0.44751157407407405 0.11777864583333333 0.44919027777777776 0.11701145833333333 0.45076388888888885 0.11683463541666667 0.4529666666666667 0.11754270833333333 0.4554842592592593 0.11925390625 0.4616736111111111 0.11913593750000001 0.46744305555555554 0.11948984375 0.4733175925925926 0.12078802083333334 0.47478611111111113 0.12326640625 0.47573055555555555 0.12527265625 0.47625462962962967
2 0.15292317708333333 0.46459259259259256 0.15516223958333333 0.4862606481481482 0.1592109375 0.4878601851851852 0.16258463541666668 0.4830625 0.15966067708333334 0.46347175925925926 0.15786119791666667 0.45867407407407407 0.1535877604166667 0.4602731481481482
2 0.51790625 0.5033041666666667 0.5207091145833334 0.4820805555555556 0.5245328125 0.4820805555555556 0.5276815104166667 0.4864787037037038 0.5247575520833333 0.5072685185185185 0.5213838541666667 0.5108666666666667 0.5186848958333333 0.5084680555555555
2 0.6334635416666666 0.6049222222222223 0.6282213541666667 0.6280106481481481 0.6295708333333334 0.6344074074074074 0.6363184895833334 0.6372060185185185 0.6401421875000001 0.6200143518518518 0.64216640625 0.6120180555555556 0.6403669270833333 0.6052212962962963 0.6360934895833333 0.6024226851851852
0 0.7890625 0.6481481481481481 0.7885416666666667 0.6518518518518519 0.7903645833333334 0.6564814814814814 0.7895833333333333 0.6643518518518519 0.7932291666666667 0.6708333333333333 0.7921875 0.675 0.7963541666666667 0.6828703703703703 0.8002604166666667 0.6986111111111111 0.8052083333333333 0.7101851851851851 0.8184895833333333 0.7203703703703703 0.8192708333333333 0.7236111111111111 0.8182291666666667 0.7305555555555555 0.8184895833333333 0.7375 0.8197916666666667 0.7486111111111111 0.82109375 0.7550925925925925 0.8263020833333333 0.7666666666666667 0.8299479166666667 0.7791666666666667 0.83515625 0.7847222222222222 0.840625 0.7967592592592593 0.8489583333333334 0.8106481481481481 0.8513020833333333 0.8115740740740741 0.8627604166666667 0.8245370370370371 0.8692708333333333 0.8282407407407407 0.8739583333333333 0.8342592592592593 0.8833333333333333 0.8398148148148148 0.89765625 0.8467592592592592 0.9135416666666667 0.85 0.9229166666666667 0.85 0.9361979166666666 0.8467592592592592 0.9494791666666667 0.8351851851851851 0.9510416666666667 0.8324074074074074 0.9684895833333333 0.7888888888888889 0.9893229166666667 0.7791666666666667 0.9947916666666666 0.7726851851851851 0.9981770833333333 0.7662037037037037 0.9997395833333333 0.7662037037037037 0.9997395833333333 0.7203703703703703 0.9979166666666667 0.7199074074074074 0.99296875 0.7092592592592593 0.9919270833333333 0.7027777777777777 0.9893229166666667 0.6995370370370371 0.9856770833333334 0.6888888888888889 0.9716145833333333 0.6680555555555555 0.9510416666666667 0.6472222222222223 0.9356770833333333 0.6342592592592593 0.9104166666666667 0.6171296296296296 0.8903645833333333 0.6083333333333333 0.8778645833333333 0.6055555555555555 0.86328125 0.6050925925925926 0.8489583333333334 0.6092592592592593 0.8411458333333334 0.6087962962962963 0.83671875 0.611574074074074 0.825 0.6263888888888889 0.82109375 0.6435185185185185 0.8213541666666667 0.6550925925925926 0.81953125 0.6611111111111111 0.8065104166666667 0.6583333333333333 0.7997395833333333 0.6481481481481481 0.79453125 0.6444444444444445 0.7919270833333333 0.6449074074074074
0 0.6458333333333334 0.5324074074074074 0.64609375 0.5407407407407407 0.6505208333333333 0.5555555555555556 0.6645833333333333 0.5791666666666667 0.6703125 0.575925925925926 0.671875 0.5722222222222222 0.6747395833333333 0.5699074074074074 0.678125 0.5731481481481482 0.6768229166666667 0.5819444444444445 0.675 0.5837962962962963 0.6744791666666666 0.586574074074074 0.6739583333333333 0.6032407407407407 0.6747395833333333 0.6111111111111112 0.6783854166666666 0.6231481481481481 0.6815104166666667 0.6259259259259259 0.6895833333333333 0.6277777777777778 0.6927083333333334 0.6300925925925925 0.6963541666666667 0.6365740740740741 0.7033854166666667 0.6578703703703703 0.7088541666666667 0.6648148148148149 0.7291666666666666 0.6726851851851852 0.7484375 0.6699074074074074 0.7544270833333333 0.6671296296296296 0.76328125 0.6597222222222222 0.76875 0.6444444444444445 0.7729166666666667 0.6365740740740741 0.7768229166666667 0.6222222222222222 0.77890625 0.6060185185185185 0.7927083333333333 0.5916666666666667 0.7994791666666666 0.575 0.8013020833333333 0.5745370370370371 0.80390625 0.5791666666666667 0.81875 0.5643518518518519 0.8205729166666667 0.5606481481481481 0.821875 0.55 0.8213541666666667 0.5430555555555555 0.81875 0.5361111111111111 0.8161458333333333 0.5328703703703703 0.8153645833333333 0.5291666666666667 0.8111979166666666 0.524074074074074 0.8036458333333333 0.5231481481481481 0.8005208333333333 0.525 0.7927083333333333 0.5310185185185186 0.7895833333333333 0.5375 0.7705729166666667 0.5125 0.7559895833333333 0.5009259259259259 0.7372395833333333 0.49166666666666664 0.7208333333333333 0.487962962962963 0.7028645833333333 0.48935185185185187 0.69140625 0.4930555555555556 0.6854166666666667 0.49722222222222223 0.6791666666666667 0.5041666666666667 0.6736979166666667 0.512962962962963 0.6705729166666666 0.5273148148148148 0.6682291666666667 0.5324074074074074 0.6578125 0.5337962962962963 0.6510416666666666 0.5291666666666667 0.64765625 0.5296296296296297
0 0.4908854166666667 0.6365740740740741 0.4903645833333333 0.6550925925925926 0.49453125 0.6689814814814815 0.49765625 0.6726851851851852 0.4973958333333333 0.6759259259259259 0.5033854166666667 0.6824074074074075 0.50390625 0.6865740740740741 0.503125 0.6888888888888889 0.5049479166666667 0.6935185185185185 0.5098958333333333 0.6944444444444444 0.51328125 0.6907407407407408 0.5145833333333333 0.6856481481481481 0.515625 0.6851851851851852 0.5174479166666667 0.6875 0.5192708333333333 0.6958333333333333 0.5203125 0.6888888888888889 0.5223958333333333 0.6865740740740741 0.5338541666666666 0.7060185185185185 0.53515625 0.7157407407407408 0.5346354166666667 0.7324074074074074 0.5364583333333334 0.7546296296296297 0.5388020833333333 0.7662037037037037 0.5455729166666666 0.7800925925925926 0.5575520833333333 0.7958333333333333 0.5713541666666667 0.8092592592592592 0.5778645833333333 0.8125 0.5872395833333334 0.8143518518518519 0.609375 0.812962962962963 0.6158854166666666 0.8097222222222222 0.6296875 0.7972222222222223 0.6377604166666667 0.7819444444444444 0.64140625 0.7680555555555556 0.64296875 0.7476851851851852 0.6536458333333334 0.7208333333333333 0.6578125 0.7138888888888889 0.6609375 0.7111111111111111 0.6752604166666667 0.712037037037037 0.68203125 0.7101851851851851 0.6856770833333333 0.7069444444444445 0.6997395833333333 0.6819444444444445 0.7018229166666666 0.675 0.703125 0.6648148148148149 0.7013020833333333 0.6611111111111111 0.7005208333333334 0.6537037037037037 0.6973958333333333 0.6425925925925926 0.69296875 0.6324074074074074 0.6890625 0.6291666666666667 0.6783854166666666 0.6263888888888889 0.6557291666666667 0.6240740740740741 0.6473958333333333 0.6097222222222223 0.6453125 0.6087962962962963 0.6377604166666667 0.5967592592592592 0.6328125 0.5916666666666667 0.6138020833333333 0.5773148148148148 0.6002604166666666 0.5731481481481482 0.575 0.5717592592592593 0.5598958333333334 0.5745370370370371 0.5526041666666667 0.5819444444444445 0.5442708333333334 0.586574074074074 0.5393229166666667 0.5921296296296297 0.52890625 0.612037037037037 0.525 0.6125 0.52265625 0.6148148148148148 0.51875 0.6125 0.50234375 0.611574074074074 0.49713541666666666 0.6138888888888889 0.4947916666666667 0.6162037037037037 0.49192708333333335 0.6263888888888889
0 0.40677083333333336 0.5097222222222222 0.4075520833333333 0.5347222222222222 0.4119791666666667 0.5462962962962963 0.421875 0.5611111111111111 0.42942708333333335 0.562037037037037 0.4356770833333333 0.5597222222222222 0.44375 0.5717592592592593 0.44505208333333335 0.575462962962963 0.44505208333333335 0.5828703703703704 0.44921875 0.6203703703703703 0.45286458333333335 0.6240740740740741 0.46067708333333335 0.625 0.4640625 0.6314814814814815 0.46770833333333334 0.6472222222222223 0.4708333333333333 0.6509259259259259 0.48411458333333335 0.6560185185185186 0.4875 0.6546296296296297 0.4890625 0.6513888888888889 0.4921875 0.6231481481481481 0.49557291666666664 0.6143518518518518 0.5015625 0.6101851851851852 0.5125 0.611574074074074 0.5270833333333333 0.6097222222222223 0.5356770833333333 0.5930555555555556 0.5346354166666667 0.5773148148148148 0.53984375 0.5666666666666667 0.546875 0.5703703703703704 0.5575520833333333 0.5708333333333333 0.5606770833333333 0.5694444444444444 0.5716145833333334 0.5523148148148148 0.5736979166666667 0.5462962962962963 0.57421875 0.5402777777777777 0.5734375 0.513425925925926 0.5708333333333333 0.5055555555555555 0.5677083333333334 0.5032407407407408 0.5432291666666667 0.500462962962963 0.5375 0.48935185185185187 0.5291666666666667 0.47962962962962963 0.5151041666666667 0.4689814814814815 0.5015625 0.4638888888888889 0.49505208333333334 0.4652777777777778 0.4796875 0.46435185185185185 0.4666666666666667 0.46805555555555556 0.45208333333333334 0.4791666666666667 0.44166666666666665 0.49212962962962964 0.421875 0.49212962962962964 0.4171875 0.49074074074074076 0.41119791666666666 0.49444444444444446 0.40911458333333334 0.4981481481481482
0 0.2671875 0.6314814814814815 0.2677083333333333 0.6430555555555556 0.27057291666666666 0.6509259259259259 0.2765625 0.6569444444444444 0.28229166666666666 0.6685185185185185 0.2869791666666667 0.6652777777777777 0.2921875 0.675 0.296875 0.6773148148148148 0.3028645833333333 0.6958333333333333 0.31588541666666664 0.7175925925925926 0.31979166666666664 0.7314814814814815 0.3229166666666667 0.7523148148148148 0.32864583333333336 0.7680555555555556 0.33828125 0.7787037037037037 0.3489583333333333 0.7875 0.35494791666666664 0.7888888888888889 0.3697916666666667 0.7888888888888889 0.3854166666666667 0.7837962962962963 0.40234375 0.7685185185185185 0.41484375 0.7486111111111111 0.42265625 0.7240740740740741 0.4234375 0.7055555555555556 0.42291666666666666 0.7013888888888888 0.42135416666666664 0.6995370370370371 0.42239583333333336 0.6967592592592593 0.42161458333333335 0.6953703703703704 0.4215494791666667 0.6884259259259259 0.42734375 0.6893518518518519 0.4315104166666667 0.687037037037037 0.44609375 0.6865740740740741 0.45807291666666666 0.6685185185185185 0.4640625 0.6546296296296297 0.4630208333333333 0.6504629629629629 0.46484375 0.6449074074074074 0.4635416666666667 0.6328703703703704 0.46015625 0.6259259259259259 0.44583333333333336 0.6273148148148148 0.4393229166666667 0.6328703703703704 0.434375 0.6314814814814815 0.4322916666666667 0.6162037037037037 0.4283854166666667 0.6018518518518519 0.421875 0.5912037037037037 0.415625 0.5847222222222223 0.41067708333333336 0.5819444444444445 0.40078125 0.5726851851851852 0.3953125 0.5699074074074074 0.37994791666666666 0.5675925925925925 0.35859375 0.5699074074074074 0.3390625 0.5777777777777777 0.334375 0.5814814814814815 0.31927083333333334 0.6013888888888889 0.3106770833333333 0.6162037037037037 0.30182291666666666 0.6226851851851852 0.29375 0.6175925925925926 0.290625 0.6111111111111112 0.2877604166666667 0.6083333333333333 0.2828125 0.6069444444444444 0.2791666666666667 0.6078703703703704 0.2721354166666667 0.6162037037037037 0.26901041666666664 0.6236111111111111
0 0.22369791666666666 0.5185185185185185 0.22395833333333334 0.5328703703703703 0.22994791666666667 0.5467592592592593 0.2375 0.5541666666666667 0.24244791666666668 0.5537037037037037 0.2453125 0.5481481481481482 0.24609375 0.5527777777777778 0.24791666666666667 0.5532407407407407 0.2546875 0.5648148148148148 0.2671875 0.5777777777777777 0.26640625 0.5851851851851851 0.2674479166666667 0.5930555555555556 0.27239583333333334 0.6097222222222223 0.2796875 0.6064814814814815 0.28567708333333336 0.6069444444444444 0.2921875 0.612037037037037 0.29583333333333334 0.6175925925925926 0.30104166666666665 0.6189814814814815 0.30442708333333335 0.6231481481481481 0.30703125 0.6217592592592592 0.3171875 0.6037037037037037 0.3359375 0.5791666666666667 0.3455729166666667 0.5731481481481482 0.35911458333333335 0.5675925925925925 0.3606770833333333 0.5597222222222222 0.3731770833333333 0.5569444444444445 0.38359375 0.5393518518518519 0.38723958333333336 0.5310185185185186 0.39010416666666664 0.5180555555555556 0.390625 0.5106481481481482 0.39036458333333335 0.5078703703703704 0.38828125 0.5050925925925925 0.3854166666666667 0.5046296296296297 0.37421875 0.5078703703703704 0.36666666666666664 0.513425925925926 0.3609375 0.49398148148148147 0.35651041666666666 0.48703703703703705 0.35052083333333334 0.4810185185185185 0.3385416666666667 0.47314814814814815 0.32109375 0.4699074074074074 0.30182291666666666 0.4722222222222222 0.28463541666666664 0.47962962962962963 0.26901041666666664 0.49398148148148147 0.25286458333333334 0.5166666666666667 0.24895833333333334 0.5157407407407407 0.24739583333333334 0.5111111111111111 0.24114583333333334 0.5046296296296297 0.23385416666666667 0.5023148148148148 0.23020833333333332 0.5037037037037037 0.22734375 0.5069444444444444
0 0.0546875 0.6231481481481481 0.05416666666666667 0.6268518518518519 0.054947916666666666 0.6319444444444444 0.05703125 0.6375 0.065625 0.6486111111111111 0.06875 0.649537037037037 0.07083333333333333 0.6546296296296297 0.0765625 0.6537037037037037 0.07734375 0.6615740740740741 0.07578125 0.6699074074074074 0.07604166666666666 0.6814814814814815 0.07864583333333333 0.6930555555555555 0.0828125 0.7018518518518518 0.10182291666666667 0.7162037037037037 0.10598958333333333 0.7263888888888889 0.1078125 0.7342592592592593 0.11328125 0.7453703703703703 0.11953125 0.7620370370370371 0.13333333333333333 0.7731481481481481 0.14739583333333334 0.7759259259259259 0.16796875 0.7708333333333334 0.18255208333333334 0.7638888888888888 0.19557291666666668 0.7509259259259259 0.19869791666666667 0.749537037037037 0.21041666666666667 0.7347222222222223 0.22239583333333332 0.7106481481481481 0.22760416666666666 0.6893518518518519 0.22864583333333333 0.6763888888888889 0.23567708333333334 0.6652777777777777 0.24010416666666667 0.6611111111111111 0.24505208333333334 0.6513888888888889 0.2518229166666667 0.6361111111111111 0.25390625 0.6263888888888889 0.25234375 0.6166666666666667 0.24895833333333334 0.6125 0.23697916666666666 0.6152777777777778 0.23072916666666668 0.6185185185185185 0.22760416666666666 0.6240740740740741 0.2265625 0.6240740740740741 0.22421875 0.6189814814814815 0.22578125 0.6152777777777778 0.22630208333333332 0.5916666666666667 0.22317708333333333 0.5819444444444445 0.21848958333333332 0.5736111111111111 0.2109375 0.5680555555555555 0.2046875 0.5606481481481481 0.19947916666666668 0.5578703703703703 0.17083333333333334 0.5611111111111111 0.14140625 0.5708333333333333 0.13072916666666667 0.5777777777777777 0.11276041666666667 0.5944444444444444 0.1046875 0.6055555555555555 0.09557291666666666 0.611574074074074 0.09270833333333334 0.6106481481481482 0.08802083333333334 0.6032407407407407 0.08151041666666667 0.5995370370370371 0.07083333333333333 0.600925925925926 0.06744791666666666 0.6055555555555555 0.06432291666666666 0.6064814814814815 0.062239583333333334 0.6101851851851852 0.059375 0.612037037037037 0.05651041666666667 0.6166666666666667
0 0.05103645833333333 0.5157986111111111 0.06935651041666667 0.5398412037037037 0.07369791666666667 0.5509259259259259 0.07630208333333334 0.5555555555555556 0.08333333333333333 0.562037037037037 0.09296875 0.5671296296296297 0.09895833333333333 0.5875 0.10182291666666667 0.5944444444444444 0.10598958333333333 0.6 0.13098958333333333 0.5768518518518518 0.1421875 0.5694444444444444 0.17578125 0.5583333333333333 0.19322916666666667 0.5569444444444445 0.19479166666666667 0.5509259259259259 0.19348958333333333 0.549074074074074 0.19453125 0.5449074074074074 0.19609375 0.5449074074074074 0.203125 0.5319444444444444 0.2046875 0.5254629629629629 0.21380208333333334 0.5087962962962963 0.21588541666666666 0.500462962962963 0.21354166666666666 0.48657407407407405 0.2109375 0.48055555555555557 0.20677083333333332 0.4787037037037037 0.19322916666666667 0.4777777777777778 0.19244791666666666 0.46944444444444444 0.19010416666666666 0.4601851851851852 0.18385416666666668 0.4532407407407407 0.17317708333333334 0.4476851851851852 0.16171875 0.4449074074074074 0.13958333333333334 0.44722222222222224 0.13359375 0.4513888888888889 0.13072916666666667 0.4513888888888889 0.12682291666666667 0.44537037037037036 0.12291666666666666 0.4449074074074074 0.11979166666666667 0.4462962962962963 0.11770833333333333 0.449537037037037 0.115625 0.46064814814814814 0.10703125 0.46296296296296297 0.08824036458333334 0.4757268518518518 0.06456510416666666 0.4717194444444444 0.05103645833333333 0.4907537037037037
0 0.0026041666666666665 0.5305555555555556 0 0.5305555555555556 0 0.7268518518518519 0.0018229166666666667 0.7268518518518519 0.021354166666666667 0.712037037037037 0.026041666666666668 0.7064814814814815 0.036458333333333336 0.687962962962963 0.043229166666666666 0.6787037037037037 0.04791666666666667 0.6611111111111111 0.046875 0.6402777777777777 0.044270833333333336 0.6370370370370371 0.04453125 0.6328703703703704 0.0546875 0.6148148148148148 0.057291666666666664 0.6060185185185185 0.05677083333333333 0.6018518518518519 0.05182291666666667 0.5912037037037037 0.0484375 0.5805555555555556 0.03802083333333333 0.5736111111111111 0.03619791666666667 0.562037037037037 0.032552083333333336 0.5504629629629629 0.02734375 0.5402777777777777 0.019270833333333334 0.5347222222222222
0 0.00546875 0.43703703703703706 0 0.43703703703703706 0 0.5273148148148148 0.004427083333333333 0.5300925925925926 0.015364583333333333 0.5314814814814814 0.0265625 0.537962962962963 0.03463541666666667 0.5550925925925926 0.03828125 0.5587962962962963 0.04010416666666667 0.5587962962962963 0.042708333333333334 0.5532407407407407 0.04479166666666667 0.5435185185185185 0.044270833333333336 0.5328703703703703 0.04088541666666667 0.5254629629629629 0.04088541666666667 0.5226851851851851 0.05026041666666667 0.5055555555555555 0.05026041666666667 0.4976851851851852 0.04869791666666667 0.49074074074074076 0.04375 0.4773148148148148 0.03854166666666667 0.4708333333333333 0.03697916666666667 0.4634259259259259 0.029427083333333333 0.44583333333333336 0.015885416666666666 0.4388888888888889