1 0.12448255208333332 0.45188703703703703 0.12805494791666666 0.4516425925925926 0.13286380208333334 0.4479787037037037 0.13465000000000002 0.4440703703703704 0.13506223958333333 0.4416277777777778 0.13080286458333334 0.43332314814814815 0.12736796875 0.4230638888888889 0.12558177083333333 0.42135416666666664 0.12173463541666667 0.42159814814814817 0.11871197916666666 0.42379675925925925 0.11706302083333334 0.42746064814814816 0.11665104166666666 0.43112453703703707 0.11953619791666667 0.4389412037037037 0.12077291666666666 0.44773425925925925
1 0.46206953125 0.47240509259259256 0.46591666666666665 0.4721606481481481 0.46893958333333335 0.4692296296296296 0.4697640625 0.46605416666666666 0.46825260416666664 0.4562837962962963 0.46852734375 0.4452916666666667 0.4671533854166666 0.4421162037037037 0.46454270833333333 0.4408949074074074 0.46138255208333334 0.4408949074074074 0.4594591145833334 0.4428490740740741 0.45877213541666667 0.4462689814814815 0.45863463541666666 0.45359675925925924 0.45629895833333334 0.46190185185185184 0.45588671875000003 0.46434444444444445 0.45794765625 0.4687412037037037
1 0.5512408854166666 0.6113907407407407 0.5555002604166667 0.6104138888888888 0.5579734375 0.6077268518518518 0.5594848958333334 0.6023532407407408 0.5578361979166666 0.5913611111111111 0.5582481770833333 0.5793921296296297 0.5559125 0.5749953703703704 0.5531645833333333 0.5727972222222222 0.5501419270833333 0.5727972222222222 0.5478059895833333 0.5749953703703704 0.54629453125 0.5781708333333333 0.5458825520833333 0.5894069444444444 0.5436841145833333 0.5967351851851852 0.5438216145833333 0.6016203703703704 0.5449205729166666 0.6057726851851852 0.5476687499999999 0.609925
2 0.0018815104166666665 0.5466069444444445 0.009109114583333333 0.5608111111111111 0.009279947916666666 0.5711407407407407 0.005690625 0.5750902777777778 0.0017596354166666665 0.5747865740740741 0 0.5644569444444445 0 0.5486578703703704
2 0.15062005208333332 0.4389648148148148 0.15439244791666665 0.4590310185185185 0.15900729166666666 0.4593347222222222 0.16174192708333335 0.4547773148148148 0.1583234375 0.4389787037037037 0.15593072916666667 0.4350291666666667 0.15268307291666666 0.4341175925925926
2 0.4881494791666666 0.4747342592592592 0.4908828125 0.45682222222222224 0.4941302083333333 0.45560694444444444 0.49737786458333333 0.4577337962962963 0.49549765625000003 0.47748240740740744 0.49378828124999996 0.4811282407407408 0.49071171875 0.479912962962963
2 0.5849895833333334 0.5914018518518519 0.58061640625 0.6087328703703704 0.58061640625 0.6184550925925926 0.5848895833333334 0.6193666666666667 0.58847890625 0.6154171296296296 0.5917263020833333 0.598099074074074 0.5913846354166666 0.5935416666666666 0.5883078125 0.5895921296296296
0 0.7192708333333333 0.625 0.71953125 0.6337962962962963 0.721875 0.6472222222222223 0.7265625 0.6583333333333333 0.73359375 0.6689814814814815 0.73828125 0.6708333333333333 0.74140625 0.6791666666666667 0.7473958333333334 0.6856481481481481 0.7479166666666667 0.687962962962963 0.7466145833333333 0.7 0.7484375 0.7069444444444445 0.7497395833333333 0.7203703703703703 0.7651041666666667 0.7550925925925925 0.7776041666666667 0.7717592592592593 0.7947916666666667 0.7847222222222222 0.8122395833333333 0.7916666666666666 0.8247395833333333 0.7921296296296296 0.8416666666666667 0.7828703703703703 0.8486979166666667 0.7726851851851851 0.8557291666666667 0.7587962962962963 0.8697916666666666 0.7518518518518519 0.8807291666666667 0.7416666666666667 0.8885416666666667 0.7282407407407407 0.8927083333333333 0.7078703703703704 0.89453125 0.7060185185185185 0.9013020833333333 0.7101851851851851 0.91484375 0.7013888888888888 0.9221354166666667 0.6925925925925925 0.9236979166666667 0.6847222222222222 0.9252604166666667 0.6828703703703703 0.9265625 0.6773148148148148 0.9265625 0.6717592592592593 0.9244791666666666 0.6615740740740741 0.9216145833333333 0.6546296296296297 0.9182291666666667 0.6513888888888889 0.9122395833333333 0.6472222222222223 0.9026041666666667 0.6467592592592593 0.8908854166666667 0.6518518518518519 0.8903645833333333 0.6504629629629629 0.8859375 0.6541666666666667 0.8822916666666667 0.6444444444444445 0.8739583333333333 0.6305555555555555 0.85234375 0.6050925925925926 0.82734375 0.5819444444444445 0.8140625 0.5745370370370371 0.7861979166666667 0.575 0.7703125 0.5800925925925926 0.76171875 0.5884259259259259 0.7546875 0.5990740740740741 0.7515625 0.6101851851851852 0.7497395833333333 0.625462962962963 0.7481770833333333 0.6287037037037037 0.7447916666666666 0.6310185185185185 0.7346354166666667 0.624537037037037 0.7309895833333333 0.6185185185185185 0.7276041666666667 0.6166666666666667 0.7231770833333333 0.6180555555555556
0 0.60546875 0.5032407407407408 0.609375 0.5222222222222223 0.6122395833333333 0.5259259259259259 0.61171875 0.5291666666666667 0.6151041666666667 0.5351851851851852 0.6231770833333333 0.5430555555555555 0.6268229166666667 0.5439814814814815 0.6307291666666667 0.5421296296296296 0.6356770833333333 0.5453703703703704 0.6356770833333333 0.5476851851851852 0.63203125 0.5537037037037037 0.6317708333333333 0.5638888888888889 0.6390625 0.5898148148148148 0.646875 0.6027777777777777 0.65703125 0.6125 0.6606770833333333 0.6180555555555556 0.66484375 0.6203703703703703 0.6682291666666667 0.6194444444444445 0.6700520833333333 0.6222222222222222 0.6817708333333333 0.6236111111111111 0.6893229166666667 0.6199074074074075 0.69453125 0.6208333333333333 0.6994791666666667 0.6185185185185185 0.7078125 0.6097222222222223 0.715625 0.5949074074074074 0.715625 0.5921296296296297 0.7182291666666667 0.5884259259259259 0.7234375 0.5717592592592593 0.734375 0.5564814814814815 0.73828125 0.5472222222222223 0.7408854166666666 0.5370370370370371 0.7442708333333333 0.5337962962962963 0.7481770833333333 0.5375 0.7505208333333333 0.5361111111111111 0.7549479166666667 0.5324074074074074 0.7622395833333333 0.5222222222222223 0.7635416666666667 0.5055555555555555 0.7622395833333333 0.500462962962963 0.7575520833333333 0.49675925925925923 0.7552083333333334 0.4925925925925926 0.75078125 0.4962962962962963 0.75 0.49398148148148147 0.7479166666666667 0.4930555555555556 0.7450520833333333 0.49537037037037035 0.7377604166666667 0.49675925925925923 0.73203125 0.4925925925925926 0.7283854166666667 0.4837962962962963 0.7096354166666666 0.4625 0.6927083333333334 0.45231481481481484 0.67734375 0.4486111111111111 0.6625 0.44907407407407407 0.6473958333333333 0.45601851851851855 0.6390625 0.46435185185185185 0.6338541666666667 0.47453703703703703 0.63046875 0.4847222222222222 0.6291666666666667 0.49398148148148147 0.6197916666666666 0.4981481481481482 0.6153645833333333 0.49583333333333335 0.61328125 0.500462962962963 0.60859375 0.49675925925925923 0.60703125 0.4981481481481482
0 0.46015625 0.6157407407407407 0.46067708333333335 0.6208333333333333 0.45989583333333334 0.6231481481481481 0.4609375 0.625462962962963 0.46145833333333336 0.6333333333333333 0.46588541666666666 0.6430555555555556 0.47369791666666666 0.6541666666666667 0.478125 0.6537037037037037 0.48203125 0.6648148148148149 0.49270833333333336 0.6689814814814815 0.49661458333333336 0.674537037037037 0.5013020833333334 0.6898148148148148 0.5028645833333333 0.711574074074074 0.50546875 0.7240740740740741 0.5143229166666666 0.7425925925925926 0.5234375 0.7513888888888889 0.5294270833333333 0.7620370370370371 0.5330729166666667 0.7606481481481482 0.5408854166666667 0.762962962962963 0.56015625 0.762962962962963 0.5690104166666666 0.7601851851851852 0.58515625 0.7398148148148148 0.5916666666666667 0.7203703703703703 0.59296875 0.7060185185185185 0.6059895833333333 0.6759259259259259 0.6231770833333333 0.675 0.628125 0.6703703703703704 0.63359375 0.6680555555555555 0.640625 0.6541666666666667 0.6432291666666666 0.6337962962962963 0.6424479166666667 0.6194444444444445 0.63828125 0.6074074074074074 0.628125 0.6023148148148149 0.6135416666666667 0.6027777777777777 0.6046875 0.600925925925926 0.6036458333333333 0.5995370370370371 0.6041666666666666 0.5949074074074074 0.6026041666666667 0.5879629629629629 0.5963541666666666 0.575925925925926 0.5864583333333333 0.5615740740740741 0.5638020833333334 0.5472222222222223 0.5471354166666667 0.5439814814814815 0.5294270833333333 0.5467592592592593 0.5140625 0.5574074074074075 0.5044270833333333 0.5689814814814815 0.49947916666666664 0.5782407407407407 0.4973958333333333 0.5847222222222223 0.49765625 0.587037037037037 0.4942708333333333 0.5902777777777778 0.483984375 0.5916666666666667 0.47734375 0.5893518518518519 0.4674479166666667 0.5921296296296297 0.46328125 0.5981481481481481
0 0.3880208333333333 0.47962962962962963 0.3880208333333333 0.5023148148148148 0.39036458333333335 0.5106481481481482 0.3963541666666667 0.5194444444444445 0.40260416666666665 0.5254629629629629 0.41510416666666666 0.5273148148148148 0.41848958333333336 0.538425925925926 0.42682291666666666 0.5537037037037037 0.4270833333333333 0.5634259259259259 0.4296875 0.5814814814814815 0.44244791666666666 0.6023148148148149 0.45625 0.6125 0.46067708333333335 0.6092592592592593 0.4630208333333333 0.5990740740740741 0.46770833333333334 0.5916666666666667 0.4752604166666667 0.5898148148148148 0.48151041666666666 0.5930555555555556 0.49114583333333334 0.5916666666666667 0.4953125 0.5888888888888889 0.49557291666666664 0.5847222222222223 0.5080729166666667 0.5606481481481481 0.509375 0.5541666666666667 0.509375 0.5462962962962963 0.5080729166666667 0.5393518518518519 0.51171875 0.5277777777777778 0.5216145833333333 0.5328703703703703 0.5260416666666666 0.5333333333333333 0.5294270833333333 0.5310185185185186 0.5364583333333334 0.5226851851851851 0.53984375 0.5152777777777777 0.5408854166666667 0.5050925925925925 0.540625 0.4912037037037037 0.5385416666666667 0.48703703703703705 0.5364583333333334 0.47824074074074074 0.5263020833333333 0.4740740740740741 0.5151041666666667 0.4740740740740741 0.51328125 0.47175925925925927 0.5127604166666667 0.4634259259259259 0.5098958333333333 0.45601851851851855 0.49895833333333334 0.44027777777777777 0.48932291666666666 0.4324074074074074 0.4744791666666667 0.42685185185185187 0.46145833333333336 0.4263888888888889 0.44479166666666664 0.43194444444444446 0.428125 0.4449074074074074 0.41822916666666665 0.4583333333333333 0.40703125 0.4550925925925926 0.39895833333333336 0.4601851851851852 0.39401041666666664 0.4597222222222222 0.38984375 0.4666666666666667 0.390625 0.4703703703703704
0 0.26510416666666664 0.6083333333333333 0.26458333333333334 0.6162037037037037 0.26536458333333335 0.6185185185185185 0.27265625 0.6268518518518519 0.27734375 0.6370370370370371 0.27890625 0.638425925925926 0.28463541666666664 0.637962962962963 0.2911458333333333 0.6476851851851851 0.29401041666666666 0.6615740740740741 0.2984375 0.675 0.30494791666666665 0.6875 0.3171875 0.700462962962963 0.3190104166666667 0.7134259259259259 0.32473958333333336 0.725462962962963 0.3377604166666667 0.7388888888888889 0.3484375 0.7421296296296296 0.36223958333333334 0.7402777777777778 0.37265625 0.7351851851851852 0.38229166666666664 0.7268518518518519 0.39140625 0.7157407407407408 0.3953125 0.7092592592592593 0.3971354166666667 0.7023148148148148 0.4015625 0.6925925925925925 0.403125 0.6856481481481481 0.40572916666666664 0.6703703703703704 0.403125 0.6611111111111111 0.40598958333333335 0.6583333333333333 0.4153645833333333 0.6583333333333333 0.42864583333333334 0.6472222222222223 0.4361979166666667 0.6310185185185185 0.4401041666666667 0.6138888888888889 0.43854166666666666 0.6018518518518519 0.43645833333333334 0.5958333333333333 0.4322916666666667 0.5921296296296297 0.42916666666666664 0.5949074074074074 0.4270833333333333 0.5995370370370371 0.4234375 0.6018518518518519 0.415625 0.6041666666666666 0.4119791666666667 0.6032407407407407 0.4080729166666667 0.5773148148148148 0.40651041666666665 0.5722222222222222 0.4010416666666667 0.562962962962963 0.39453125 0.5546296296296296 0.3802083333333333 0.5421296296296296 0.37005208333333334 0.5398148148148149 0.3515625 0.5421296296296296 0.33255208333333336 0.549537037037037 0.32005208333333335 0.562037037037037 0.30963541666666666 0.5782407407407407 0.3026041666666667 0.5930555555555556 0.2950520833333333 0.5953703703703703 0.2942708333333333 0.5972222222222222 0.2830729166666667 0.5875 0.2747395833333333 0.5847222222222223 0.27239583333333334 0.5879629629629629 0.27369791666666665 0.5916666666666667 0.26848958333333334 0.5976851851851852 0.26796875 0.6032407407407407
0 0.21927083333333333 0.48842592592592593 0.21901041666666668 0.4949074074074074 0.22005208333333334 0.5018518518518519 0.22421875 0.5106481481481482 0.23411458333333332 0.5208333333333334 0.24140625 0.5194444444444445 0.24453125 0.5226851851851851 0.2513020833333333 0.5393518518518519 0.2630208333333333 0.5537037037037037 0.27239583333333334 0.5824074074074074 0.2833333333333333 0.5861111111111111 0.2869791666666667 0.5902777777777778 0.29401041666666666 0.5935185185185186 0.30130208333333336 0.5902777777777778 0.30364583333333334 0.5875 0.3145833333333333 0.5689814814814815 0.3265625 0.5527777777777778 0.33515625 0.5453703703703704 0.34348958333333335 0.5430555555555555 0.3450520833333333 0.5412037037037037 0.34713541666666664 0.5370370370370371 0.34661458333333334 0.5282407407407408 0.35069453125 0.5217592592592593 0.35833333333333334 0.5208333333333334 0.36276041666666664 0.5171296296296296 0.3640625 0.5111111111111111 0.36692708333333335 0.5064814814814815 0.3703125 0.4962962962962963 0.3723958333333333 0.48194444444444445 0.36953125 0.4726851851851852 0.3580729166666667 0.4722222222222222 0.35572916666666665 0.475 0.35182291666666665 0.47453703703703703 0.3497395833333333 0.4708333333333333 0.3455729166666667 0.45601851851851855 0.3385416666666667 0.4444444444444444 0.32421875 0.4337962962962963 0.31354166666666666 0.43194444444444446 0.2981770833333333 0.4337962962962963 0.2791666666666667 0.44212962962962965 0.2682291666666667 0.4527777777777778 0.24635416666666668 0.4828703703703704 0.24453125 0.48333333333333334 0.23776041666666667 0.4759259259259259 0.22734375 0.4736111111111111 0.22317708333333333 0.4777777777777778
0 0.28329687499999995 0.521912037037037 0.009796875 0.06790277777777777
0 0.07916666666666666 0.6111111111111112 0.07942708333333333 0.6157407407407407 0.08645833333333333 0.6259259259259259 0.09635416666666667 0.6300925925925925 0.09765625 0.637962962962963 0.09661458333333334 0.6412037037037037 0.09921875 0.6606481481481481 0.10130208333333333 0.6694444444444444 0.10546875 0.6787037037037037 0.11276041666666667 0.687037037037037 0.12708333333333333 0.6949074074074074 0.13020833333333334 0.6981481481481482 0.14088541666666668 0.7180555555555556 0.14557291666666666 0.7236111111111111 0.15520833333333334 0.7310185185185185 0.16588541666666667 0.7328703703703704 0.1828125 0.7287037037037037 0.19609375 0.7208333333333333 0.21015625 0.7060185185185185 0.22083333333333333 0.6898148148148148 0.22890625 0.6708333333333333 0.23151041666666666 0.6541666666666667 0.23098958333333333 0.6509259259259259 0.23828125 0.6361111111111111 0.24505208333333334 0.6129629629629629 0.24817708333333333 0.6064814814814815 0.2484375 0.5972222222222222 0.24739583333333334 0.5939814814814814 0.24505208333333334 0.5921296296296297 0.23645833333333333 0.5939814814814814 0.23463541666666668 0.5958333333333333 0.22734375 0.5958333333333333 0.22682291666666668 0.5703703703703704 0.22421875 0.5601851851851852 0.2203125 0.5509259259259259 0.20677083333333332 0.5370370370370371 0.19973958333333333 0.5337962962962963 0.19557291666666668 0.5337962962962963 0.16796875 0.5393518518518519 0.14739583333333334 0.5486111111111112 0.12473958333333333 0.5740740740740741 0.11328125 0.5907407407407408 0.11197916666666667 0.5907407407407408 0.10859375 0.5842592592592593 0.10052083333333334 0.5805555555555556 0.09661458333333334 0.5814814814814815 0.0859375 0.5944444444444444
0 0.057291666666666664 0.45092592592592595 0.05625 0.4532407407407407 0.05911458333333333 0.47129629629629627 0.0640625 0.4824074074074074 0.06875 0.48657407407407405 0.07526041666666666 0.48842592592592593 0.07552083333333333 0.4981481481481482 0.07682291666666667 0.5050925925925925 0.07864583333333333 0.5115740740740741 0.0828125 0.5199074074074074 0.090625 0.5328703703703703 0.09557291666666666 0.5370370370370371 0.10208333333333333 0.5388888888888889 0.10703125 0.5439814814814815 0.10885416666666667 0.5472222222222223 0.11015625 0.5532407407407407 0.11510416666666666 0.5625 0.12317708333333334 0.5736111111111111 0.13645833333333332 0.5606481481481481 0.14401041666666667 0.5504629629629629 0.15208333333333332 0.5449074074074074 0.171875 0.5370370370370371 0.19505208333333332 0.5324074074074074 0.19661458333333334 0.5287037037037037 0.19765625 0.5203703703703704 0.19765625 0.5097222222222222 0.20416666666666666 0.49537037037037035 0.21197916666666666 0.4703703703703704 0.21197916666666666 0.46620370370370373 0.20625 0.449537037037037 0.18958333333333333 0.4462962962962963 0.18828125 0.4324074074074074 0.18567708333333333 0.425 0.18229166666666666 0.4199074074074074 0.171875 0.4125 0.15833333333333333 0.4097222222222222 0.14427083333333332 0.41064814814814815 0.1296875 0.4162037037037037 0.12604166666666666 0.4199074074074074 0.11796875 0.42407407407407405 0.11614583333333334 0.4287037037037037 0.1125 0.4287037037037037 0.10807291666666667 0.43148148148148147 0.08880208333333334 0.45 0.0765625 0.44537037037037036 0.06770833333333333 0.45185185185185184
0 0.012239583333333333 0.4023148148148148 0 0.4023148148148148 0 0.5101851851851852 0.028611197916666668 0.5092592592592593 0.03307291666666667 0.5106481481481482 0.04244791666666667 0.5175925925925926 0.050520833333333334 0.5277777777777778 0.05677083333333333 0.5050925925925925 0.05677083333333333 0.4976851851851852 0.05520833333333333 0.49444444444444446 0.054947916666666666 0.4837962962962963 0.05651041666666667 0.47685185185185186 0.058333333333333334 0.4736111111111111 0.05755208333333333 0.4634259259259259 0.05 0.4476851851851852 0.045572916666666664 0.44351851851851853 0.043229166666666666 0.43148148148148147 0.03333333333333333 0.41064814814814815 0.025260416666666667 0.4050925925925926
0 0.004427083333333333 0.5097222222222222 0 0.5106481481481482 0 0.711574074074074 0.015104166666666667 0.7064814814814815 0.028125 0.6981481481481482 0.0359375 0.6912037037037037 0.03984375 0.6856481481481481 0.042708333333333334 0.6851851851851852 0.04635416666666667 0.6810185185185185 0.05755208333333333 0.6648148148148149 0.06432291666666666 0.6472222222222223 0.07083333333333333 0.6361111111111111 0.07317708333333334 0.6291666666666667 0.07317708333333334 0.6212962962962963 0.07447916666666667 0.6194444444444445 0.07083333333333333 0.6138888888888889 0.06927083333333334 0.6069444444444444 0.07291666666666667 0.5856481481481481 0.0703125 0.5712962962962963 0.0703125 0.5662037037037037 0.06927083333333334 0.5638888888888889 0.0640625 0.5611111111111111 0.06041666666666667 0.5615740740740741 0.057291666666666664 0.5578703703703703 0.05651041666666667 0.5462962962962963 0.05520833333333333 0.5416666666666666 0.0453125 0.5217592592592593 0.040364583333333336 0.5157407407407407 0.028645833333333332 0.5097222222222222
0 0.014583333333333334 0.9087962962962963 0.008333333333333333 0.9106481481481481 0 0.9101851851851852 0 0.9648148148148148 0.00234375 0.9648148148148148 0.007291666666666667 0.9611111111111111 0.009895833333333333 0.9652777777777778 0.0036458333333333334 0.9810185185185185 0.003125 0.9842592592592593 0.005208333333333333 0.9898148148148148 0.012239583333333333 0.9907407407407407 0.0265625 0.9847222222222223 0.04010416666666667 0.9740740740740741 0.04375 0.9662037037037037 0.05677083333333333 0.9638888888888889 0.062239583333333334 0.9611111111111111 0.07369791666666667 0.9523148148148148 0.07552083333333333 0.9486111111111111 0.07578125 0.9444444444444444 0.07395833333333333 0.9365740740740741 0.07239583333333334 0.9208333333333333 0.07109375 0.9175925925925926 0.0671875 0.9138888888888889 0.040364583333333336 0.9083333333333333
0 0.07291666666666667 0.9185185185185185 0.07265625 0.9236111111111112 0.075 0.9375 0.078125 0.9444444444444444 0.08307291666666666 0.9453703703703704 0.08333333333333333 0.9472222222222222 0.08203125 0.9564814814814815 0.08046875 0.9587962962962963 0.07395833333333333 0.9805555555555555 0.0734375 0.9875 0.07447916666666667 0.9902777777777778 0.07942708333333333 0.9930555555555556 0.08463541666666667 0.9976851851851852 0.08489583333333334 0.999537037037037 0.09140625 0.999537037037037 0.09166666666666666 0.9976851851851852 0.09869791666666666 0.9958333333333333 0.10572916666666667 0.9912037037037037 0.11276041666666667 0.9842592592592593 0.11822916666666666 0.9703703703703703 0.12708333333333333 0.9699074074074074 0.13255208333333332 0.9671296296296297 0.140625 0.9592592592592593 0.14401041666666667 0.9583333333333334 0.14817708333333332 0.950925925925926 0.14895833333333333 0.9467592592592593 0.15260416666666668 0.9407407407407408 0.15416666666666667 0.9356481481481481 0.15364583333333334 0.9310185185185185 0.14739583333333334 0.9273148148148148 0.14114583333333333 0.9268518518518518 0.12708333333333333 0.9217592592592593 0.10208333333333333 0.9222222222222223 0.07447916666666667 0.9175925925925926
0 0.23359375 0.9810185185185185 0.2328125 0.9879629629629629 0.23671875 0.999537037037037 0.30104166666666665 0.999537037037037 0.31145833333333334 0.9879629629629629 0.31302083333333336 0.9736111111111111 0.3190104166666667 0.962037037037037 0.3203125 0.9532407407407407 0.3177083333333333 0.9486111111111111 0.2515625 0.9398148148148148 0.2484375 0.9425925925925925 0.24869791666666666 0.9643518518518519 0.24609375 0.9689814814814814 0.23828125 0.9736111111111111
0 0.31328125 0.9736111111111111 0.31328125 0.9875 0.3190104166666667 0.999537037037037 0.3768229166666667 0.999537037037037 0.37864583333333335 0.9962962962962963 0.38359375 0.9962962962962963 0.38958333333333334 0.9921296296296296 0.39791666666666664 0.9819444444444444 0.40182291666666664 0.9740740740740741 0.40234375 0.9597222222222223 0.39114583333333336 0.9555555555555556 0.35651041666666666 0.9495370370370371 0.34791666666666665 0.9495370370370371 0.33932291666666664 0.9523148148148148 0.32734375 0.9513888888888888 0.32421875 0.9523148148148148 0.32135416666666666 0.9560185185185185
0 0.4005208333333333 0.986574074074074 0.40130208333333334 0.9930555555555556 0.4036458333333333 0.999537037037037 0.4700520833333333 0.999537037037037 0.4786458333333333 0.9861111111111112 0.4828125 0.9703703703703703 0.478125 0.9675925925925926 0.41458333333333336 0.9606481481481481 0.41171875 0.9634259259259259 0.41067708333333336 0.9685185185185186 0.40729166666666666 0.9717592592592592 0.40260416666666665 0.9800925925925926