1 0.009941666666666666 0.6650703703703703 0.013533854166666666 0.665962037037037 0.016958854166666665 0.6652194444444445 0.020802083333333332 0.6625462962962962 0.0230578125 0.6594268518518519 0.024561458333333334 0.6569018518518518 0.024979166666666667 0.6542287037037037 0.022890625 0.6514074074074074 0.020969270833333335 0.6487333333333333 0.0180453125 0.6414564814814815 0.016958854166666665 0.6404166666666666 0.014786979166666665 0.6401194444444444 0.012447916666666666 0.6404166666666666 0.009774479166666666 0.6419018518518519 0.008270833333333333 0.6442777777777778 0.007101041666666667 0.6468027777777778 0.007017708333333333 0.6493277777777777 0.009022395833333334 0.6546740740740741
1 0.1001671875 0.5725435185185185 0.10409375000000001 0.5726916666666666 0.10618229166666666 0.5719490740740741 0.1081875 0.5701666666666666 0.1101921875 0.5676416666666667 0.1101921875 0.5655629629629629 0.10760260416666667 0.5600675925925926 0.10668333333333332 0.5550175925925925 0.1060984375 0.5536814814814814 0.10459479166666667 0.5529388888888889 0.10200520833333333 0.5529388888888889 0.0998328125 0.5536814814814814 0.0985796875 0.5556120370370371 0.09741041666666667 0.5581370370370371 0.09899739583333332 0.5630379629629629 0.09933177083333335 0.5718
1 0.1842109375 0.5796722222222223 0.18755260416666666 0.5784842592592593 0.18980781249999998 0.5764046296296297 0.19147864583333335 0.5741768518518519 0.1917296875 0.5715037037037037 0.18905625 0.5670481481481482 0.18830416666666666 0.5630379629629629 0.18755260416666666 0.5612555555555555 0.18571458333333332 0.5599185185185185 0.1838765625 0.5593250000000001 0.18203854166666666 0.5596222222222222 0.1804515625 0.5614037037037037 0.17961614583333332 0.5642259259259259 0.18061822916666664 0.5686814814814816 0.1810359375 0.5772953703703704 0.18220572916666666 0.5795231481481481
1 0.23007552083333332 0.5156601851851852 0.2337510416666667 0.5153629629629629 0.23600677083333332 0.5135805555555556 0.23742708333333334 0.5117981481481481 0.23725989583333332 0.5086796296296296 0.235421875 0.5048185185185184 0.23517135416666665 0.5000657407407407 0.23383489583333333 0.49798611111111113 0.2318296875 0.49798611111111113 0.229490625 0.4985805555555555 0.22865520833333333 0.5000657407407407 0.2282375 0.5025907407407407 0.22873854166666666 0.5067490740740741 0.2282375 0.51165 0.22907291666666665 0.5146203703703703
1 0.44452604166666665 0.5453518518518519 0.4471817708333334 0.5438407407407407 0.44813749999999997 0.5411972222222222 0.44803125 0.5377981481481482 0.4463317708333333 0.5340212962962964 0.4458010416666667 0.529112037037037 0.4449510416666667 0.5268462962962963 0.4437828125 0.5264685185185185 0.44144583333333337 0.5270342592592593 0.4401713541666667 0.5285453703703703 0.43942760416666665 0.5315666666666666 0.44027760416666667 0.5370425925925926 0.44006510416666667 0.5396861111111111 0.4401713541666667 0.5428962962962963 0.4412333333333333 0.544974074074074 0.4429328125 0.5461064814814814
1 0.42349479166666665 0.5993583333333333 0.4212640625 0.5995472222222222 0.4196708333333333 0.6008685185185185 0.4193520833333333 0.603512037037037 0.4194583333333333 0.6108768518518518 0.4187151041666667 0.6155972222222222 0.41882135416666666 0.6184305555555555 0.42073333333333335 0.6210740740740741 0.4238135416666667 0.6214518518518518 0.4263625 0.6208851851851852 0.42827447916666667 0.6188074074074075 0.42880572916666665 0.6150314814814816 0.42710624999999997 0.6095546296296296 0.42721250000000005 0.6027574074074074 0.42668124999999996 0.6004907407407407 0.4248755208333333 0.5987916666666667
1 0.5137807291666666 0.6223953703703704 0.5160114583333333 0.6235287037037036 0.5181359375 0.622962037037037 0.5198354166666667 0.6223953703703704 0.5201541666666667 0.6137092592592593 0.5206854166666667 0.6086111111111111 0.5207911458333333 0.6044564814814815 0.5200479166666666 0.6025685185185186 0.5187734374999999 0.6012462962962963 0.5166489583333334 0.6008685185185185 0.5146307291666666 0.6008685185185185 0.51356875 0.6027574074074074 0.51293125 0.6093657407407408 0.5116567708333333 0.6135203703703703 0.5108067708333334 0.6163527777777777 0.5111255208333333 0.6193740740740741
1 0.5112317708333334 0.7396611111111111 0.5140994791666667 0.7392833333333334 0.5167552083333333 0.7377731481481481 0.5184546875 0.7349407407407408 0.5185609375 0.7319194444444445 0.5164364583333333 0.7251212962962963 0.5165427083333333 0.715112962962963 0.5160114583333333 0.713225 0.5145244791666667 0.7107694444444445 0.5130375 0.7100148148148149 0.5111255208333333 0.7102037037037037 0.5097447916666666 0.7103925925925927 0.5085760416666667 0.7119027777777778 0.5077265625 0.715112962962963 0.5079390625 0.7221000000000001 0.5068765625 0.7253101851851852 0.5064520833333334 0.7288981481481481 0.5065578125 0.7332407407407407 0.5073015625 0.7358842592592593 0.5094260416666666 0.7379620370370371
1 0.6253109375 0.7362620370370371 0.6271166666666667 0.7373953703703703 0.629878125 0.7377731481481481 0.6321088541666666 0.7362620370370371 0.6337020833333333 0.7332407407407407 0.6325338541666666 0.7247435185185185 0.6337020833333333 0.7156796296296296 0.6337020833333333 0.7136027777777778 0.6310468749999999 0.7109583333333334 0.6281786458333334 0.7086925925925927 0.6258416666666666 0.7092592592592593 0.6242484375 0.7113361111111112 0.6239302083333332 0.7168120370370371 0.6233989583333333 0.7205888888888888 0.6215932291666667 0.7245546296296297 0.6210619791666667 0.727387037037037 0.6210619791666667 0.7305972222222222 0.6220182291666667 0.7338074074074074
2 0.04634010416666667 0.6540953703703704 0.04579479166666667 0.6367296296296296 0.04949479166666667 0.6326824074074074 0.05404791666666667 0.6342 0.056325 0.6524120370370371 0.0546171875 0.6584824074074074 0.050348437499999996 0.6589879629629629
2 0.124928125 0.5527907407407407 0.12718958333333333 0.5704583333333334 0.13174322916666667 0.5724824074074074 0.13515833333333335 0.5674231481481482 0.132596875 0.5527527777777778 0.12946614583333332 0.5492111111111111
2 0.20508125 0.5572435185185185 0.20602291666666667 0.575011111111111 0.20886875000000002 0.5755175925925926 0.21228385416666665 0.5724824074074074 0.21199947916666667 0.5623648148148148 0.2111458333333333 0.555787962962963
2 0.2487671875 0.5002898148148148 0.2493828125 0.5110555555555556 0.2507171875 0.5157990740740741 0.25379687500000003 0.513062037037037 0.25379687500000003 0.5055814814814815 0.25338645833333334 0.4984648148148148 0.25153854166666667 0.4966407407407407 0.24958802083333334 0.49773518518518517
2 0.45161250000000003 0.5585574074074073 0.452959375 0.5466851851851852 0.45429375 0.5444962962962964 0.45665468750000004 0.5448611111111111 0.45768125000000004 0.5485101851851851 0.45655208333333336 0.560187962962963 0.45480729166666667 0.5627425925925925 0.452240625 0.5623777777777779
2 0.4368182291666667 0.6228027777777777 0.4397171875 0.6253287037037037 0.4396145833333333 0.636824074074074 0.43910156250000004 0.6419333333333334 0.4370484375 0.6430277777777778 0.4337635416666667 0.6421157407407407 0.4337635416666667 0.6360944444444444 0.4344822916666667 0.6271537037037037 0.4350979166666667 0.623687037037037
2 0.5272708333333334 0.6404824074074074 0.5302479166666667 0.6267972222222222 0.5323010416666667 0.62625 0.5343536458333333 0.6282574074074074 0.5336354166666666 0.6413944444444445 0.5323010416666667 0.6455916666666667 0.5290161458333333 0.6465037037037037 0.527065625 0.6441314814814815
2 0.5268244791666666 0.7639416666666666 0.529734375 0.748137962962963 0.5325062500000001 0.7457657407407408 0.53589375 0.7475907407407407 0.5359963541666667 0.7530648148148148 0.5345593750000001 0.7660194444444445 0.5324036458333333 0.7702166666666667 0.5296317708333333 0.7722231481481481 0.5273734375 0.7676620370370371
2 0.6460796875 0.7595287037037037 0.6502885416666667 0.7452962962962962 0.6529572916666667 0.7451138888888889 0.6553182291666667 0.7465731481481481 0.6561395833333333 0.7524120370370371 0.6520338541666667 0.7688342592592593 0.6494671875000001 0.7697462962962963 0.6469010416666666 0.7677398148148148 0.6455666666666667 0.7633601851851851
0 0.5755208333333334 0.8555555555555555 0.575 0.8703703703703703 0.5895833333333333 0.9281481481481482 0.590625 0.9546296296296296 0.5989583333333334 0.9990740740740741 0.7177083333333333 0.9990740740740741 0.7177083333333333 0.9851851851851852 0.7145833333333333 0.9657407407407408 0.7072916666666667 0.9388888888888889 0.69375 0.9074074074074074 0.6859375 0.8962962962962963 0.6609375 0.8722222222222222 0.640625 0.8592592592592593 0.6328125 0.8592592592592593 0.60625 0.8712962962962963 0.6005208333333333 0.8629629629629629 0.5953125 0.8481481481481481 0.5848958333333333 0.8379629629629629 0.578125 0.8462962962962963
0 0.7057291666666666 0.8592592592592593 0.7057291666666666 0.8833333333333333 0.7125 0.9037037037037037 0.7161458333333334 0.9111111111111111 0.73125 0.9222222222222223 0.7359375 0.9314814814814815 0.7375 0.9527777777777777 0.7333333333333333 0.9824074074074074 0.7364583333333333 0.9990740740740741 0.8729166666666667 0.9990740740740741 0.8708333333333333 0.9805555555555555 0.8494791666666667 0.9342592592592592 0.821875 0.8944444444444445 0.809375 0.8824074074074074 0.7927083333333333 0.8703703703703703 0.7666666666666667 0.8592592592592593 0.7505208333333333 0.8648148148148148 0.7364583333333333 0.8759259259259259 0.7244791666666667 0.8629629629629629 0.7229166666666667 0.8537037037037037 0.7161458333333334 0.8453703703703703 0.7098958333333333 0.8472222222222222
0 0.5666666666666667 0.6981481481481482 0.5651041666666666 0.7064814814814815 0.5666666666666667 0.7268518518518519 0.5770833333333333 0.7416666666666667 0.5796875 0.7685185185185185 0.5838541666666667 0.7833333333333333 0.5822916666666667 0.8074074074074075 0.5854166666666667 0.8240740740740741 0.590625 0.8388888888888889 0.609375 0.8629629629629629 0.6130208333333333 0.8657407407407407 0.6359375 0.8574074074074074 0.6473958333333333 0.8601851851851852 0.6510416666666666 0.8555555555555555 0.65625 0.8379629629629629 0.6604166666666667 0.8351851851851851 0.6697916666666667 0.8425925925925926 0.6802083333333333 0.8425925925925926 0.6875 0.8379629629629629 0.6932291666666667 0.8240740740740741 0.6947916666666667 0.8 0.6723958333333333 0.774074074074074 0.6723958333333333 0.7583333333333333 0.6692708333333334 0.7444444444444445 0.6609375 0.7268518518518519 0.6505208333333333 0.7129629629629629 0.6229166666666667 0.6944444444444444 0.6052083333333333 0.6944444444444444 0.5942708333333333 0.6981481481481482 0.5786458333333333 0.6851851851851852 0.5729166666666666 0.6861111111111111
0 0.4625 0.6981481481481482 0.4630208333333333 0.7240740740740741 0.4671875 0.7379629629629629 0.465625 0.7731481481481481 0.47239583333333335 0.8 0.4765625 0.8324074074074074 0.4822916666666667 0.8527777777777777 0.5010416666666667 0.8685185185185185 0.5229166666666667 0.8685185185185185 0.5328125 0.8611111111111112 0.5411458333333333 0.8472222222222222 0.5442708333333334 0.8296296296296296 0.5604166666666667 0.8324074074074074 0.5682291666666667 0.8240740740740741 0.5697916666666667 0.8101851851851852 0.5677083333333334 0.8 0.5630208333333333 0.7888888888888889 0.5557291666666667 0.7796296296296297 0.5578125 0.7611111111111111 0.5557291666666667 0.7398148148148148 0.5401041666666667 0.7083333333333334 0.5244791666666667 0.6981481481481482 0.5125 0.6953703703703704 0.4947916666666667 0.7018518518518518 0.478125 0.6861111111111111 0.4713541666666667 0.687037037037037
0 0.47708333333333336 0.5981481481481481 0.47708333333333336 0.6083333333333333 0.48072916666666665 0.6111111111111112 0.48125 0.6166666666666667 0.4786458333333333 0.6277777777777778 0.4786458333333333 0.6481481481481481 0.4864583333333333 0.675 0.4828125 0.6824074074074075 0.4864583333333333 0.6925925925925925 0.49114583333333334 0.6972222222222222 0.5026041666666666 0.6925925925925925 0.515625 0.6935185185185185 0.5380208333333333 0.7018518518518518 0.5428385416666667 0.6916666666666667 0.5557291666666667 0.6907407407407408 0.559375 0.6851851851851852 0.5604166666666667 0.6685185185185185 0.5515625 0.6527777777777778 0.5505208333333333 0.6268518518518519 0.546875 0.6175925925925926 0.5375 0.6055555555555555 0.5260416666666666 0.5981481481481481 0.5005208333333333 0.5990740740740741 0.4921875 0.5916666666666667 0.4864583333333333 0.5916666666666667
0 0.3880208333333333 0.600925925925926 0.38958333333333334 0.6101851851851852 0.38645833333333335 0.6370370370370371 0.38697916666666665 0.6546296296296297 0.39479166666666665 0.6777777777777778 0.39791666666666664 0.7055555555555556 0.40677083333333336 0.7203703703703703 0.41302083333333334 0.725925925925926 0.4234375 0.7268518518518519 0.43802083333333336 0.7222222222222222 0.44583333333333336 0.7138888888888889 0.453125 0.6990740740740741 0.453125 0.6916666666666667 0.4635416666666667 0.6787037037037037 0.46458333333333335 0.6731481481481482 0.459375 0.649074074074074 0.4609375 0.6333333333333333 0.459375 0.6194444444444445 0.4505208333333333 0.6055555555555555 0.4354166666666667 0.5962962962962963 0.41041666666666665 0.5990740740740741 0.4005208333333333 0.5898148148148148 0.3927083333333333 0.5916666666666667
0 0.4140625 0.5287037037037037 0.41354166666666664 0.5685185185185185 0.41875 0.5944444444444444 0.43854166666666666 0.5962962962962963 0.45260416666666664 0.6055555555555555 0.46041666666666664 0.6166666666666667 0.4734375 0.6 0.47708333333333336 0.5907407407407408 0.47708333333333336 0.5777777777777777 0.471875 0.5666666666666667 0.4739583333333333 0.5592592592592592 0.4734375 0.5509259259259259 0.4666666666666667 0.537962962962963 0.45677083333333335 0.5314814814814814 0.44895833333333335 0.5370370370370371 0.4453125 0.5277777777777778 0.43072916666666666 0.5287037037037037 0.4239583333333333 0.5222222222222223
0 0.18489583333333334 0.5416666666666666 0.18385416666666668 0.549074074074074 0.1890625 0.5583333333333333 0.20260416666666667 0.5537037037037037 0.2140625 0.5574074074074075 0.24166666666666667 0.5537037037037037 0.246875 0.5666666666666667 0.24583333333333332 0.5777777777777777 0.24166666666666667 0.5879629629629629 0.2526041666666667 0.5888888888888889 0.2625 0.5768518518518518 0.2671875 0.5657407407407408 0.2635416666666667 0.5388888888888889 0.26510416666666664 0.5342592592592592 0.2677083333333333 0.5305555555555556 0.27760416666666665 0.5296296296296297 0.28229166666666666 0.512962962962963 0.27760416666666665 0.5 0.2552083333333333 0.5037037037037037 0.2515625 0.4981481481481482 0.240625 0.5009259259259259 0.2296875 0.4981481481481482 0.221875 0.5083333333333333 0.20989583333333334 0.5166666666666667 0.20208333333333334 0.5287037037037037
0 0.12212760416666667 0.6219712962962963 0.12418541666666667 0.6387916666666666 0.1296875 0.6416666666666667 0.13541666666666666 0.6444444444444445 0.1515625 0.6435185185185185 0.15677083333333333 0.6388888888888888 0.16145833333333334 0.6462962962962963 0.16614583333333333 0.6648148148148149 0.17083333333333334 0.6703703703703704 0.17916666666666667 0.675 0.1953125 0.674074074074074 0.2109375 0.6666666666666666 0.228125 0.6425925925925926 0.23020833333333332 0.6351851851851852 0.228125 0.600925925925926 0.23020833333333332 0.5962962962962963 0.2359375 0.5944444444444444 0.24427083333333333 0.5796296296296296 0.24635416666666668 0.5666666666666667 0.24166666666666667 0.5546296296296296 0.18177083333333333 0.5592592592592592 0.17864583333333334 0.5675925925925925 0.1703125 0.5703703703703704 0.15572916666666667 0.5842592592592593 0.14947916666666666 0.5962962962962963 0.14475989583333335 0.6022259259259259 0.1352958333333333 0.6058824074074074 0.12665416666666665 0.6131953703703703
0 0.0390625 0.612037037037037 0.03697916666666667 0.6157407407407407 0.03958333333333333 0.6296296296296297 0.0453125 0.6296296296296297 0.059895833333333336 0.6203703703703703 0.0640625 0.6203703703703703 0.07135416666666666 0.6296296296296297 0.1015625 0.6277777777777778 0.10520833333333333 0.6398148148148148 0.10416666666666667 0.6592592592592592 0.1109375 0.6620370370370371 0.1265625 0.6592592592592592 0.13177083333333334 0.6537037037037037 0.13229166666666667 0.6472222222222223 0.12916666666666668 0.6444444444444445 0.1234375 0.6277777777777778 0.125 0.6175925925925926 0.13020833333333334 0.6129629629629629 0.13072916666666667 0.6083333333333333 0.14479166666666668 0.5990740740740741 0.1546875 0.5777777777777777 0.1640625 0.5740740740740741 0.1703125 0.5648148148148148 0.16822916666666668 0.5527777777777778 0.16510416666666666 0.5509259259259259 0.15 0.5601851851851852 0.1328125 0.55 0.11875 0.5537037037037037 0.10052083333333334 0.5527777777777778 0.09583333333333334 0.562962962962963 0.07291666666666667 0.5796296296296296 0.06614583333333333 0.5907407407407408 0.06354166666666666 0.6 0.046875 0.6055555555555555
0 0.011979166666666667 0.6416666666666667 0.0078125 0.65 0 0.6537037037037037 0 0.7796296296296297 0.007291666666666667 0.7814814814814814 0.020833333333333332 0.7805555555555556 0.0484375 0.7675925925925926 0.07135416666666666 0.7435185185185185 0.08229166666666667 0.725 0.08385416666666666 0.7138888888888889 0.0828125 0.6972222222222222 0.07760416666666667 0.6861111111111111 0.095734375 0.6744425925925926 0.10108385416666667 0.6598166666666666 0.09947916666666666 0.6509259259259259 0.10208333333333333 0.6472222222222223 0.10260416666666666 0.6370370370370371 0.09895833333333333 0.6305555555555555 0.0953125 0.6305555555555555 0.07760416666666667 0.6351851851851852 0.07291666666666667 0.6398148148148148 0.065625 0.6342592592592593 0.0546875 0.6333333333333333 0.0375 0.6351851851851852 0.019791666666666666 0.6425925925925926