1 0.1968875 0.5057592592592592 0.19921041666666667 0.5028342592592593 0.19988802083333335 0.5000805555555555 0.19940416666666666 0.4976712962962963 0.19620989583333334 0.4944018518518518 0.19243489583333334 0.48889537037037034 0.19040208333333333 0.48872314814814816 0.18846614583333335 0.4902722222222223 0.1867234375 0.49388611111111114 0.1871109375 0.4969833333333333 0.19040208333333333 0.5018018518518519 0.19224114583333335 0.5054157407407408 0.19388645833333334 0.5074805555555555
1 0.1931125 0.589049074074074 0.19611302083333332 0.5866398148148149 0.19843645833333332 0.5838861111111111 0.19930729166666666 0.579412037037037 0.19708125 0.5768305555555555 0.19369322916666668 0.5745935185185186 0.19127291666666668 0.5696037037037037 0.18972447916666668 0.5683990740740741 0.1870140625 0.5690870370370371 0.185175 0.571324074074074 0.18362604166666668 0.5744222222222222 0.18381979166666668 0.577175 0.18720781250000001 0.5826814814814816 0.18798177083333334 0.5852629629629629 0.18933697916666667 0.5881888888888889 0.1906921875 0.5897370370370371
1 0.27994010416666665 0.5116101851851852 0.2829411458333333 0.510062037037037 0.28468333333333334 0.5083407407407408 0.28487708333333334 0.5057592592592592 0.28361875 0.5011129629629629 0.2829411458333333 0.4969833333333333 0.2821666666666667 0.49336944444444447 0.28090833333333337 0.4919925925925926 0.27945625 0.4913046296296297 0.27752031250000003 0.4919925925925926 0.27635885416666667 0.49354166666666666 0.27519739583333336 0.49577870370370375 0.27519739583333336 0.49818796296296297 0.27626197916666667 0.5023175925925927 0.2761651041666667 0.5066203703703703 0.27645572916666666 0.510062037037037 0.27810104166666666 0.5114388888888889
1 0.29262083333333333 0.5990296296296296 0.2948473958333333 0.5990296296296296 0.29736406249999997 0.597137037037037 0.29900937499999997 0.5950722222222222 0.2999776041666667 0.5928351851851852 0.3002677083333333 0.5905981481481481 0.2987192708333334 0.5861231481481481 0.29697656250000004 0.5831981481481482 0.29494375 0.577175 0.2940729166666667 0.5754546296296296 0.2921369791666667 0.5751101851851852 0.29049114583333335 0.5754546296296296 0.28845833333333337 0.5773472222222222 0.287296875 0.5804444444444444 0.287296875 0.5831981481481482 0.2892328125 0.5887046296296297 0.2897166666666667 0.5909416666666667 0.2897166666666667 0.5928351851851852 0.29020104166666666 0.5962768518518519
1 0.3790614583333333 0.5133314814814816 0.381578125 0.5138472222222222 0.38438541666666665 0.5124712962962964 0.38535364583333337 0.5109222222222223 0.385934375 0.5073083333333334 0.38486927083333333 0.502662037037037 0.38380468749999996 0.5009416666666667 0.3835140625 0.4962944444444445 0.38283645833333335 0.4937138888888889 0.38148177083333334 0.49216481481481483 0.37944895833333336 0.4919925925925926 0.37770625 0.49285277777777775 0.3763510416666667 0.4947462962962963 0.3759640625 0.4973277777777778 0.3763510416666667 0.502662037037037 0.37644791666666666 0.5061037037037037 0.37644791666666666 0.5086851851851851 0.3769317708333333 0.5116101851851852
2 0.20596458333333334 0.4999777777777778 0.20820208333333332 0.5078203703703704 0.21062031250000002 0.5119805555555555 0.21303854166666666 0.5122574074074074 0.21413072916666664 0.5094842592592593 0.21436458333333333 0.5053240740740741 0.2117125 0.4989462962962963 0.21038593749999998 0.4961731481481481 0.20851406249999999 0.4953407407407407 0.20671979166666665 0.49645000000000006
2 0.20647968749999998 0.5768712962962963 0.20554270833333332 0.5798027777777778 0.20632291666666666 0.5838231481481482 0.20967708333333332 0.5931138888888888 0.21193958333333332 0.5949166666666666 0.21498177083333334 0.5936685185185185 0.21552760416666666 0.5907564814814815 0.215215625 0.5874287037037037 0.2142015625 0.5843777777777778 0.2103010416666667 0.5759203703703704
2 0.29427187499999996 0.503487037037037 0.295484375 0.5119981481481481 0.29704427083333335 0.5174055555555556 0.2986046875 0.5186537037037037 0.30094479166666666 0.5176824074074073 0.30180260416666665 0.5150481481481481 0.30180260416666665 0.5099175925925926 0.2983703125 0.5011824074074075 0.2965760416666667 0.5000731481481481 0.29462604166666667 0.5013212962962963
2 0.31194947916666665 0.5850453703703704 0.31077916666666666 0.5879574074074074 0.31116927083333334 0.592949074074074 0.3124953125 0.5997435185185185 0.31374375000000004 0.6047351851851852 0.3169416666666667 0.6052898148148148 0.31873593749999996 0.6026555555555556 0.31881406250000005 0.5966935185185185 0.31733177083333336 0.5897601851851852 0.31514739583333334 0.5843527777777778
2 0.39819791666666665 0.5152342592592593 0.39717968750000004 0.5041324074074074 0.39780364583333333 0.50025 0.3998317708333333 0.49969537037037043 0.4014697916666667 0.5008046296296297 0.4033421875 0.5132833333333333 0.4032640625 0.5164731481481482 0.40217187499999996 0.5189685185185186 0.40014374999999996 0.5185527777777779 0.39881770833333335 0.5178592592592592
0 0.753125 0.5314814814814814 0.753125 0.5388888888888889 0.759375 0.5564814814814815 0.7734375 0.5740740740740741 0.778125 0.5944444444444444 0.7880208333333333 0.612037037037037 0.8067708333333333 0.6296296296296297 0.821875 0.6351851851851852 0.8385416666666666 0.6342592592592593 0.8520833333333333 0.625 0.8635416666666667 0.6 0.8802083333333334 0.5851851851851851 0.8875 0.5648148148148148 0.8989583333333333 0.5583333333333333 0.9104166666666667 0.5398148148148149 0.9088541666666666 0.5287037037037037 0.9 0.5166666666666667 0.8901041666666667 0.5175925925925926 0.8765625 0.525 0.865625 0.5111111111111111 0.8489583333333334 0.49722222222222223 0.821875 0.4842592592592593 0.7885416666666667 0.4925925925925926 0.7770833333333333 0.5083333333333333 0.7744791666666667 0.5231481481481481 0.7703125 0.5324074074074074 0.7598958333333333 0.5277777777777778 0.7552083333333334 0.5277777777777778
0 0.8776041666666666 0.6407407407407407 0.8770833333333333 0.65 0.8833333333333333 0.6703703703703704 0.8901041666666667 0.6851851851851852 0.8979166666666667 0.6953703703703704 0.9052083333333333 0.7231481481481481 0.9203125 0.7518518518518519 0.940625 0.7731481481481481 0.9598958333333333 0.7870370370370371 0.9796875 0.7935185185185185 0.9994791666666667 0.7925925925925926 0.9994791666666667 0.6138888888888889 0.9713541666666666 0.5990740740740741 0.9338541666666667 0.5981481481481481 0.925 0.600925925925926 0.9114583333333334 0.6129629629629629 0.9020833333333333 0.6472222222222223 0.8916666666666667 0.6453703703703704 0.8838541666666667 0.637962962962963
0 0.640625 0.6351851851851852 0.6401041666666667 0.6472222222222223 0.6442708333333333 0.662962962962963 0.65 0.6703703703703704 0.6546875 0.6685185185185185 0.659375 0.675 0.6697916666666667 0.6805555555555556 0.6729166666666667 0.6888888888888889 0.6708333333333333 0.6953703703703704 0.6729166666666667 0.7157407407407408 0.6875 0.7425925925925926 0.6979166666666666 0.7527777777777778 0.6994791666666667 0.7583333333333333 0.7208333333333333 0.7601851851851852 0.7369791666666666 0.7564814814814815 0.7484375 0.7407407407407407 0.7552083333333334 0.725925925925926 0.7630208333333334 0.7175925925925926 0.7755208333333333 0.6916666666666667 0.7895833333333333 0.6935185185185185 0.7989583333333333 0.6851851851851852 0.8046875 0.675 0.8036458333333333 0.6537037037037037 0.7979166666666667 0.6472222222222223 0.7671875 0.6435185185185185 0.7630208333333334 0.6296296296296297 0.7494791666666667 0.6101851851851852 0.73125 0.5953703703703703 0.7182291666666667 0.5907407407407408 0.7005208333333334 0.5898148148148148 0.6838541666666667 0.5962962962962963 0.6671875 0.6148148148148148 0.6630208333333333 0.6305555555555555 0.6578125 0.6314814814814815 0.6473958333333333 0.6240740740740741 0.6432291666666666 0.6259259259259259
0 0.5682291666666667 0.5324074074074074 0.5677083333333334 0.5435185185185185 0.5708333333333333 0.5564814814814815 0.5802083333333333 0.5657407407407408 0.5880208333333333 0.5611111111111111 0.59375 0.5703703703703704 0.5973958333333333 0.5833333333333334 0.5984375 0.6 0.6052083333333333 0.6157407407407407 0.6135416666666667 0.6175925925925926 0.6229166666666667 0.6287037037037037 0.640625 0.6287037037037037 0.6541666666666667 0.6175925925925926 0.6598958333333333 0.6064814814814815 0.6614583333333334 0.5916666666666667 0.6677083333333333 0.5731481481481482 0.6770833333333334 0.5648148148148148 0.6854166666666667 0.5638888888888889 0.6958333333333333 0.5462962962962963 0.6958333333333333 0.5398148148148149 0.6911458333333333 0.524074074074074 0.6838541666666667 0.524074074074074 0.6765625 0.5305555555555556 0.6697916666666667 0.5259259259259259 0.6588541666666666 0.5074074074074074 0.6364583333333333 0.4925925925925926 0.6192708333333333 0.4935185185185185 0.60625 0.49907407407407406 0.5984375 0.5074074074074074 0.5869791666666667 0.5324074074074074 0.5802083333333333 0.5324074074074074 0.5744791666666667 0.5277777777777778 0.5708333333333333 0.5277777777777778
0 0.4890625 0.6175925925925926 0.49114583333333334 0.637962962962963 0.4942708333333333 0.6435185185185185 0.503125 0.6462962962962963 0.5114583333333333 0.6574074074074074 0.5145833333333333 0.6703703703703704 0.5244791666666667 0.6888888888888889 0.528125 0.7055555555555556 0.5328125 0.7138888888888889 0.5489583333333333 0.725 0.5677083333333334 0.7240740740740741 0.575 0.7175925925925926 0.5854166666666667 0.6990740740740741 0.5921875 0.6694444444444444 0.5984375 0.662962962962963 0.6026041666666667 0.6638888888888889 0.6125 0.6574074074074074 0.6197916666666666 0.6453703703703704 0.6213541666666667 0.6370370370370371 0.6213541666666667 0.6296296296296297 0.6177083333333333 0.6203703703703703 0.6109375 0.6194444444444445 0.6005208333333333 0.625 0.5973958333333333 0.6222222222222222 0.5932291666666667 0.6055555555555555 0.58125 0.5861111111111111 0.5729166666666666 0.5787037037037037 0.5604166666666667 0.5740740740740741 0.5328125 0.5805555555555556 0.525 0.5888888888888889 0.5140625 0.6111111111111112 0.5083333333333333 0.6166666666666667 0.49322916666666666 0.6101851851851852
0 0.44479166666666664 0.5342592592592592 0.44583333333333336 0.5481481481481482 0.45364583333333336 0.5583333333333333 0.4630208333333333 0.5592592592592592 0.4744791666666667 0.5805555555555556 0.4791666666666667 0.6 0.4864583333333333 0.6111111111111112 0.4984375 0.6092592592592593 0.503125 0.6138888888888889 0.5083333333333333 0.6138888888888889 0.5114583333333333 0.612037037037037 0.5505208333333333 0.5462962962962963 0.5541666666666667 0.5361111111111111 0.5541666666666667 0.5287037037037037 0.5536458333333333 0.5222222222222223 0.55 0.5194444444444445 0.5364583333333334 0.5222222222222223 0.5307291666666667 0.5064814814814815 0.5223958333333333 0.4962962962962963 0.49947916666666664 0.4898148148148148 0.4786458333333333 0.5009259259259259 0.4635416666666667 0.5287037037037037 0.4578125 0.5314814814814814 0.45416666666666666 0.525 0.44895833333333335 0.5231481481481481 0.44635416666666666 0.5259259259259259
0 0.3619791666666667 0.6175925925925926 0.3619791666666667 0.6296296296296297 0.37604166666666666 0.6435185185185185 0.3828125 0.6712962962962963 0.3958333333333333 0.687037037037037 0.40208333333333335 0.700925925925926 0.4161458333333333 0.7129629629629629 0.42864583333333334 0.7111111111111111 0.44427083333333334 0.6990740740740741 0.45625 0.675 0.4578125 0.6648148148148149 0.4703125 0.6481481481481481 0.47552083333333334 0.6287037037037037 0.4739583333333333 0.6111111111111112 0.4640625 0.6157407407407407 0.44947916666666665 0.5824074074074074 0.4401041666666667 0.5740740740740741 0.43125 0.5712962962962963 0.4192708333333333 0.5731481481481482 0.4041666666666667 0.5814814814814815 0.3807291666666667 0.6138888888888889 0.378125 0.6018518518518519 0.3723958333333333 0.5981481481481481
0 0.3375 0.5222222222222223 0.3385416666666667 0.5351851851851852 0.3484375 0.5472222222222223 0.35989583333333336 0.5694444444444444 0.36614583333333334 0.575 0.3734375 0.5944444444444444 0.38697916666666665 0.6037037037037037 0.4010416666666667 0.5833333333333334 0.421875 0.5703703703703704 0.42552083333333335 0.5518518518518518 0.4317708333333333 0.5425925925925926 0.43645833333333334 0.5203703703703704 0.4322916666666667 0.5074074074074074 0.4197916666666667 0.5055555555555555 0.41822916666666665 0.4962962962962963 0.4114583333333333 0.4842592592592593 0.3927083333333333 0.4787037037037037 0.3734375 0.487962962962963 0.35572916666666665 0.5101851851851852 0.34791666666666665 0.5101851851851852
0 0.24791666666666667 0.5990740740740741 0.24739583333333334 0.6101851851851852 0.2526041666666667 0.6222222222222222 0.25885416666666666 0.6268518518518519 0.2578125 0.6296296296296297 0.26458333333333334 0.6527777777777778 0.2682291666666667 0.6592592592592592 0.28177083333333336 0.6712962962962963 0.2859375 0.6805555555555556 0.3026041666666667 0.6944444444444444 0.31927083333333334 0.6916666666666667 0.3328125 0.6787037037037037 0.34270833333333334 0.6574074074074074 0.34270833333333334 0.6481481481481481 0.3458333333333333 0.6407407407407407 0.34427083333333336 0.6370370370370371 0.346875 0.6333333333333333 0.35208333333333336 0.6064814814814815 0.3489583333333333 0.5953703703703703 0.33958333333333335 0.587037037037037 0.3333333333333333 0.562962962962963 0.3234375 0.5555555555555556 0.3125 0.5555555555555556 0.30052083333333335 0.5601851851851852 0.2921875 0.5666666666666667 0.2916666666666667 0.5722222222222222 0.2890625 0.575925925925926 0.27239583333333334 0.587037037037037 0.2520833333333333 0.5888888888888889
0 0.24479166666666666 0.5157407407407407 0.24479166666666666 0.525 0.25104166666666666 0.5351851851851852 0.253125 0.5546296296296296 0.26145833333333335 0.5694444444444444 0.26875 0.5712962962962963 0.275 0.5814814814814815 0.28958333333333336 0.5740740740740741 0.29322916666666665 0.5648148148148148 0.30104166666666665 0.5583333333333333 0.32135416666666666 0.5527777777777778 0.3328125 0.5296296296296297 0.3333333333333333 0.5222222222222223 0.328125 0.5111111111111111 0.3203125 0.5046296296296297 0.31927083333333334 0.49444444444444446 0.315625 0.4861111111111111 0.3046875 0.47962962962962963 0.28541666666666665 0.4842592592592593 0.26145833333333335 0.5046296296296297 0.2526041666666667 0.5046296296296297
0 0.15364583333333334 0.5925925925925926 0.153125 0.6055555555555555 0.16041666666666668 0.6194444444444445 0.16041666666666668 0.6324074074074074 0.16302083333333334 0.6407407407407407 0.16927083333333334 0.6509259259259259 0.18177083333333333 0.6564814814814814 0.19427083333333334 0.674074074074074 0.20104166666666667 0.6777777777777778 0.2171875 0.6759259259259259 0.228125 0.6675925925925926 0.24375 0.6453703703703704 0.24947916666666667 0.6259259259259259 0.24791666666666667 0.612037037037037 0.24583333333333332 0.6092592592592593 0.2484375 0.5916666666666667 0.24166666666666667 0.5777777777777777 0.23958333333333334 0.5666666666666667 0.22760416666666666 0.5509259259259259 0.21979166666666666 0.55 0.19791666666666666 0.5564814814814815 0.18958333333333333 0.5675925925925925 0.184375 0.5703703703703704 0.178125 0.5805555555555556 0.16354166666666667 0.5824074074074074
0 0.16197916666666667 0.5120370370370371 0.16041666666666668 0.5194444444444445 0.16666666666666666 0.5314814814814814 0.17083333333333334 0.55 0.175 0.5574074074074075 0.18541666666666667 0.5648148148148148 0.1890625 0.5648148148148148 0.2 0.5546296296296296 0.2234375 0.549074074074074 0.228125 0.55 0.23802083333333332 0.562037037037037 0.24114583333333334 0.562962962962963 0.24322916666666666 0.5601851851851852 0.24270833333333333 0.5101851851851852 0.23385416666666667 0.4981481481481482 0.23177083333333334 0.48703703703703705 0.22291666666666668 0.47962962962962963 0.20572916666666666 0.48055555555555557 0.18854166666666666 0.4898148148148148 0.17864583333333334 0.5018518518518519 0.16875 0.5018518518518519
0 0.6505208333333333 0.9083333333333333 0.6494791666666667 0.9120370370370371 0.6510416666666666 0.9175925925925926 0.6588541666666666 0.9333333333333333 0.6572916666666667 0.9555555555555556 0.6609375 0.962037037037037 0.671875 0.9703703703703703 0.6770833333333334 0.9666666666666667 0.6807291666666667 0.9481481481481482 0.6927083333333334 0.9425925925925925 0.7067708333333333 0.925 0.7036458333333333 0.9203703703703704
0 0.5723958333333333 0.9037037037037037 0.571875 0.9101851851851852 0.5739583333333333 0.9175925925925926 0.58125 0.9287037037037037 0.5953125 0.9268518518518518 0.6104166666666667 0.9342592592592592 0.6307291666666667 0.925 0.6364583333333333 0.9083333333333333 0.6333333333333333 0.9027777777777778 0.5848958333333333 0.8907407407407407 0.5817708333333333 0.8916666666666667 0.5802083333333333 0.8981481481481481
0 0.50625 0.8898148148148148 0.5052083333333334 0.8972222222222223 0.5151041666666667 0.9111111111111111 0.525 0.899074074074074 0.5307291666666667 0.9027777777777778 0.5359375 0.9138888888888889 0.534375 0.925 0.5359375 0.9342592592592592 0.5427083333333333 0.9388888888888889 0.5484375 0.9388888888888889 0.5520833333333334 0.9351851851851852 0.5541666666666667 0.9148148148148149 0.5635416666666667 0.9046296296296297 0.5692708333333333 0.8907407407407407 0.5645833333333333 0.8851851851851852 0.5317708333333333 0.8759259259259259 0.5130208333333334 0.8759259259259259
0 0.44635416666666666 0.8888888888888888 0.44583333333333336 0.8935185185185185 0.4484375 0.9009259259259259 0.4552083333333333 0.9092592592592592 0.4609375 0.9083333333333333 0.46875 0.899074074074074 0.48854166666666665 0.9064814814814814 0.5010416666666667 0.899074074074074 0.509375 0.8824074074074074 0.5104166666666666 0.8759259259259259 0.50625 0.8722222222222222 0.4703125 0.862037037037037 0.45729166666666665 0.8611111111111112 0.4552083333333333 0.8638888888888889 0.4557291666666667 0.8796296296296297
0 0.3411458333333333 0.8361111111111111 0.340625 0.8425925925925926 0.34375 0.8527777777777777 0.3411458333333333 0.8759259259259259 0.34791666666666665 0.887962962962963 0.35625 0.8870370370370371 0.3625 0.8805555555555555 0.365625 0.8731481481481481 0.3765625 0.8666666666666667 0.384375 0.8555555555555555 0.3875 0.8462962962962963 0.3729166666666667 0.8379629629629629 0.3546875 0.8333333333333334 0.3453125 0.8324074074074074
0 0.2791666666666667 0.8435185185185186 0.2786458333333333 0.850925925925926 0.28125 0.8574074074074074 0.29010416666666666 0.8592592592592593 0.29635416666666664 0.8564814814814815 0.296875 0.8703703703703703 0.2984375 0.8731481481481481 0.3072916666666667 0.8740740740740741 0.31927083333333334 0.8601851851851852 0.3338541666666667 0.8518518518518519 0.33645833333333336 0.8462962962962963 0.33645833333333336 0.8342592592592593 0.3328125 0.8296296296296296 0.32135416666666666 0.8240740740740741 0.2947916666666667 0.8212962962962963 0.2864583333333333 0.8287037037037037
0 0.240625 0.8064814814814815 0.23854166666666668 0.8101851851851852 0.24270833333333333 0.8231481481481482 0.24114583333333334 0.8435185185185186 0.24427083333333333 0.8490740740740741 0.2609375 0.85 0.26979166666666665 0.8435185185185186 0.2760416666666667 0.8333333333333334 0.2869791666666667 0.8240740740740741 0.28541666666666665 0.8203703703703704 0.27239583333333334 0.8111111111111111