1 0.8140625 0.45092592592592595 0.81171875 0.4708333333333333 0.8041666666666667 0.49398148148148147 0.8041666666666667 0.4981481481481482 0.80628359375 0.5052893518518519 0.8103942708333334 0.5105092592592593 0.81614921875 0.5151027777777778 0.8220216145833333 0.5165643518518519 0.82742421875 0.5167731481481481 0.8324744791666667 0.5148939814814815 0.8359979166666667 0.5109268518518519 0.8378770833333333 0.5063333333333334 0.8356770833333333 0.48055555555555557 0.8390625 0.45555555555555555 0.8388020833333333 0.4532407407407407 0.8348958333333333 0.44722222222222224 0.828125 0.4425925925925926 0.8197901041666668 0.4418148148148148 0.8158854166666667 0.44583333333333336
1 0.7090361979166667 0.2503476851851852 0.7076268229166666 0.2655902777777778 0.7020833333333333 0.2824074074074074 0.7022242187500001 0.28855787037037034 0.70574765625 0.29523935185185185 0.7096234375 0.2979537037037037 0.7157307291666667 0.29962407407407404 0.7210158854166667 0.2985800925925926 0.7253614583333333 0.2954481481481481 0.7266533854166667 0.2918986111111111 0.7252440104166666 0.2716453703703704 0.7265625 0.2601851851851852 0.72759296875 0.25264444444444445 0.7270057291666667 0.2490949074074074 0.7248916666666666 0.24575416666666663 0.7207809895833334 0.24303981481481482 0.7169270833333333 0.24259259259259258 0.7143213541666668 0.24241342592592596 0.710328125 0.24512777777777778
1 0.4622395833333333 0.2916666666666667 0.4627604166666667 0.30864212962962967 0.45957578125 0.32843796296296296 0.4619247395833333 0.3338666666666667 0.4654481770833333 0.3382513888888889 0.46967630208333333 0.34013055555555555 0.4762533854166667 0.3390865740740741 0.48153854166666665 0.33574583333333335 0.48494453125 0.3313611111111111 0.48600156250000004 0.3265587962962963 0.484375 0.3189814814814815 0.48165598958333333 0.30630555555555555 0.48106875000000004 0.28605231481481486 0.47890625 0.2828703703703704 0.47660572916666666 0.2808324074074074 0.47155546875 0.27999722222222223 0.46521328125 0.2818763888888889 0.4626294270833334 0.2852171296296296
1 0.4444247395833333 0.1446962962962963 0.44454218749999996 0.15952129629629627 0.44219322916666665 0.1760162037037037 0.44336770833333333 0.17977453703703702 0.44559921875 0.1822800925925926 0.45182421875 0.1826976851851852 0.45887109375 0.18186249999999998 0.462746875 0.17768657407407407 0.4614549479166667 0.16662037037037036 0.45957578125 0.15722407407407407 0.4591145833333333 0.1439814814814815 0.45755208333333336 0.1398148148148148 0.45364583333333336 0.13842592592592592 0.44630390625 0.13885 0.4450119791666667 0.14156435185185184
1 0.23411458333333332 0.17083333333333334 0.23407473958333333 0.17893935185185186 0.23515625 0.18796296296296297 0.23411458333333332 0.20416666666666666 0.23442708333333334 0.2104675925925926 0.23830286458333333 0.2152699074074074 0.24394036458333332 0.21610509259259258 0.2506348958333333 0.21339074074074074 0.25442708333333336 0.20879629629629629 0.25546875 0.20324074074074075 0.25104166666666666 0.18703703703703703 0.24921875 0.1699074074074074 0.24557291666666667 0.16712962962962963 0.23958333333333334 0.16712962962962963
1 0.25703125 0.07314814814814814 0.2567421875 0.07871666666666666 0.257446875 0.08644212962962963 0.2568596354166667 0.0943763888888889 0.25627239583333333 0.10418981481481482 0.2593260416666667 0.10794814814814815 0.2640239583333333 0.10899212962962963 0.27036640625 0.10753055555555555 0.27424218749999996 0.10377222222222222 0.27130598958333335 0.08560694444444444 0.27013151041666666 0.07454074074074074 0.2687221354166667 0.0707824074074074 0.26449374999999997 0.06911203703703704 0.25920859375 0.07036481481481481
1 0.06855598958333334 0.12907500000000002 0.071525 0.13083425925925926 0.07539375 0.13051435185185184 0.08097161458333332 0.12811527777777776 0.084390625 0.12555601851851853 0.08574010416666668 0.12139768518518518 0.08025208333333333 0.1038037037037037 0.07836276041666666 0.09100833333333333 0.07755286458333334 0.08892916666666666 0.07584348958333333 0.08780925925925927 0.071525 0.08716944444444444 0.06819609374999999 0.08748935185185186 0.06540729166666666 0.08876898148148149 0.06378776041666666 0.09116805555555556 0.06369765625 0.09404722222222223 0.06549713541666666 0.10812222222222223 0.06567708333333333 0.12539629629629628
1 0.11614947916666667 0.032148611111111114 0.11462005208333334 0.021272685185185183 0.11470989583333333 0.018233796296296297 0.11641927083333334 0.016154166666666667 0.12046796875 0.015034722222222224 0.12370677083333333 0.014714814814814814 0.12586614583333333 0.016154166666666667 0.12775546875000002 0.02815 0.13162395833333332 0.03998611111111111 0.13180390625 0.044304629629629624 0.130634375 0.04734351851851852 0.12667578125 0.04910277777777778 0.12163750000000001 0.049582870370370374 0.11857864583333333 0.048462962962962965 0.11596953125 0.04558425925925926 0.11560963541666666 0.042545370370370365 0.11632942708333333 0.03246851851851852
2 0.03050859375 0 0.03253880208333333 0.018173148148148147 0.035681510416666666 0.020802314814814815 0.04270651041666666 0.018173148148148147 0.039563802083333335 0
2 0.09520911458333334 0.12267222222222221 0.09613359375000001 0.145675 0.0976125 0.15487638888888888 0.10334348958333334 0.15586203703703702 0.10815 0.1512615740740741 0.10426770833333333 0.12070046296296297 0.1005703125 0.11741435185185185 0.09631848958333333 0.11807175925925925
2 0.1403171875 0.04249074074074074 0.14124140624999998 0.06910833333333333 0.14512369791666666 0.07075138888888889 0.14993020833333331 0.06779398148148148 0.14826640624999998 0.044462037037037036 0.14567838541666667 0.03986157407407408 0.1427203125 0.04084768518518518
2 0.28961796875 0.10200648148148149 0.28909505208333336 0.1301888888888889 0.29186796875 0.1331462962962963 0.29944765624999997 0.13216064814814815 0.2987080729166667 0.11211527777777779 0.29815364583333337 0.10291435185185184 0.29593515625 0.09995648148148148 0.29223776041666666 0.09897083333333333
2 0.27619479166666666 0.20433055555555554 0.2731963541666667 0.21004212962962962 0.27301145833333335 0.24060277777777778 0.2746752604166666 0.24553194444444446 0.28077578125 0.24684675925925925 0.28595208333333333 0.24356064814814815 0.28391875 0.21234212962962962 0.28280937500000003 0.20741296296296297 0.2796666666666667 0.20412685185185184
2 0.48303515625 0.20975416666666669 0.48676458333333333 0.17921111111111113 0.48916796875 0.17658194444444444 0.49378958333333334 0.17625324074074072 0.49637786458333333 0.18052546296296296 0.49489895833333336 0.21305787037037036 0.4915713541666667 0.21535833333333332 0.48639505208333333 0.2170013888888889
2 0.5184236979166666 0.3352189814814815 0.51375546875 0.3717782407407408 0.5168981770833333 0.3763787037037037 0.5228140625 0.3790074074074074 0.5281752604166666 0.3790074074074074 0.53039375 0.34384583333333335 0.5294692708333334 0.33563055555555554 0.52688125 0.3316875 0.5222593750000001 0.3303726851851852
2 0.7667539062500001 0.29219212962962965 0.75924921875 0.32610370370370373 0.7605434895833334 0.3333333333333333 0.7651651041666666 0.33596203703703703 0.7714505208333333 0.33596203703703703 0.77736640625 0.300800462962963 0.7771815104166666 0.2962 0.7747783854166667 0.29061342592592593 0.7690473958333333 0.2889703703703704
2 0.8958039062500001 0.5127092592592593 0.8839822916666668 0.5556865740740741 0.8850635416666666 0.563375462962963 0.8924166666666667 0.5702953703703704 0.9008513020833333 0.5691416666666667 0.9112322916666666 0.5245476851851851 0.9095020833333333 0.5183972222222223 0.9036627604166667 0.5110930555555555
0 0.6333333333333333 0.4962962962962963 0.63125 0.5175925925925926 0.6338541666666667 0.5467592592592593 0.64140625 0.5597222222222222 0.64921875 0.5814814814814815 0.65078125 0.5833333333333334 0.65546875 0.5833333333333334 0.6614583333333334 0.5888888888888889 0.6640625 0.5893518518518519 0.6682291666666667 0.5953703703703703 0.6734375 0.5953703703703703 0.68359375 0.6023148148148149 0.68671875 0.6111111111111112 0.6877604166666667 0.6189814814814815 0.6921875 0.625 0.6963541666666667 0.6370370370370371 0.69375 0.6546296296296297 0.6919270833333333 0.7305555555555555 0.69375 0.7481481481481481 0.70234375 0.7796296296296297 0.7075520833333333 0.7925925925925926 0.7221354166666667 0.8189814814814815 0.7424479166666667 0.8416666666666667 0.7729166666666667 0.8657407407407407 0.7927083333333333 0.8740740740740741 0.8322916666666667 0.874537037037037 0.8453125 0.8712962962962963 0.8630208333333333 0.8592592592592593 0.8760416666666667 0.8453703703703703 0.8768229166666667 0.8421296296296297 0.8848958333333333 0.8319444444444445 0.8890625 0.8236111111111111 0.8911458333333333 0.8175925925925925 0.89296875 0.8037037037037037 0.8947916666666667 0.8004629629629629 0.89453125 0.7962962962962963 0.896875 0.7828703703703703 0.90078125 0.774074074074074 0.9010416666666666 0.7689814814814815 0.9046875 0.7546296296296297 0.90546875 0.7402777777777778 0.9096354166666667 0.7324074074074074 0.91484375 0.7375 0.9252604166666667 0.7430555555555556 0.9328125 0.7435185185185185 0.9390625 0.7513888888888889 0.9567708333333333 0.763425925925926 0.9622395833333334 0.7652777777777777 0.9669270833333333 0.7652777777777777 0.97109375 0.7620370370370371 0.9739583333333334 0.7620370370370371 0.9997395833333333 0.7453703703703703 0.9997395833333333 0.6101851851851852 0.9848958333333333 0.6018518518518519 0.9768229166666667 0.5949074074074074 0.9611979166666667 0.5902777777777778 0.9434895833333333 0.5791666666666667 0.9421875 0.575462962962963 0.9424479166666667 0.5638888888888889 0.9372395833333333 0.5467592592592593 0.93359375 0.5393518518518519 0.9125 0.5092592592592593 0.8893229166666666 0.4847222222222222 0.8598958333333333 0.4648148148148148 0.8388020833333333 0.45555555555555555 0.8325520833333333 0.4449074074074074 0.8247395833333333 0.44305555555555554 0.7674479166666667 0.4444444444444444 0.7447916666666666 0.45046296296296295 0.72421875 0.4625 0.6763020833333333 0.44907407407407407 0.6677083333333333 0.4444444444444444 0.6572916666666667 0.4439814814814815 0.6494791666666667 0.44814814814814813 0.6421875 0.4601851851851852 0.6375 0.4736111111111111
0 0.5770833333333333 0.31157407407407406 0.5768229166666666 0.31851851851851853 0.578125 0.3314814814814815 0.5815104166666667 0.3449074074074074 0.5833333333333334 0.3472222222222222 0.58828125 0.36157407407407405 0.5919270833333333 0.3680555555555556 0.5953125 0.3712962962962963 0.6125 0.3736111111111111 0.6229166666666667 0.39444444444444443 0.6236979166666666 0.4148148148148148 0.6234375 0.4638888888888889 0.6223958333333334 0.4666666666666667 0.6229166666666667 0.4842592592592593 0.6252604166666667 0.5027777777777778 0.6265625 0.5092592592592593 0.6276041666666666 0.5101851851851852 0.6299479166666667 0.5106481481481482 0.6317708333333333 0.5046296296296297 0.6348958333333333 0.48842592592592593 0.63671875 0.4703703703703704 0.640625 0.4597222222222222 0.64921875 0.4462962962962963 0.6580729166666667 0.44074074074074077 0.6682291666666667 0.44074074074074077 0.6796875 0.44675925925925924 0.6817708333333333 0.449537037037037 0.6893229166666667 0.44814814814814813 0.6927083333333334 0.45231481481481484 0.7065104166666667 0.45740740740740743 0.7169270833333333 0.4634259259259259 0.7203125 0.4634259259259259 0.7221354166666667 0.46064814814814814 0.7307291666666667 0.4564814814814815 0.73828125 0.45046296296296295 0.7609375 0.44305555555555554 0.7763020833333333 0.44074074074074077 0.78671875 0.4337962962962963 0.7916666666666666 0.43287037037037035 0.7971354166666667 0.43333333333333335 0.81015625 0.43842592592592594 0.8283854166666667 0.43842592592592594 0.8325520833333333 0.44027777777777777 0.8385416666666666 0.44675925925925924 0.8419270833333333 0.44722222222222224 0.8453125 0.44583333333333336 0.8466145833333333 0.4425925925925926 0.8489583333333334 0.44166666666666665 0.8526041666666667 0.4356481481481482 0.8536458333333333 0.4305555555555556 0.8557291666666667 0.42777777777777776 0.8596354166666667 0.41203703703703703 0.8596354166666667 0.40370370370370373 0.85859375 0.399537037037037 0.8604166666666667 0.3902777777777778 0.8609375 0.3768518518518518 0.8591145833333333 0.37037037037037035 0.8427083333333333 0.36203703703703705 0.8283854166666667 0.35185185185185186 0.8096354166666667 0.34629629629629627 0.8088541666666667 0.3384259259259259 0.8049479166666667 0.3282407407407407 0.8010416666666667 0.3226851851851852 0.7971354166666667 0.3138888888888889 0.7877604166666666 0.3 0.7796875 0.29305555555555557 0.7752604166666667 0.2916666666666667 0.7622395833333333 0.27870370370370373 0.7513020833333334 0.2722222222222222 0.734375 0.2662037037037037 0.7286458333333333 0.26851851851851855 0.7276041666666667 0.2708333333333333 0.7268229166666667 0.26990740740740743 0.7263020833333333 0.2625 0.7265625 0.2518518518518518 0.725 0.24722222222222223 0.7208333333333333 0.24351851851851852 0.71640625 0.24259259259259258 0.71171875 0.24444444444444444 0.7098958333333333 0.24722222222222223 0.70859375 0.25787037037037036 0.7065104166666667 0.262037037037037 0.6966145833333334 0.25972222222222224 0.6739583333333333 0.26157407407407407 0.6609375 0.2652777777777778 0.640625 0.2763888888888889 0.6263020833333334 0.27037037037037037 0.6197916666666666 0.27037037037037037 0.6184895833333334 0.26851851851851855 0.6182291666666667 0.2652777777777778 0.6171875 0.26481481481481484 0.6044270833333333 0.2657407407407407 0.59921875 0.262037037037037 0.5916666666666667 0.26481481481481484 0.58515625 0.2712962962962963 0.5807291666666666 0.2791666666666667 0.5791666666666667 0.28564814814814815
0 0.34739583333333335 0.324537037037037 0.34765625 0.3421296296296296 0.34921875 0.3486111111111111 0.3484375 0.3592592592592593 0.35104166666666664 0.362962962962963 0.35182291666666665 0.3662037037037037 0.35078125 0.3699074074074074 0.35234375 0.37222222222222223 0.3515625 0.3763888888888889 0.35234375 0.37916666666666665 0.35208333333333336 0.3851851851851852 0.35572916666666665 0.3958333333333333 0.359375 0.4027777777777778 0.36354166666666665 0.4013888888888889 0.36432291666666666 0.3972222222222222 0.36692708333333335 0.39861111111111114 0.3671875 0.4111111111111111 0.3690104166666667 0.41435185185185186 0.37109375 0.4356481481481482 0.37473958333333335 0.44722222222222224 0.38697916666666665 0.4703703703703704 0.39166666666666666 0.5263888888888889 0.39505208333333336 0.5564814814814815 0.3984375 0.5745370370370371 0.4041666666666667 0.5884259259259259 0.4122395833333333 0.6018518518518519 0.4161458333333333 0.6050925925925926 0.42552083333333335 0.6171296296296296 0.4322916666666667 0.6226851851851852 0.46067708333333335 0.6333333333333333 0.4895833333333333 0.6319444444444444 0.5080729166666667 0.624537037037037 0.5265625 0.611574074074074 0.5369791666666667 0.5976851851851852 0.5486979166666667 0.5731481481481482 0.5520833333333334 0.5555555555555556 0.5533854166666666 0.5407407407407407 0.5572916666666666 0.5259259259259259 0.5609375 0.525 0.5677083333333334 0.5268518518518519 0.5778645833333333 0.5185185185185185 0.6005208333333333 0.49166666666666664 0.6135416666666667 0.47129629629629627 0.6161458333333333 0.4638888888888889 0.6161458333333333 0.45231481481481484 0.61484375 0.4444444444444444 0.6158854166666666 0.425 0.6145833333333334 0.42083333333333334 0.6091145833333333 0.4125 0.6059895833333333 0.4115740740740741 0.60078125 0.4060185185185185 0.5869791666666667 0.3962962962962963 0.5752604166666667 0.3907407407407407 0.5723958333333333 0.36527777777777776 0.56953125 0.35509259259259257 0.5572916666666666 0.33564814814814814 0.5388020833333333 0.3162037037037037 0.5192708333333333 0.30462962962962964 0.5033854166666667 0.29907407407407405 0.4890625 0.2962962962962963 0.48333333333333334 0.29953703703703705 0.48151041666666666 0.2953703703703704 0.47994791666666664 0.2865740740740741 0.47760416666666666 0.2824074074074074 0.4666666666666667 0.28194444444444444 0.4635416666666667 0.2865740740740741 0.46145833333333336 0.2949074074074074 0.459375 0.29768518518518516 0.44609375 0.29907407407407405 0.43984375 0.3023148148148148 0.43203125 0.30277777777777776 0.42864583333333334 0.3050925925925926 0.42421875 0.3055555555555556 0.41171875 0.31296296296296294 0.40130208333333334 0.30694444444444446 0.3924479166666667 0.30648148148148147 0.39036458333333335 0.30833333333333335 0.38828125 0.3060185185185185 0.37890625 0.3037037037037037 0.3731770833333333 0.3037037037037037 0.37005208333333334 0.3060185185185185 0.36328125 0.30462962962962964 0.35572916666666665 0.3055555555555556 0.35234375 0.3074074074074074 0.34869791666666666 0.31712962962962965
0 0.35598958333333336 0.17731481481481481 0.35546875 0.2064814814814815 0.3572916666666667 0.22361111111111112 0.35963541666666665 0.2300925925925926 0.3651041666666667 0.23657407407407408 0.36614583333333334 0.23981481481481481 0.365625 0.24444444444444444 0.39166666666666666 0.30324074074074076 0.403125 0.3060185185185185 0.41171875 0.3111111111111111 0.4315104166666667 0.300462962962963 0.45807291666666666 0.29583333333333334 0.46197916666666666 0.2898148148148148 0.4622395833333333 0.2865740740740741 0.46458333333333335 0.2824074074074074 0.46953125 0.2800925925925926 0.4752604166666667 0.2800925925925926 0.4796875 0.28425925925925927 0.484375 0.2935185185185185 0.5057291666666667 0.2967592592592593 0.5255208333333333 0.3055555555555556 0.5348958333333333 0.3125 0.53984375 0.31342592592592594 0.5528645833333333 0.3 0.5611979166666666 0.2861111111111111 0.5606770833333333 0.2611111111111111 0.5614583333333333 0.25 0.5604166666666667 0.24537037037037038 0.5536458333333333 0.23796296296296296 0.5442708333333334 0.2337962962962963 0.53359375 0.22546296296296298 0.5328125 0.2101851851851852 0.52578125 0.19583333333333333 0.5153645833333333 0.1824074074074074 0.5010416666666667 0.17175925925925925 0.4942708333333333 0.1712962962962963 0.49140625 0.1685185185185185 0.4703125 0.16203703703703703 0.46197916666666666 0.1648148148148148 0.45989583333333334 0.1574074074074074 0.4591145833333333 0.1439814814814815 0.45677083333333335 0.13935185185185187 0.44583333333333336 0.14027777777777778 0.44453125 0.14351851851851852 0.44427083333333334 0.1587962962962963 0.44114583333333335 0.16296296296296298 0.43203125 0.16296296296296298 0.40303828124999996 0.1726851851851852 0.390625 0.16527777777777777 0.38723958333333336 0.1597222222222222 0.37786458333333334 0.16111111111111112 0.359375 0.16944444444444445 0.35703125 0.17175925925925925
0 0.15989583333333332 0.21064814814814814 0.16041666666666668 0.22407407407407406 0.16302083333333334 0.23333333333333334 0.165625 0.23796296296296296 0.16484375 0.24444444444444444 0.1625 0.24861111111111112 0.15885416666666666 0.26157407407407407 0.15885416666666666 0.27314814814814814 0.16119791666666666 0.2967592592592593 0.16640625 0.31203703703703706 0.171875 0.32037037037037036 0.17786458333333333 0.32546296296296295 0.18046875 0.33240740740740743 0.18697916666666667 0.3768518518518518 0.19479166666666667 0.41759259259259257 0.19791666666666666 0.42592592592592593 0.20442708333333334 0.4375 0.21692708333333333 0.45092592592592595 0.22890625 0.45694444444444443 0.246875 0.4597222222222222 0.26875 0.4583333333333333 0.2869791666666667 0.45092592592592595 0.30364583333333334 0.4398148148148148 0.3171875 0.42453703703703705 0.32786458333333335 0.4074074074074074 0.33151041666666664 0.3699074074074074 0.3307291666666667 0.35324074074074074 0.3419270833333333 0.34074074074074073 0.34479166666666666 0.3347222222222222 0.3455729166666667 0.3236111111111111 0.34739583333333335 0.3143518518518518 0.35052083333333334 0.30694444444444446 0.35052083333333334 0.30277777777777776 0.3494791666666667 0.2833333333333333 0.34765625 0.2763888888888889 0.33697916666666666 0.2625 0.3346354166666667 0.2462962962962963 0.3346354166666667 0.2337962962962963 0.33255208333333336 0.225 0.3296875 0.21805555555555556 0.31927083333333334 0.20555555555555555 0.303125 0.19398148148148148 0.28046875 0.1884259259259259 0.26536458333333335 0.18796296296296297 0.2552083333333333 0.19583333333333333 0.25078125 0.18564814814814815 0.25052083333333336 0.17962962962962964 0.24817708333333333 0.16944444444444445 0.23984375 0.1675925925925926 0.23489583333333333 0.17175925925925925 0.23515625 0.19027777777777777 0.22734375 0.19537037037037036 0.20572916666666666 0.19814814814814816 0.20364583333333333 0.19444444444444445 0.2046875 0.1925925925925926 0.19921875 0.18888888888888888 0.18541666666666667 0.18935185185185185 0.17838541666666666 0.1912037037037037 0.16145833333333334 0.2023148148148148
0 0.00703125 0.12638888888888888 0.0078125 0.13703703703703704 0.009895833333333333 0.14675925925925926 0.002864583333333333 0.16296296296296298 0 0.16527777777777777 0 0.2023148148148148 0.0015625 0.2023148148148148 0.0033854166666666668 0.20833333333333334 0.007552083333333333 0.2152777777777778 0.016666666666666666 0.22314814814814815 0.019270833333333334 0.2273148148148148 0.036458333333333336 0.3060185185185185 0.03958333333333333 0.3148148148148148 0.046875 0.325 0.0609375 0.33611111111111114 0.07760416666666667 0.34120370370370373 0.09765625 0.3402777777777778 0.1171875 0.33611111111111114 0.13151041666666666 0.32916666666666666 0.13385416666666666 0.3236111111111111 0.13802083333333334 0.32037037037037036 0.14739583333333334 0.31805555555555554 0.15416666666666667 0.30416666666666664 0.1578125 0.3 0.15859375 0.2935185185185185 0.1578125 0.2611111111111111 0.1609375 0.2449074074074074 0.15859375 0.21203703703703702 0.16041666666666668 0.19166666666666668 0.1609375 0.1675925925925926 0.15833333333333333 0.14722222222222223 0.15546875 0.1388888888888889 0.15182291666666667 0.13287037037037036 0.140625 0.12129629629629629 0.12005208333333334 0.11527777777777778 0.11015625 0.11481481481481481 0.10364583333333334 0.11851851851851852 0.0859375 0.11990740740740741 0.08203125 0.1111111111111111 0.07864583333333333 0.09305555555555556 0.07604166666666666 0.08935185185185185 0.07239583333333334 0.08796296296296297 0.06770833333333333 0.08888888888888889 0.06354166666666666 0.09212962962962963 0.06328125 0.09953703703703703 0.06484375 0.11342592592592593 0.06432291666666666 0.11666666666666667 0.060807291666666666 0.12037037037037036 0.046614583333333334 0.12268518518518519 0.04348958333333333 0.11805555555555555 0.04088541666666667 0.11712962962962963 0.038802083333333334 0.11203703703703703 0.03515625 0.11064814814814815 0.02421875 0.11342592592592593 0.01328125 0.11898148148148148
0 0.19140625 0.10972222222222222 0.19114583333333332 0.11666666666666667 0.19557291666666668 0.17175925925925925 0.19765625 0.1824074074074074 0.20260416666666667 0.18796296296296297 0.21588541666666666 0.19490740740740742 0.2328125 0.19166666666666668 0.2760416666666667 0.18796296296296297 0.29713541666666665 0.19074074074074074 0.30416666666666664 0.1925925925925926 0.31666666666666665 0.2013888888888889 0.33177083333333335 0.21898148148148147 0.34869791666666666 0.20462962962962963 0.3533854166666667 0.19583333333333333 0.35442708333333334 0.19027777777777777 0.35234375 0.16018518518518518 0.3494791666666667 0.15324074074074073 0.3372395833333333 0.14166666666666666 0.3385416666666667 0.12916666666666668 0.33541666666666664 0.11944444444444445 0.32473958333333336 0.10648148148148148 0.31588541666666664 0.10092592592592593 0.30390625 0.09675925925925925 0.2908854166666667 0.09722222222222222 0.28489583333333335 0.09490740740740741 0.27708333333333335 0.09490740740740741 0.27239583333333334 0.09212962962962963 0.27057291666666666 0.08564814814814815 0.26979166666666665 0.07592592592592592 0.2671875 0.07083333333333333 0.26067708333333334 0.07037037037037037 0.25703125 0.07407407407407407 0.25755208333333335 0.09212962962962963 0.25546875 0.09768518518518518 0.23880208333333333 0.10046296296296296 0.22994791666666667 0.10416666666666667 0.22317708333333333 0.10231481481481482 0.2203125 0.10462962962962963 0.21692708333333333 0.09537037037037037 0.20625 0.09583333333333334 0.20208333333333334 0.10185185185185185 0.19583333333333333 0.10324074074074074
0 0.06380208333333333 0.07685185185185185 0.06067708333333333 0.08472222222222223 0.06067708333333333 0.08842592592592592 0.06380208333333333 0.0912037037037037 0.06822916666666666 0.08888888888888889 0.0765625 0.09027777777777778 0.07994791666666666 0.09861111111111111 0.08125 0.1087962962962963 0.08489583333333334 0.11527777777777778 0.09453125 0.11805555555555555 0.10442708333333334 0.11805555555555555 0.10859375 0.11435185185185186 0.11979166666666667 0.11435185185185186 0.13984375 0.12037037037037036 0.14921875 0.1287037037037037 0.15677083333333333 0.14027777777777778 0.15911458333333334 0.14814814814814814 0.16223958333333333 0.1702162037037037 0.16145833333333334 0.18564814814814815 0.16432291666666668 0.19027777777777777 0.16822916666666668 0.19305555555555556 0.17213541666666668 0.19305555555555556 0.17838541666666666 0.18888888888888888 0.18932291666666667 0.1865740740740741 0.19322916666666667 0.18194444444444444 0.19401041666666666 0.1597222222222222 0.19036458333333334 0.11388888888888889 0.19296875 0.1 0.19114583333333332 0.08518518518518518 0.19244791666666666 0.08194444444444444 0.19244791666666666 0.06759259259259259 0.18958333333333333 0.059722222222222225 0.17838541666666666 0.04861111111111111 0.17109375 0.04398148148148148 0.15807291666666667 0.0412037037037037 0.1515625 0.043055555555555555 0.14427083333333332 0.040740740740740744 0.13411458333333334 0.04212962962962963 0.12994791666666666 0.03888888888888889 0.12734375 0.029166666666666667 0.1265625 0.018518518518518517 0.12369791666666667 0.015277777777777777 0.12109375 0.015277777777777777 0.11614583333333334 0.01712962962962963 0.11536458333333334 0.01898148148148148 0.11614583333333334 0.033796296296296297 0.11536458333333334 0.04212962962962963 0.11145833333333334 0.04537037037037037 0.09583333333333334 0.04722222222222222 0.0921875 0.050462962962962966 0.08567708333333333 0.052314814814814814 0.08385416666666666 0.052314814814814814 0.08151041666666667 0.04814814814814815 0.08020833333333334 0.04814814814814815 0.08020833333333334 0.05092592592592592 0.07682291666666667 0.05787037037037037 0.06979166666666667 0.06481481481481481
0 0.06796875 0 0 0 0 0.05694444444444444 0.013541666666666667 0.06018518518518518 0.027864583333333335 0.0699074074074074 0.03125 0.07824074074074074 0.03619791666666667 0.10416666666666667 0.04348958333333333 0.11527777777777778 0.04973958333333333 0.1175925925925926 0.06171875 0.11666666666666667 0.0640625 0.1125 0.0640625 0.10972222222222222 0.0625 0.09907407407407408 0.059895833333333336 0.09074074074074075 0.075 0.043055555555555555 0.07786458333333333 0.040740740740740744 0.07890625 0.03518518518518519 0.08229166666666667 0.02962962962962963 0.08125 0.018055555555555554 0.07786458333333333 0.011574074074074073
0 0.06145833333333333 0.8171296296296297 0.06067708333333333 0.8217592592592593 0.06380208333333333 0.8305555555555556 0.0703125 0.8356481481481481 0.06875 0.8412037037037037 0.06875 0.8486111111111111 0.07057291666666667 0.8555555555555555 0.09088541666666666 0.8662037037037037 0.103125 0.8671296296296296 0.10859375 0.8652777777777778 0.11588541666666667 0.8777777777777778 0.11927083333333334 0.8805555555555555 0.13697916666666668 0.8870370370370371 0.14765625 0.8870370370370371 0.13932291666666666 0.8699074074074075 0.13854166666666667 0.8578703703703704 0.140625 0.8518518518518519 0.14270833333333333 0.8486111111111111 0.15130208333333334 0.8435185185185186 0.15703125 0.8375 0.16822916666666668 0.8319444444444445 0.16953125 0.8282407407407407 0.16848958333333333 0.8212962962962963 0.16614583333333333 0.8171296296296297 0.14166666666666666 0.7856481481481481 0.13645833333333332 0.7814814814814814 0.11901041666666666 0.7611111111111111 0.11770833333333333 0.7574074074074074 0.11848958333333333 0.7546296296296297 0.11223958333333334 0.7550925925925925 0.09895833333333333 0.7467592592592592 0.08802083333333334 0.7518518518518519 0.08255208333333333 0.7689814814814815 0.08229166666666667 0.7754629629629629 0.0859375 0.7796296296296297 0.08541666666666667 0.7833333333333333 0.08046875 0.7925925925925926 0.07552083333333333 0.7986111111111112 0.0640625 0.8092592592592592
0 0.13854166666666667 0.8564814814814815 0.13932291666666666 0.8694444444444445 0.14739583333333334 0.8851851851851852 0.15078125 0.8875 0.16510416666666666 0.8893518518518518 0.16770833333333332 0.9004629629629629 0.17083333333333334 0.9078703703703703 0.17890625 0.9180555555555555 0.18151041666666667 0.9291666666666667 0.17734375 0.937962962962963 0.17005208333333333 0.9458333333333333 0.16979166666666667 0.950925925925926 0.17161458333333332 0.9592592592592593 0.17578125 0.9638888888888889 0.19244791666666666 0.9680555555555556 0.19322916666666667 0.9625 0.1921875 0.9527777777777777 0.18697916666666667 0.9310185185185185 0.18723958333333332 0.924537037037037 0.18463541666666666 0.9148148148148149 0.18333333333333332 0.9041666666666667 0.17838541666666666 0.8851851851851852 0.17864583333333334 0.8791666666666667 0.17708333333333334 0.8731481481481481 0.17552083333333332 0.8518518518518519 0.17265625 0.8435185185185186 0.171875 0.8351851851851851 0.16822916666666668 0.8328703703703704 0.16328125 0.8342592592592593 0.14322916666666666 0.8481481481481481
0 0.21328125 0.875462962962963 0.22291666666666668 0.9430555555555555 0.22994791666666667 0.9777777777777777 0.23072916666666668 0.9791666666666666 0.23723958333333334 0.9777777777777777 0.25234375 0.9699074074074074 0.26171875 0.9458333333333333 0.2643229166666667 0.9356481481481481 0.2630208333333333 0.9319444444444445 0.24244791666666668 0.9041666666666667 0.21875 0.8763888888888889 0.21692708333333333 0.874537037037037
0 0.00703125 0.6925925925925925 0.00703125 0.7 0.005208333333333333 0.7083333333333334 0 0.7060185185185185 0 0.7305555555555555 0.00859375 0.7333333333333333 0.016145833333333335 0.7300925925925926 0.016927083333333332 0.7324074074074074 0.020833333333333332 0.7351851851851852 0.021614583333333333 0.7393518518518518 0.016666666666666666 0.7564814814814815 0.012239583333333333 0.7569444444444444 0.00625 0.7611111111111111 0.00546875 0.7652777777777777 0.00625 0.7712962962962963 0.008333333333333333 0.7768518518518519 0.029427083333333333 0.787962962962963 0.04296875 0.7898148148148149 0.06041666666666667 0.8092592592592592 0.07083333333333333 0.8027777777777778 0.08541666666666667 0.7828703703703703 0.08098958333333334 0.7754629629629629 0.0828125 0.7657407407407407 0.08723958333333333 0.7532407407407408 0.0921875 0.7444444444444445 0.09557291666666666 0.7412037037037037 0.0921875 0.7337962962962963 0.08151041666666667 0.7189814814814814 0.07552083333333333 0.7138888888888889 0.06796875 0.7027777777777777 0.04140625 0.6717592592592593 0.0359375 0.6671296296296296 0.032552083333333336 0.6666666666666666 0.02578125 0.6824074074074075 0.01640625 0.6898148148148148 0.01171875 0.6888888888888889