1 0.0484375 0.1476851851851852 0.04765625 0.15231481481481482 0.05026041666666667 0.16203703703703703 0.05165286458333333 0.1761787037037037 0.05292239583333334 0.18012824074074074 0.05633411458333334 0.18041064814814817 0.06109479166666667 0.1791412037037037 0.0649828125 0.1756148148148148 0.06807708333333333 0.1726523148148148 0.06807708333333333 0.16870277777777778 0.06252291666666666 0.15699537037037037 0.06069817708333333 0.14881388888888888 0.058333333333333334 0.1439814814814815 0.05572916666666667 0.14351851851851852
1 0.01615338541666667 0.25914722222222225 0.014401822916666666 0.2617425925925926 0.0136234375 0.26451018518518515 0.0171875 0.2791666666666667 0.018229166666666668 0.29305555555555557 0.020833333333333332 0.29768518518518516 0.025203385416666668 0.2998013888888889 0.030263541666666668 0.2982444444444444 0.035518229166666665 0.29305462962962964 0.0384375 0.2894217592592592 0.03941067708333333 0.28509675925925926 0.032112239583333334 0.2714300925925926 0.02919296875 0.26122361111111114 0.02783072916666667 0.25655231481481483 0.02578125 0.25555555555555554 0.020921614583333335 0.25586064814814813
1 0.209703125 0.17472546296296296 0.209021875 0.1788773148148148 0.21155208333333334 0.19167916666666665 0.21155208333333334 0.20776759259259261 0.21408203125 0.21105462962962962 0.21865572916666667 0.21191944444444444 0.22410494791666666 0.2094976851851852 0.22955442708333335 0.20551898148148148 0.23013828125 0.19911805555555556 0.22498072916666667 0.18510509259259258 0.22291666666666668 0.175 0.2203125 0.17083333333333334 0.21640625 0.17037037037037037 0.2125 0.17175925925925925
1 0.20960572916666667 0.31018101851851854 0.20989765624999998 0.3141601851851852 0.21271979166666669 0.32782685185185184 0.21310911458333334 0.3406282407407407 0.21379010416666666 0.3496240740740741 0.21787708333333333 0.3529111111111111 0.22449427083333334 0.3523921296296296 0.22945703125 0.3491050925925926 0.23441979166666668 0.3437421296296296 0.23500364583333333 0.3402824074074074 0.23227916666666668 0.3288648148148148 0.22897057291666664 0.32090694444444445 0.22604166666666667 0.3074074074074074 0.22468880208333333 0.30239629629629633 0.22109375 0.3023148148148148 0.2171875 0.30277777777777776 0.2125 0.3060185185185185
1 0.4158854166666667 0.2064814814814815 0.41484375 0.20925925925925926 0.41483281250000004 0.2108814814814815 0.41814114583333334 0.22748935185185185 0.4182385416666667 0.24565370370370368 0.42057395833333333 0.24807592592592595 0.4243690104166667 0.24894074074074074 0.4298184895833333 0.2468648148148148 0.43419739583333333 0.24305879629629626 0.43723958333333335 0.23796296296296296 0.43818723958333333 0.23371712962962962 0.43671875 0.2300925925925926 0.4342947916666667 0.22351018518518517 0.431959375 0.2178013888888889 0.42962395833333333 0.20551898148148148 0.4282614583333333 0.2020587962962963 0.42446640625 0.20032916666666667 0.4192708333333333 0.20277777777777778
1 0.4671875 0.38287037037037036 0.46835312500000004 0.402387962962963 0.46601770833333334 0.422974537037037 0.4668934895833334 0.4271263888888889 0.4714671875 0.43196990740740737 0.47623541666666663 0.43370000000000003 0.483728125 0.4317972222222222 0.4888856770833333 0.42695324074074076 0.4919994791666667 0.4212444444444445 0.49219427083333334 0.4165736111111111 0.48732864583333335 0.39892777777777777 0.4855770833333333 0.37972546296296295 0.48499322916666665 0.37626527777777774 0.4822916666666667 0.3736111111111111 0.47808411458333333 0.3726324074074074 0.47370520833333335 0.37349768518518517 0.4700520833333333 0.37592592592592594 0.46770833333333334 0.37962962962962965
1 0.6977848958333334 0.26162175925925923 0.6975151041666667 0.2779231481481481 0.6955729166666667 0.2916666666666667 0.6945484375 0.29710138888888893 0.6948182291666666 0.29917916666666666 0.697065625 0.3025351851851852 0.7000322916666666 0.3050921296296296 0.7037182291666666 0.30653055555555553 0.7092018229166667 0.3063708333333333 0.71328125 0.3050925925925926 0.7169270833333333 0.3013888888888889 0.7196299479166667 0.2966222222222222 0.7193601562499999 0.2915078703703704 0.7159442708333333 0.2748865740740741 0.7158541666666667 0.256987037037037 0.7151041666666667 0.2550925925925926 0.7127604166666667 0.2518518518518518 0.7083028645833332 0.25075416666666667 0.7036458333333333 0.2513888888888889 0.69921875 0.25462962962962965 0.6978747395833333 0.2566675925925926
1 0.8354166666666667 0.47314814814814815 0.8361372395833333 0.49239907407407413 0.8318221354166667 0.5154124999999999 0.8321817708333333 0.5205268518518519 0.8347888020833333 0.5254810185185185 0.8382947916666666 0.5283578703703703 0.84719453125 0.5305953703703704 0.8540268229166668 0.5299560185185185 0.8597802083333334 0.5278787037037037 0.8639156250000001 0.5224444444444445 0.8655335937499999 0.5178097222222222 0.8649044270833334 0.513175 0.8604994791666667 0.49239907407407413 0.8596903645833333 0.4652300925925926 0.8578026041666666 0.46299259259259257 0.8533854166666667 0.46064814814814814 0.8463854166666667 0.4594763888888889 0.8411458333333334 0.4615740740740741 0.83671875 0.46620370370370373 0.8357776041666667 0.46762731481481484
2 0.08533541666666666 0.16436296296296296 0.09092135416666666 0.18664537037037038 0.09112916666666666 0.19292916666666665 0.08884166666666667 0.1958865740740741 0.08260312500000001 0.1962560185185185 0.07823619791666667 0.17112037037037037 0.07927604166666667 0.16668472222222222 0.08281119791666666 0.1648361111111111
2 0.05696692708333333 0.2806837962962963 0.06118411458333333 0.28423148148148153 0.06700677083333333 0.3108458333333333 0.06471927083333333 0.3141726851851852 0.05972838541666667 0.31602083333333336 0.05556927083333333 0.3152814814814815 0.050994531249999996 0.2871888888888889 0.05328203125 0.28275277777777774
2 0.24685260416666666 0.1985273148148148 0.24938072916666665 0.22693657407407408 0.2549953125 0.2284152777777778 0.25853046874999996 0.22434907407407406 0.2595703125 0.22102222222222223 0.25645104166666666 0.19773472222222224 0.2539557291666667 0.19329907407407407 0.2504205729166667 0.1925597222222222 0.24750911458333333 0.19440787037037036
2 0.261265625 0.33315046296296297 0.26456119791666666 0.3345032407407408 0.26726458333333336 0.33967824074074077 0.271215625 0.3662925925925926 0.26934401041666667 0.3703587962962963 0.2624817708333333 0.37405509259259256 0.25832265625 0.3714675925925926 0.25541119791666667 0.3404175925925926 0.25686692708333336 0.3345032407407408
2 0.4705973958333333 0.2294375 0.47446328125000004 0.23615555555555556 0.4748791666666667 0.26498796296296295 0.4732153645833333 0.26868425925925926 0.46739270833333335 0.270162962962963 0.46302578125 0.2683148148148148 0.4632338541666667 0.24354861111111115 0.4642734375 0.2317199074074074
2 0.5355703125000001 0.41083287037037036 0.5403838541666667 0.416912037037037 0.5401760416666667 0.4538763888888889 0.5385125 0.4572032407407407 0.5337294270833334 0.4601601851851852 0.52832265625 0.4575726851851852 0.52582734375 0.4520282407407407 0.52832265625 0.4150638888888889 0.5316500000000001 0.4109976851851852
2 0.754053125 0.3201351851851852 0.760015625 0.2880375 0.7637588541666667 0.28471064814814817 0.7693734375 0.28545 0.77186875 0.29099444444444444 0.7672940104166667 0.32906805555555557 0.76105546875 0.33054675925925925 0.7552328125 0.3286981481481482
2 0.9219760416666667 0.5121055555555555 0.9124445312499999 0.5523333333333333 0.9139 0.5597263888888889 0.9209705729166667 0.5663800925925926 0.9284567708333333 0.5656407407407408 0.9334476562499999 0.5493763888888888 0.9376067708333333 0.522762037037037 0.9367747395833333 0.5146296296296295 0.9297044270833333 0.5101939814814814
0 0.6622395833333333 0.5291666666666667 0.6596354166666667 0.5574074074074075 0.6596354166666667 0.5680555555555555 0.6635416666666667 0.5879629629629629 0.6640625 0.5986111111111111 0.67109375 0.6074074074074074 0.6729166666666667 0.6129629629629629 0.6854166666666667 0.6277777777777778 0.69609375 0.6300925925925925 0.7065104166666667 0.6356481481481482 0.71328125 0.6356481481481482 0.7138020833333333 0.6319444444444444 0.7171875 0.6305555555555555 0.725 0.6527777777777778 0.7328125 0.6680555555555555 0.7341145833333333 0.6754629629629629 0.7341145833333333 0.7305555555555555 0.7364583333333333 0.7546296296296297 0.74375 0.7800925925925926 0.7546875 0.8050925925925926 0.7661458333333333 0.8217592592592593 0.7861979166666667 0.8449074074074074 0.8067708333333333 0.8587962962962963 0.8205729166666667 0.8652777777777778 0.8447916666666667 0.8708333333333333 0.87578125 0.8666666666666667 0.8911458333333333 0.8592592592592593 0.90078125 0.8513888888888889 0.9122395833333333 0.8384259259259259 0.9229166666666667 0.8217592592592593 0.9309895833333334 0.8032407407407407 0.9432291666666667 0.736574074074074 0.98359375 0.6657407407407407 0.9861979166666667 0.6648148148148149 0.9848958333333333 0.6560185185185186 0.9856770833333334 0.6509259259259259 0.984375 0.6472222222222223 0.984375 0.6356481481481482 0.9859375 0.6337962962962963 0.9869791666666666 0.6263888888888889 0.9854166666666667 0.624537037037037 0.9763020833333333 0.625462962962963 0.9770833333333333 0.5787037037037037 0.9794270833333333 0.5768518518518518 0.984375 0.5782407407407407 0.98828125 0.5763888888888888 0.9919270833333333 0.5787037037037037 0.9950520833333333 0.575925925925926 0.9963541666666667 0.5722222222222222 0.9997395833333333 0.5717592592592593 0.9997395833333333 0.5657407407407408 0.97421875 0.5578703703703703 0.9703125 0.5435185185185185 0.9528645833333333 0.5120370370370371 0.93671875 0.4930555555555556 0.91640625 0.475462962962963 0.9109375 0.4685185185185185 0.8765625 0.4513888888888889 0.8424479166666666 0.44305555555555554 0.8169270833333333 0.4449074074074074 0.7911458333333333 0.4513888888888889 0.7643229166666666 0.46620370370370373 0.74921875 0.4791666666666667 0.7390625 0.49166666666666664 0.7065104166666667 0.48935185185185187 0.7065104166666667 0.4875 0.703125 0.4861111111111111 0.6765625 0.48657407407407405 0.6744791666666666 0.487962962962963 0.6690104166666667 0.5 0.6645833333333333 0.5152777777777777
0 0.5700520833333333 0.3148148148148148 0.5713541666666667 0.3592592592592593 0.5736979166666667 0.36944444444444446 0.5799479166666667 0.3837962962962963 0.5877604166666667 0.3972222222222222 0.5911458333333334 0.4009259259259259 0.6057291666666667 0.4027777777777778 0.6127604166666667 0.4009259259259259 0.61328125 0.40370370370370373 0.6234375 0.4217592592592593 0.6268229166666667 0.43842592592592594 0.628125 0.4625 0.6317708333333333 0.4703703703703704 0.6338541666666667 0.48009259259259257 0.63671875 0.5222222222222223 0.6466145833333333 0.5435185185185185 0.6544270833333333 0.5509259259259259 0.6572916666666667 0.5504629629629629 0.6591145833333333 0.5472222222222223 0.6611979166666667 0.5398148148148149 0.6611979166666667 0.5324074074074074 0.66484375 0.5092592592592593 0.6697916666666667 0.49398148148148147 0.6747395833333333 0.48657407407407405 0.6786458333333333 0.4842592592592593 0.69140625 0.4837962962962963 0.7 0.4847222222222222 0.7098958333333333 0.487962962962963 0.71328125 0.49074074074074076 0.7177083333333333 0.4898148148148148 0.7252604166666666 0.49212962962962964 0.7346354166666667 0.49212962962962964 0.753125 0.47314814814814815 0.7778645833333333 0.4564814814814815 0.7817708333333333 0.45185185185185184 0.7842447916666667 0.4449074074074074 0.8013020833333333 0.4462962962962963 0.8140625 0.44305555555555554 0.8270833333333333 0.44305555555555554 0.8330729166666667 0.44027777777777777 0.84296875 0.42916666666666664 0.8533854166666667 0.4115740740740741 0.8557291666666667 0.4050925925925926 0.85703125 0.39537037037037037 0.8588541666666667 0.34675925925925927 0.85625 0.3384259259259259 0.8494791666666667 0.33425925925925926 0.8276041666666667 0.3277777777777778 0.80390625 0.325 0.8028645833333333 0.32407407407407407 0.8020833333333334 0.31712962962962965 0.7934895833333333 0.3 0.7760416666666666 0.2791666666666667 0.7557291666666667 0.26435185185185184 0.7411458333333333 0.25833333333333336 0.7255208333333333 0.2550925925925926 0.7169270833333333 0.2564814814814815 0.7119791666666667 0.2518518518518518 0.7052083333333333 0.2513888888888889 0.6966145833333334 0.2564814814814815 0.6908854166666667 0.25601851851851853 0.67578125 0.25972222222222224 0.6614583333333334 0.26666666666666666 0.6466145833333333 0.27685185185185185 0.6270833333333333 0.2972222222222222 0.6234375 0.29444444444444445 0.6192708333333333 0.2949074074074074 0.6166666666666667 0.29259259259259257 0.609375 0.29305555555555557 0.6059895833333333 0.28888888888888886 0.59921875 0.29212962962962963 0.5942708333333333 0.2884259259259259 0.5846354166666666 0.28935185185185186 0.578125 0.29583333333333334 0.5708333333333333 0.3106481481481482
0 0.3484375 0.4356481481481482 0.3484375 0.4527777777777778 0.35078125 0.46296296296296297 0.35130208333333335 0.47453703703703703 0.35234375 0.48055555555555557 0.35546875 0.4875 0.3567708333333333 0.49583333333333335 0.3690104166666667 0.5189814814814815 0.3729166666666667 0.5236111111111111 0.3763020833333333 0.5259259259259259 0.3802083333333333 0.5259259259259259 0.38333333333333336 0.5296296296296297 0.38567708333333334 0.5425925925925926 0.39140625 0.5606481481481481 0.4080729166666667 0.5884259259259259 0.41067708333333336 0.6046296296296296 0.4153645833333333 0.6199074074074075 0.41770833333333335 0.6402777777777777 0.42109375 0.6583333333333333 0.42552083333333335 0.6717592592592593 0.43723958333333335 0.6916666666666667 0.4471354166666667 0.7027777777777777 0.45625 0.7097222222222223 0.47604166666666664 0.7171296296296297 0.5002604166666667 0.7180555555555556 0.5114583333333333 0.7129629629629629 0.515625 0.7129629629629629 0.5432291666666667 0.6912037037037037 0.5578125 0.6712962962962963 0.5627604166666667 0.6615740740740741 0.5690104166666666 0.6425925925925926 0.5747395833333333 0.612037037037037 0.5763020833333333 0.5875 0.5848958333333333 0.587037037037037 0.5911458333333334 0.5898148148148148 0.5963541666666666 0.5893518518518519 0.60234375 0.5847222222222223 0.61640625 0.5662037037037037 0.6208333333333333 0.5625 0.6247395833333333 0.549074074074074 0.6307291666666667 0.537962962962963 0.63515625 0.5152777777777777 0.6322916666666667 0.4773148148148148 0.6307291666666667 0.47175925925925927 0.6265625 0.4648148148148148 0.5856770833333333 0.45046296296296295 0.5841145833333333 0.4356481481481482 0.58125 0.425 0.57734375 0.4152777777777778 0.5661458333333333 0.3972222222222222 0.5486979166666667 0.3819444444444444 0.534375 0.3736111111111111 0.5216145833333333 0.36898148148148147 0.49895833333333334 0.36712962962962964 0.4859375 0.3680555555555556 0.47760416666666666 0.36944444444444446 0.4708333333333333 0.37407407407407406 0.45989583333333334 0.375 0.43385416666666665 0.3902777777777778 0.41901041666666666 0.4041666666666667 0.41484375 0.41064814814814815 0.38359375 0.4050925925925926 0.3802083333333333 0.4023148148148148 0.36770833333333336 0.4046296296296296 0.3625 0.40879629629629627 0.3528645833333333 0.42268518518518516 0.35 0.4287037037037037
0 0.32708333333333334 0.2601851851851852 0.32916666666666666 0.29305555555555557 0.33125 0.30416666666666664 0.3453125 0.3282407407407407 0.3515625 0.33194444444444443 0.3567708333333333 0.34675925925925927 0.36223958333333334 0.35648148148148145 0.3723958333333333 0.37037037037037035 0.371875 0.37777777777777777 0.37526041666666665 0.3902777777777778 0.37578125 0.3976851851851852 0.3809895833333333 0.399537037037037 0.38333333333333336 0.4027777777777778 0.39036458333333335 0.4050925925925926 0.41302083333333334 0.4083333333333333 0.4328125 0.38981481481481484 0.44921875 0.37824074074074077 0.47291666666666665 0.3685185185185185 0.4973958333333333 0.36527777777777776 0.5213541666666667 0.36666666666666664 0.5294270833333333 0.3541666666666667 0.5369791666666667 0.3402777777777778 0.5390625 0.33425925925925926 0.5455729166666666 0.32407407407407407 0.5481770833333334 0.3143518518518518 0.5458333333333333 0.29768518518518516 0.5455729166666666 0.2861111111111111 0.54296875 0.2796296296296296 0.5364583333333334 0.274537037037037 0.5130208333333334 0.2675925925925926 0.5119791666666667 0.2657407407407407 0.5098958333333333 0.24768518518518517 0.5059895833333333 0.23842592592592593 0.5010416666666667 0.2310185185185185 0.48515625 0.21805555555555556 0.4630208333333333 0.20925925925925926 0.4471354166666667 0.20833333333333334 0.4322916666666667 0.21064814814814814 0.42604166666666665 0.20092592592592592 0.42161458333333335 0.2013888888888889 0.4158854166666667 0.2064814814814815 0.41458333333333336 0.20972222222222223 0.41510416666666666 0.21388888888888888 0.41315104166666666 0.21805555555555556 0.4044270833333333 0.2199074074074074 0.3765625 0.24027777777777778 0.35651041666666666 0.23333333333333334 0.34921875 0.2361111111111111 0.34322916666666664 0.24166666666666667 0.3416666666666667 0.24722222222222223 0.33489583333333334 0.24675925925925926 0.3333333333333333 0.25092592592592594 0.32864583333333336 0.25555555555555554
0 0.14401041666666667 0.4111111111111111 0.14322916666666666 0.42916666666666664 0.14661458333333333 0.4425925925925926 0.14921875 0.44675925925925924 0.15104166666666666 0.4527777777777778 0.15026041666666667 0.4587962962962963 0.15104166666666666 0.46296296296296297 0.15807291666666667 0.47638888888888886 0.17317708333333334 0.4930555555555556 0.19401041666666666 0.5606481481481481 0.2046875 0.5787037037037037 0.21666666666666667 0.5893518518518519 0.2265625 0.5935185185185186 0.24609375 0.5939814814814814 0.2596354166666667 0.5902777777777778 0.27838541666666666 0.5805555555555556 0.28072916666666664 0.5773148148148148 0.2875 0.5736111111111111 0.30026041666666664 0.5606481481481481 0.3138020833333333 0.5398148148148149 0.3184895833333333 0.5291666666666667 0.3229166666666667 0.5120370370370371 0.3260416666666667 0.49212962962962964 0.32526041666666666 0.4888888888888889 0.32005208333333335 0.48055555555555557 0.32005208333333335 0.4773148148148148 0.32109375 0.47638888888888886 0.3223958333333333 0.4703703703703704 0.328125 0.4625 0.33046875 0.4550925925925926 0.3359375 0.44583333333333336 0.3385416666666667 0.4449074074074074 0.34270833333333334 0.43796296296296294 0.34739583333333335 0.4222222222222222 0.3455729166666667 0.4078703703703704 0.3390625 0.387037037037037 0.33619791666666665 0.38333333333333336 0.32447916666666665 0.3763888888888889 0.3203125 0.3625 0.31614583333333335 0.33564814814814814 0.3104166666666667 0.3226851851851852 0.3065104166666667 0.31805555555555554 0.29010416666666666 0.30694444444444446 0.2755208333333333 0.30277777777777776 0.2630208333333333 0.3013888888888889 0.2515625 0.3023148148148148 0.2359375 0.30694444444444446 0.23203125 0.31203703703703706 0.22734375 0.3111111111111111 0.22708333333333333 0.30694444444444446 0.2203125 0.30277777777777776 0.21666666666666667 0.30277777777777776 0.21536458333333333 0.3055555555555556 0.21223958333333334 0.3074074074074074 0.21119791666666668 0.3148148148148148 0.21171875 0.3194444444444444 0.20989583333333334 0.32314814814814813 0.20651041666666667 0.3263888888888889 0.20286458333333332 0.324537037037037 0.19244791666666666 0.3314814814814815 0.18697916666666667 0.3351851851851852 0.16969114583333333 0.3282546296296296 0.15485520833333333 0.3262773148148148 0.13019375 0.3534671296296296 0.13705416666666667 0.3992777777777778
0 0.017447916666666667 0.25925925925925924 0.015364583333333333 0.26435185185185184 0.015364583333333333 0.2689814814814815 0.01796875 0.275 0.018229166666666668 0.2796296296296296 0.01640625 0.2828703703703704 0.00859375 0.28564814814814815 0.0015625 0.29398148148148145 0 0.29398148148148145 0 0.46296296296296297 0.0020833333333333333 0.4638888888888889 0.0109375 0.4875 0.017447916666666667 0.49722222222222223 0.026041666666666668 0.5050925925925925 0.04244791666666667 0.5092592592592593 0.07109375 0.5055555555555555 0.096875 0.48703703703703705 0.11041666666666666 0.47129629629629627 0.12526041666666668 0.44583333333333336 0.12604166666666666 0.43842592592592594 0.13020833333333334 0.425462962962963 0.13229166666666667 0.41203703703703703 0.13229166666666667 0.4074074074074074 0.12864583333333332 0.3925925925925926 0.12395833333333334 0.38796296296296295 0.13151041666666666 0.37407407407407406 0.13098958333333333 0.358024537037037 0.13203125 0.3453703703703704 0.1265625 0.3347222222222222 0.12630208333333334 0.3314814814814815 0.12057291666666667 0.3162037037037037 0.121875 0.30648148148148147 0.11328125 0.2763888888888889 0.11067708333333333 0.27175925925925926 0.10234375 0.2652777777777778 0.08828125 0.25925925925925924 0.06510416666666667 0.2601851851851852 0.046614583333333334 0.2652777777777778 0.03307291666666667 0.2712962962962963 0.03203125 0.26805555555555555 0.032552083333333336 0.2652777777777778 0.030729166666666665 0.25972222222222224 0.027864583333333335 0.2564814814814815 0.022135416666666668 0.2550925925925926 0.021614583333333333 0.2569444444444444
0 0.14166666666666666 0.2222222222222222 0.14140625 0.22824074074074074 0.14296875 0.23796296296296296 0.14713541666666666 0.2550925925925926 0.15208333333333332 0.26805555555555555 0.15364583333333334 0.27870370370370373 0.15703125 0.2861111111111111 0.15963541666666667 0.3023148148148148 0.1671875 0.3125 0.17994791666666668 0.3194444444444444 0.19479166666666667 0.32083333333333336 0.20677083333333332 0.31851851851851853 0.20885416666666667 0.31527777777777777 0.21119791666666668 0.3060185185185185 0.21979166666666666 0.30092592592592593 0.22291666666666668 0.30185185185185187 0.22734375 0.3074074074074074 0.23098958333333333 0.30787037037037035 0.26171875 0.2962962962962963 0.26927083333333335 0.2972222222222222 0.29791666666666666 0.30787037037037035 0.30130208333333336 0.3055555555555556 0.31484375 0.28564814814814815 0.32005208333333335 0.2759259259259259 0.3221354166666667 0.26944444444444443 0.3223958333333333 0.26157407407407407 0.3177083333333333 0.2375 0.31536458333333334 0.23148148148148148 0.2986979166666667 0.22407407407407406 0.2984375 0.2101851851851852 0.29739583333333336 0.20416666666666666 0.29401041666666666 0.19675925925925927 0.29010416666666666 0.19166666666666668 0.2796875 0.18425925925925926 0.26875 0.17962962962962964 0.25078125 0.1787037037037037 0.23359375 0.1814814814814815 0.23072916666666668 0.18425925925925926 0.2265625 0.18518518518518517 0.22109375 0.17175925925925925 0.21484375 0.17083333333333334 0.21015625 0.175 0.209375 0.1787037037037037 0.21015625 0.18935185185185185 0.20833333333333334 0.1935185185185185 0.17890625 0.21157407407407408 0.17161458333333332 0.2074074074074074 0.16901041666666666 0.20416666666666666 0.16484375 0.20416666666666666 0.14739583333333334 0.21481481481481482 0.14244791666666667 0.21944444444444444
0 0 0.20878425925925925 0 0.22407407407407406 0 0.25 0.0020833333333333333 0.25092592592592594 0.00390625 0.25787037037037036 0.00859375 0.26481481481481484 0.011979166666666667 0.2662037037037037 0.016666666666666666 0.25833333333333336 0.024479166666666666 0.25555555555555554 0.027604166666666666 0.2574074074074074 0.028385416666666666 0.262037037037037 0.033854166666666664 0.26944444444444443 0.06354166666666666 0.2601851851851852 0.08619791666666667 0.25787037037037036 0.09635416666666667 0.26064814814814813 0.11041666666666666 0.2712962962962963 0.1140625 0.27685185185185185 0.11588541666666667 0.28564814814814815 0.12135416666666667 0.30185185185185187 0.12239583333333333 0.32037037037037036 0.12604166666666666 0.3277777777777778 0.1265625 0.3314814814814815 0.12994791666666666 0.3351851851851852 0.13255208333333332 0.33101851851851855 0.13307291666666668 0.32731481481481484 0.1359375 0.3212962962962963 0.13932291666666666 0.3162037037037037 0.14427083333333332 0.3 0.14583333333333334 0.2824074074074074 0.14192708333333334 0.2587962962962963 0.14427083333333332 0.2513888888888889 0.14088541666666668 0.2310185185185185 0.14114583333333333 0.21296296296296297 0.13828125 0.2023148148148148 0.13697916666666668 0.18518518518518517 0.1328125 0.1712962962962963 0.13046875 0.16620370370370371 0.125 0.16111111111111112 0.11015625 0.1537037037037037 0.09739583333333333 0.1527777777777778 0.08697916666666666 0.15416666666666667 0.084375 0.15648148148148147 0.071875 0.1648148148148148 0.06744791666666666 0.16574074074074074 0.06276041666666667 0.15648148148148147 0.06067708333333333 0.14722222222222223 0.057291666666666664 0.14351851851851852 0.05572916666666667 0.1439814814814815 0.05 0.14675925925925926 0.0484375 0.15046296296296297 0.049479166666666664 0.15833333333333333 0.051041666666666666 0.16111111111111112 0.05 0.16435185185185186 0.05078125 0.16898148148148148 0.04973958333333333 0.1736111111111111 0.04791666666666667 0.17546296296296296 0.03958333333333333 0.17453703703703705 0.02954296875 0.17319074074074073 0.0191578125 0.16923564814814815 0.00914375 0.17450879629629631 0 0.18769166666666667
0 0.00390625 0.8699074074074075 0.003125 0.8726851851851852 0.0036458333333333334 0.8833333333333333 0.008072916666666667 0.8944444444444445 0.0109375 0.8976851851851851 0.023958333333333335 0.8976851851851851 0.0359375 0.8925925925925926 0.040625 0.8939814814814815 0.04244791666666667 0.899537037037037 0.04088541666666667 0.9069444444444444 0.033854166666666664 0.9162037037037037 0.026041666666666668 0.9212962962962963 0.024739583333333332 0.925 0.024479166666666666 0.9291666666666667 0.02578125 0.9351851851851852 0.030729166666666665 0.9388888888888889 0.05520833333333333 0.9398148148148148 0.06770833333333333 0.9337962962962963 0.07083333333333333 0.9393518518518519 0.07734375 0.9435185185185185 0.08567708333333333 0.9449074074074074 0.09557291666666666 0.9439814814814815 0.10234375 0.9347222222222222 0.10520833333333333 0.9046296296296297 0.10546875 0.8972222222222223 0.10807291666666667 0.8861111111111111 0.10911458333333333 0.8763888888888889 0.10703125 0.8731481481481481 0.0765625 0.8472222222222222 0.06015625 0.8379629629629629 0.04348958333333333 0.8240740740740741 0.03619791666666667 0.8226851851851852 0.033854166666666664 0.8277777777777777 0.034895833333333334 0.8351851851851851 0.03307291666666667 0.8388888888888889 0.026041666666666668 0.8467592592592592 0.00859375 0.8606481481481482
0 0.090625 0.961574074074074 0.08958333333333333 0.9671296296296297 0.09010416666666667 0.9745370370370371 0.09869791666666666 0.9842592592592593 0.10052083333333334 0.9944444444444445 0.10364583333333334 0.999537037037037 0.1765625 0.999537037037037 0.17760416666666667 0.9944444444444445 0.17447916666666666 0.9842592592592593 0.17630208333333333 0.9731481481481481 0.18046875 0.9671296296296297 0.18307291666666667 0.9597222222222223 0.19270833333333334 0.9518518518518518 0.2 0.9421296296296297 0.19973958333333333 0.9388888888888889 0.18385416666666668 0.9277777777777778 0.1578125 0.9046296296296297 0.1390625 0.8939814814814815 0.1375 0.8907407407407407 0.13776041666666666 0.8870370370370371 0.13697916666666668 0.8856481481481482 0.125 0.8851851851851852 0.11197916666666667 0.8787037037037037 0.10911458333333333 0.8810185185185185 0.10364583333333334 0.9055555555555556 0.10338541666666666 0.9148148148148149 0.10598958333333333 0.9222222222222223 0.10546875 0.9310185185185185 0.10364583333333334 0.9365740740740741 0.09609375 0.9462962962962963