1 0.029629166666666665 0.3009685185185185 0.0338171875 0.29929351851851854 0.0363296875 0.2974324074074074 0.036853125 0.29482685185185187 0.031618229166666664 0.28496203703703704 0.028268229166666665 0.27658611111111114 0.025650520833333336 0.2749111111111111 0.022195833333333335 0.2752833333333333 0.0177984375 0.27621388888888887 0.016751562499999997 0.2786333333333333 0.0203109375 0.2873814814814815 0.020730208333333333 0.29240648148148146 0.022195833333333335 0.29612962962962963 0.024289583333333333 0.29910740740740743 0.027116666666666667 0.3009685185185185
1 0.31838333333333335 0.3434055555555555 0.32215208333333334 0.342475 0.3248744791666667 0.34005555555555556 0.32623541666666667 0.33782222222222225 0.3266541666666667 0.3346574074074074 0.3224666666666666 0.3244203703703704 0.32100052083333336 0.31623148148148145 0.3201630208333333 0.313625 0.3188020833333333 0.31250833333333333 0.31670833333333337 0.31195 0.3135671875 0.3123222222222222 0.3112640625 0.3149277777777778 0.3099026041666667 0.31753425925925927 0.31021666666666664 0.32107037037037034 0.311996875 0.3290740740740741 0.3121015625 0.339125 0.313671875 0.3413583333333333 0.31587031250000003 0.3434055555555555
1 0.34560416666666666 0.2760277777777778 0.34371979166666666 0.26821018518518513 0.34371979166666666 0.2657907407407407 0.34560416666666666 0.2637435185185185 0.34843125 0.2618814814814815 0.35157239583333333 0.26281203703703704 0.3534567708333333 0.2704435185185185 0.3579588541666666 0.28086666666666665 0.35754010416666665 0.2829138888888889 0.35649270833333335 0.2842175925925926 0.3540848958333333 0.2860787037037037 0.350315625 0.28756759259259257 0.3483265625 0.2877537037037037 0.34675625000000004 0.286637037037037 0.345709375 0.28477592592592593
1 0.45344218750000004 0.3273990740740741 0.4563739583333334 0.3272129629629629 0.45794427083333333 0.32646851851851855 0.4597239583333333 0.325537962962963 0.4607708333333333 0.3229314814814815 0.4607708333333333 0.3201398148148148 0.4592005208333333 0.3134388888888889 0.45951458333333334 0.30376018518518516 0.45888645833333336 0.30152685185185185 0.45763020833333334 0.29929351851851854 0.4561645833333333 0.298362962962963 0.454384375 0.29780462962962967 0.45249999999999996 0.29817685185185183 0.45040625 0.29929351851851854 0.44956822916666667 0.3009685185185185 0.4494635416666667 0.3093444444444444 0.4484166666666667 0.313625 0.44716041666666667 0.3186509259259259 0.4472651041666667 0.32218703703703705 0.44852135416666666 0.32460648148148147
1 0.45626927083333335 0.4159953703703704 0.46035208333333333 0.4143203703703704 0.46307447916666666 0.4115287037037037 0.4645401041666667 0.40855092592592596 0.4650635416666667 0.4050138888888889 0.46265572916666664 0.39645185185185183 0.4615036458333333 0.39272962962962965 0.4601427083333334 0.38025925925925924 0.45951458333333334 0.3776537037037037 0.4582583333333333 0.3757916666666667 0.45658333333333334 0.37523333333333336 0.4546984375 0.3756055555555555 0.4517671875 0.3761638888888889 0.44935885416666665 0.37821203703703704 0.4472651041666667 0.38044537037037035 0.44747447916666666 0.38547037037037035 0.44799791666666666 0.3938462962962963 0.4472651041666667 0.40445555555555557 0.44757916666666664 0.4094814814814815 0.44883541666666665 0.413762037037037 0.4515578125 0.41562314814814816
1 0.6181656249999999 0.3872379629629629 0.6210489583333333 0.3881703703703704 0.62436875 0.3884805555555556 0.6276015625 0.38832500000000003 0.6298734375 0.3853740740740741 0.6295239583333333 0.3703074074074074 0.6317958333333333 0.3595888888888889 0.6317083333333334 0.35694907407407406 0.6306598958333333 0.3547740740740741 0.6291744791666667 0.3522888888888889 0.6269901041666667 0.350425 0.6242817708333334 0.3501138888888889 0.6214854166666667 0.3501138888888889 0.6195635416666666 0.35135648148148146 0.6183401041666666 0.3553953703703704 0.6168546875 0.3659574074074074 0.6131854166666667 0.37620925925925924 0.6126609375 0.3782287037037037 0.6130104166666667 0.3807138888888889 0.6144083333333333 0.38351018518518515
2 0.0549078125 0.28027685185185186 0.055692708333333334 0.2902666666666667 0.06047552083333333 0.3020953703703704 0.066090625 0.3024648148148148 0.06879375 0.29839907407407407 0.06713020833333333 0.288787962962963 0.06297135416666667 0.27843796296296297 0.05881197916666667 0.2765898148148148
2 0.363128125 0.2802175925925926 0.3633359375 0.29574259259259256 0.36499947916666664 0.3005481481481481 0.3708223958333334 0.29980833333333334 0.36999062499999996 0.28428333333333333 0.36895052083333335 0.27836944444444445
2 0.33755 0.3327074074074074 0.342125 0.3364037037037037 0.34399635416666663 0.3574731481481482 0.34129322916666666 0.36227870370370374 0.3360942708333334 0.36190925925925926 0.33443072916666666 0.35895185185185186 0.3338067708333333 0.33825185185185186
2 0.4738 0.32054166666666667 0.4720947916666667 0.3437962962962963 0.47563020833333336 0.34675370370370373 0.48124479166666667 0.3449055555555555 0.48082864583333335 0.3238351851851852 0.47874947916666666 0.3186601851851852
2 0.4840953125 0.4100194444444445 0.48166041666666665 0.43325 0.4824927083333333 0.43916481481481484 0.48623541666666664 0.44249166666666667 0.4918505208333333 0.44212222222222225 0.4924739583333333 0.4229 0.4924739583333333 0.4110712962962963 0.48914687500000004 0.4070055555555555
2 0.6616270833333334 0.4124601851851852 0.6670260416666667 0.38775 0.6670260416666667 0.38146574074074074 0.6632828125 0.37887777777777776 0.6580838541666666 0.37998703703703707 0.6524692708333333 0.40586203703703705 0.6562125000000001 0.4132546296296296
0 0.7515625 0.49166666666666664 0.7510416666666667 0.5055555555555555 0.7546875 0.5222222222222223 0.7692708333333333 0.5546296296296296 0.796875 0.5638888888888889 0.8041666666666667 0.5703703703703704 0.7979166666666667 0.5842592592592593 0.7973958333333333 0.5953703703703703 0.8 0.6027777777777777 0.809375 0.612037037037037 0.8119791666666667 0.6185185185185185 0.8208333333333333 0.6592592592592592 0.8307291666666666 0.6675925925925926 0.8322916666666667 0.6675925925925926 0.8348958333333333 0.6592592592592592 0.8432291666666667 0.6601851851851852 0.8463541666666666 0.6648148148148149 0.8541666666666666 0.6685185185185185 0.859375 0.6657407407407407 0.8640625 0.6703703703703704 0.8729166666666667 0.6694444444444444 0.8885416666666667 0.6777777777777778 0.8942708333333333 0.6851851851851852 0.896875 0.6953703703703704 0.8979166666666667 0.7175925925925926 0.8947916666666667 0.7379629629629629 0.8895833333333333 0.7555555555555555 0.9098958333333333 0.7638888888888888 0.9286458333333333 0.7638888888888888 0.9442708333333333 0.7601851851851852 0.9473958333333333 0.7546296296296297 0.9442708333333333 0.737037037037037 0.9442708333333333 0.7240740740740741 0.9526041666666667 0.7074074074074074 0.9598958333333333 0.7055555555555556 0.9677083333333333 0.7157407407407408 0.9770833333333333 0.7203703703703703 0.9932291666666667 0.6907407407407408 0.9973958333333334 0.6787037037037037 0.9994791666666667 0.6777777777777778 0.9994791666666667 0.5472222222222223 0.96875 0.5222222222222223 0.946875 0.5074074074074074 0.9125 0.4898148148148148 0.8635416666666667 0.4759259259259259 0.8416666666666667 0.47685185185185186 0.821875 0.48333333333333334 0.8052083333333333 0.49444444444444446 0.7963541666666667 0.5083333333333333 0.7786458333333334 0.5009259259259259 0.775 0.49537037037037035 0.771875 0.4842592592592593 0.7625 0.4759259259259259 0.7578125 0.4759259259259259
0 0.5645833333333333 0.5314814814814814 0.5640625 0.5361111111111111 0.5677083333333334 0.5527777777777778 0.5661458333333333 0.5611111111111111 0.5677083333333334 0.575925925925926 0.5744791666666667 0.5907407407407408 0.5973958333333333 0.6074074074074074 0.609375 0.6453703703703704 0.6083333333333333 0.7166666666666667 0.6098958333333333 0.7287037037037037 0.6166666666666667 0.7518518518518519 0.628125 0.7777777777777778 0.6421875 0.8 0.6578125 0.8148148148148148 0.6708333333333333 0.8231481481481482 0.7026041666666667 0.8379629629629629 0.7208333333333333 0.8379629629629629 0.7411458333333333 0.8296296296296296 0.7604166666666666 0.8074074074074075 0.7708333333333334 0.7824074074074074 0.778125 0.7444444444444445 0.7880208333333333 0.7379629629629629 0.7932291666666667 0.737037037037037 0.8098958333333334 0.7481481481481481 0.8328125 0.7685185185185185 0.8484375 0.7694444444444445 0.884375 0.7555555555555555 0.8911458333333333 0.7462962962962963 0.8942708333333333 0.737037037037037 0.896875 0.7203703703703703 0.896875 0.7027777777777777 0.8947916666666667 0.6898148148148148 0.8911458333333333 0.6814814814814815 0.8729166666666667 0.6722222222222223 0.8557291666666667 0.6722222222222223 0.8416666666666667 0.6675925925925926 0.83125 0.6731481481481482 0.8213541666666667 0.6675925925925926 0.8161458333333333 0.6546296296296297 0.8140625 0.6324074074074074 0.8067708333333333 0.6129629629629629 0.7984375 0.6037037037037037 0.7890625 0.5851851851851851 0.7776041666666667 0.5694444444444444 0.7619791666666667 0.5546296296296296 0.7583333333333333 0.5481481481481482 0.7390625 0.5324074074074074 0.6890625 0.5120370370370371 0.678125 0.5138888888888888 0.6588541666666666 0.5111111111111111 0.6385416666666667 0.5212962962962963 0.6161458333333333 0.5425925925925926 0.6088541666666667 0.5435185185185185 0.6036458333333333 0.5370370370370371 0.5963541666666666 0.5333333333333333 0.5947916666666667 0.525 0.5911458333333334 0.5185185185185185 0.5817708333333333 0.5101851851851852 0.578125 0.5101851851851852 0.571875 0.5203703703703704 0.5671875 0.5212962962962963
0 0.53125 0.3861111111111111 0.5307291666666667 0.4111111111111111 0.5354166666666667 0.42962962962962964 0.540625 0.4388888888888889 0.5536458333333333 0.44351851851851853 0.5598958333333334 0.45555555555555555 0.5614583333333333 0.4675925925925926 0.5598958333333334 0.49444444444444446 0.5645833333333333 0.525 0.5677083333333334 0.525 0.5744791666666667 0.5101851851851852 0.5822916666666667 0.5083333333333333 0.59375 0.5203703703703704 0.5984375 0.5324074074074074 0.6088541666666667 0.5407407407407407 0.6140625 0.5398148148148149 0.6447916666666667 0.5138888888888888 0.6630208333333333 0.5074074074074074 0.6677083333333333 0.49907407407407406 0.6770833333333334 0.5 0.6911458333333333 0.5074074074074074 0.7 0.5046296296296297 0.7203125 0.4842592592592593 0.7260416666666667 0.4638888888888889 0.7276041666666667 0.44074074074074077 0.7255208333333333 0.43425925925925923 0.7098958333333333 0.42407407407407405 0.690625 0.4203703703703704 0.6760416666666667 0.3962962962962963 0.6645833333333333 0.38333333333333336 0.6380208333333334 0.3712962962962963 0.6333333333333333 0.3731481481481482 0.6302083333333334 0.36666666666666664 0.6307291666666667 0.35555555555555557 0.6270833333333333 0.35 0.6192708333333333 0.3509259259259259 0.6166666666666667 0.362962962962963 0.6125 0.36944444444444446 0.5916666666666667 0.3685185185185185 0.5677083333333334 0.37962962962962965 0.5630208333333333 0.3787037037037037 0.5572916666666666 0.3712962962962963 0.55 0.3712962962962963 0.54375 0.3787037037037037 0.5328125 0.37962962962962965
0 0.3802083333333333 0.4 0.378125 0.40370370370370373 0.378125 0.4148148148148148 0.37916666666666665 0.42407407407407405 0.38385416666666666 0.4305555555555556 0.3854166666666667 0.44166666666666665 0.38385416666666666 0.44814814814814813 0.3854166666666667 0.47685185185185186 0.3885416666666667 0.49166666666666664 0.4005208333333333 0.512962962962963 0.4083333333333333 0.575 0.4161458333333333 0.5925925925925926 0.4354166666666667 0.6101851851851852 0.45989583333333334 0.6157407407407407 0.484375 0.6083333333333333 0.4942708333333333 0.6 0.5072916666666667 0.5787037037037037 0.5171875 0.5481481481481482 0.5395833333333333 0.5231481481481481 0.5494791666666666 0.5018518518518519 0.5510416666666667 0.4898148148148148 0.5510416666666667 0.46944444444444444 0.5494791666666666 0.46574074074074073 0.5265625 0.45185185185185184 0.525 0.43333333333333335 0.5208333333333334 0.4212962962962963 0.5020833333333333 0.3990740740740741 0.48854166666666665 0.3925925925925926 0.4708333333333333 0.38981481481481484 0.4630208333333333 0.39537037037037037 0.46041666666666664 0.37962962962962965 0.45260416666666664 0.37592592592592594 0.4473958333333333 0.38055555555555554 0.446875 0.3907407407407407 0.44166666666666665 0.39444444444444443 0.41770833333333335 0.3962962962962963 0.4114583333333333 0.3888888888888889 0.4041666666666667 0.3888888888888889 0.39375 0.3824074074074074
0 0.39895833333333336 0.3296296296296296 0.3984375 0.34814814814814815 0.40260416666666665 0.37962962962962965 0.4234375 0.39537037037037037 0.44479166666666664 0.39351851851851855 0.44895833333333335 0.37777777777777777 0.45625 0.375 0.4588541666666667 0.3768518518518518 0.4630208333333333 0.3925925925925926 0.4869791666666667 0.3907407407407407 0.5125 0.4046296296296296 0.5213541666666667 0.3851851851851852 0.5197916666666667 0.36203703703703705 0.5098958333333333 0.3537037037037037 0.5057291666666667 0.3416666666666667 0.496875 0.3277777777777778 0.4890625 0.32222222222222224 0.46432291666666664 0.31574074074074077 0.4588541666666667 0.30833333333333335 0.4578125 0.3 0.4557291666666667 0.29814814814814816 0.45 0.3 0.4453125 0.31851851851851853 0.4265625 0.32222222222222224 0.4161458333333333 0.31574074074074077 0.4041666666666667 0.3175925925925926 0.4005208333333333 0.32222222222222224
0 0.2635416666666667 0.3787037037037037 0.265625 0.4009259259259259 0.278125 0.4185185185185185 0.28958333333333336 0.4740740740740741 0.2984375 0.487962962962963 0.3182291666666667 0.49722222222222223 0.35208333333333336 0.4888888888888889 0.36354166666666665 0.4787037037037037 0.37447916666666664 0.46111111111111114 0.3770833333333333 0.4351851851851852 0.3765625 0.4083333333333333 0.38177083333333334 0.38333333333333336 0.37552083333333336 0.3675925925925926 0.37552083333333336 0.3509259259259259 0.3640625 0.337037037037037 0.3541666666666667 0.33425925925925926 0.34270833333333334 0.337037037037037 0.3385416666666667 0.33425925925925926 0.32708333333333334 0.3351851851851852 0.3234375 0.3314814814814815 0.31875 0.3138888888888889 0.3151041666666667 0.31296296296296294 0.3109375 0.3175925925925926 0.3109375 0.3287037037037037 0.30833333333333335 0.3351851851851852 0.303125 0.3388888888888889 0.28541666666666665 0.33240740740740743 0.275 0.33796296296296297
0 0.3125 0.2953703703703704 0.3125 0.3101851851851852 0.3177083333333333 0.3111111111111111 0.328125 0.33055555555555555 0.3416666666666667 0.3351851851851852 0.3572916666666667 0.33425925925925926 0.36666666666666664 0.3388888888888889 0.3734375 0.34629629629629627 0.378125 0.3592592592592593 0.3765625 0.36944444444444446 0.38385416666666666 0.3851851851851852 0.3927083333333333 0.37592592592592594 0.39479166666666665 0.35462962962962963 0.39895833333333336 0.34444444444444444 0.39947916666666666 0.32407407407407407 0.4015625 0.31851851851851853 0.4005208333333333 0.31296296296296294 0.39114583333333336 0.3 0.3859375 0.29907407407407405 0.3494791666666667 0.26296296296296295 0.34479166666666666 0.2657407407407407 0.346875 0.2824074074074074 0.3421875 0.2861111111111111 0.32864583333333336 0.28703703703703703 0.32135416666666666 0.2833333333333333 0.3140625 0.287962962962963
0 0.01875 0.27685185185185185 0.017708333333333333 0.2796296296296296 0.021354166666666667 0.29444444444444445 0.015625 0.30185185185185187 0 0.30648148148148147 0 0.34074074074074073 0.026041666666666668 0.33425925925925926 0.04010416666666667 0.33611111111111114 0.04739583333333333 0.3537037037037037 0.0453125 0.3712962962962963 0.04114583333333333 0.37962962962962965 0.034375 0.38055555555555554 0.0359375 0.3861111111111111 0.034375 0.3925925925925926 0.04114583333333333 0.4101851851851852 0.05677083333333333 0.4148148148148148 0.08125 0.40925925925925927 0.0875 0.3990740740740741 0.1 0.387037037037037 0.10052083333333334 0.375 0.09270833333333334 0.3398148148148148 0.09895833333333333 0.3296296296296296 0.10598958333333333 0.3314814814814815 0.1125 0.3277777777777778 0.11770833333333333 0.3101851851851852 0.11614583333333334 0.3 0.1125 0.29259259259259257 0.10416666666666667 0.28888888888888886 0.0828125 0.2953703703703704 0.0703125 0.29444444444444445 0.059375 0.2796296296296296 0.05677083333333333 0.28055555555555556 0.050520833333333334 0.2935185185185185 0.0359375 0.2935185185185185 0.0265625 0.2759259259259259
0 0.32708333333333334 0.837037037037037 0.32708333333333334 0.85 0.33125 0.862037037037037 0.3375 0.8648148148148148 0.34375 0.8629629629629629 0.3515625 0.8694444444444445 0.3385416666666667 0.8925925925925926 0.3411458333333333 0.9046296296296297 0.34427083333333336 0.9083333333333333 0.3536458333333333 0.912962962962963 0.36041666666666666 0.9120370370370371 0.3703125 0.9046296296296297 0.39166666666666666 0.9092592592592592 0.39895833333333336 0.9055555555555556 0.4041666666666667 0.8944444444444445 0.4010416666666667 0.8824074074074074 0.3963541666666667 0.8777777777777778 0.390625 0.8648148148148148 0.3734375 0.837037037037037 0.35833333333333334 0.8203703703703704 0.35260416666666666 0.8166666666666667 0.34375 0.8185185185185185 0.3302083333333333 0.8305555555555556
0 0.4015625 0.9092592592592592 0.403125 0.9351851851851852 0.40520833333333334 0.9416666666666667 0.40347239583333333 0.9549379629629631 0.39791666666666664 0.9657407407407408 0.3958333333333333 0.9777777777777777 0.39947916666666666 0.9990740740740741 0.453125 0.9990740740740741 0.46770833333333334 0.9842592592592593 0.4427083333333333 0.9351851851851852 0.4244791666666667 0.9166666666666666 0.41041666666666665 0.8972222222222223 0.40520833333333334 0.8972222222222223
0 0.29791666666666666 0.7407407407407407 0.29739583333333336 0.7490740740740741 0.3 0.7555555555555555 0.2875 0.7787037037037037 0.2869791666666667 0.7898148148148149 0.2890625 0.7935185185185185 0.3 0.8037037037037037 0.303125 0.8111111111111111 0.3104166666666667 0.8138888888888889 0.3265625 0.8111111111111111 0.3385416666666667 0.8148148148148148 0.3484375 0.8101851851851852 0.3463541666666667 0.8009259259259259 0.3380208333333333 0.7861111111111111 0.33541666666666664 0.7870370370370371 0.33229166666666665 0.7759259259259259 0.31354166666666666 0.7481481481481481 0.30052083333333335 0.7342592592592593