1 0.047772395833333335 0.6985037037037037 0.05313645833333334 0.6964185185185184 0.058835937500000005 0.6964185185185184 0.0625234375 0.693437962962963 0.0648703125 0.687775925925926 0.0648703125 0.6815185185185185 0.063696875 0.6779425925925926 0.06168541666666667 0.6758564814814815 0.059003125000000003 0.6740685185185186 0.056321354166666664 0.6749620370370369 0.052801041666666666 0.6782398148148149 0.051125 0.6803259259259259 0.04341458333333333 0.6839018518518519 0.042073437500000005 0.6865842592592593 0.04106770833333333 0.6907564814814815 0.04190572916666667 0.6967157407407407 0.04525833333333333 0.6991
1 0.13041093750000002 0.8489925925925926 0.13493645833333331 0.8436287037037037 0.137115625 0.8403499999999999 0.14197656250000001 0.8379666666666666 0.14365312500000002 0.8331981481481482 0.14365312500000002 0.8287287037037038 0.1421442708333333 0.8245564814814814 0.13912708333333335 0.8215768518518518 0.13510416666666666 0.8215768518518518 0.13208697916666667 0.8233648148148148 0.12974010416666668 0.8281324074074075 0.12839947916666666 0.8308148148148148 0.12337083333333335 0.8370722222222222 0.1220296875 0.8415425925925926 0.12286770833333334 0.8463101851851852 0.12471145833333333 0.8486944444444445 0.12772864583333335 0.8495879629629629
2 0.038170312500000005 0.6858277777777777 0.0288984375 0.6908222222222222 0.023419270833333335 0.6918212962962963 0.022155208333333332 0.688075 0.02313854166666667 0.6835805555555556 0.033815104166666665 0.6785861111111111 0.03732760416666667 0.6795851851851852
2 0.1190078125 0.820475925925926 0.1213375 0.8241722222222222 0.12147760416666667 0.8296657407407407 0.11894895833333334 0.8331620370370371 0.11431302083333333 0.8344101851851852 0.10588385416666667 0.8414027777777778 0.1025125 0.8391555555555555 0.10307447916666666 0.833412037037037 0.11122239583333333 0.8261694444444445 0.11543697916666668 0.821425
0 0.6671875 0.8055555555555556 0.6666666666666666 0.8138888888888889 0.671875 0.8305555555555556 0.6890625 0.8388888888888889 0.7020833333333333 0.8675925925925926 0.7135416666666666 0.8796296296296297 0.7213541666666666 0.8833333333333333 0.740625 0.8805555555555555 0.7578125 0.8657407407407407 0.7645833333333333 0.8527777777777777 0.7651041666666667 0.8453703703703703 0.7713541666666667 0.8240740740740741 0.7729166666666667 0.8111111111111111 0.771875 0.799074074074074 0.775 0.7916666666666666 0.7791666666666667 0.8027777777777778 0.7765625 0.8175925925925925 0.778125 0.8240740740740741 0.7895833333333333 0.825925925925926 0.7932291666666667 0.8175925925925925 0.7932291666666667 0.8046296296296296 0.7890625 0.7935185185185185 0.7828125 0.7861111111111111 0.7682291666666666 0.7824074074074074 0.7625 0.7666666666666667 0.7489583333333333 0.7435185185185185 0.7375 0.737037037037037 0.7234375 0.7342592592592593 0.7151041666666667 0.7277777777777777 0.6984375 0.7305555555555555 0.6828125 0.7472222222222222 0.6791666666666667 0.7648148148148148 0.68125 0.7824074074074074 0.671875 0.7888888888888889
0 0.621875 0.6333333333333333 0.6197916666666666 0.6620370370370371 0.6161458333333333 0.674074074074074 0.6151041666666667 0.6888888888888889 0.6223958333333334 0.6962962962962963 0.6260416666666667 0.7129629629629629 0.6348958333333333 0.7333333333333333 0.6546875 0.7509259259259259 0.6729166666666667 0.7509259259259259 0.690625 0.737037037037037 0.696875 0.7296296296296296 0.7015625 0.7185185185185186 0.7067708333333333 0.6935185185185185 0.7140625 0.6851851851851852 0.7166666666666667 0.687962962962963 0.71875 0.6861111111111111 0.7296875 0.6648148148148149 0.728125 0.6574074074074074 0.725 0.6537037037037037 0.7072916666666667 0.6481481481481481 0.6911458333333333 0.6138888888888889 0.6822916666666666 0.6037037037037037 0.6723958333333333 0.5981481481481481 0.6609375 0.5972222222222222 0.6421875 0.6046296296296296 0.6317708333333333 0.6129629629629629
0 0.5291666666666667 0.8009259259259259 0.5286458333333334 0.8175925925925925 0.5328125 0.8296296296296296 0.5385416666666667 0.8305555555555556 0.54375 0.8240740740740741 0.5494791666666666 0.8277777777777777 0.5546875 0.8472222222222222 0.5625 0.8629629629629629 0.5703125 0.8731481481481481 0.584375 0.8814814814814815 0.6015625 0.8787037037037037 0.6197916666666666 0.8629629629629629 0.6270833333333333 0.8472222222222222 0.6338541666666667 0.8203703703703704 0.6369791666666667 0.8175925925925925 0.6416666666666667 0.8203703703703704 0.6515625 0.8185185185185185 0.6541666666666667 0.8157407407407408 0.65625 0.8046296296296296 0.6520833333333333 0.7851851851851852 0.6442708333333333 0.7787037037037037 0.6291666666666667 0.774074074074074 0.6244791666666667 0.7583333333333333 0.6166666666666667 0.7453703703703703 0.609375 0.7379629629629629 0.5864583333333333 0.725925925925926 0.5765625 0.725925925925926 0.5697916666666667 0.7296296296296296 0.5572916666666666 0.7425925925925926 0.5505208333333333 0.7833333333333333 0.5364583333333334 0.7870370370370371 0.5317708333333333 0.7925925925925926
0 0.45989583333333334 0.6583333333333333 0.45989583333333334 0.6722222222222223 0.4630208333333333 0.6814814814814815 0.46979166666666666 0.6833333333333333 0.47760416666666666 0.6787037037037037 0.48020833333333335 0.6805555555555556 0.4864583333333333 0.7064814814814815 0.4953125 0.7240740740740741 0.5078125 0.7361111111111112 0.5208333333333334 0.7407407407407407 0.5296875 0.7407407407407407 0.5432291666666667 0.7342592592592593 0.5578125 0.7129629629629629 0.5661458333333333 0.6842592592592592 0.5817708333333333 0.6824074074074075 0.5880208333333333 0.6685185185185185 0.5859375 0.65 0.5651041666666666 0.6435185185185185 0.5614583333333333 0.6268518518518519 0.5515625 0.6055555555555555 0.5291666666666667 0.5879629629629629 0.5119791666666667 0.5907407407407408 0.49947916666666664 0.600925925925926 0.4869791666666667 0.6212962962962963 0.4817708333333333 0.6425925925925926 0.46770833333333334 0.6435185185185185 0.4625 0.649074074074074
0 0.3848958333333333 0.8027777777777778 0.384375 0.8185185185185185 0.38697916666666665 0.8287037037037037 0.3921875 0.8305555555555556 0.4010416666666667 0.825925925925926 0.4078125 0.8287037037037037 0.4114583333333333 0.8444444444444444 0.42239583333333336 0.8666666666666667 0.4354166666666667 0.8805555555555555 0.44166666666666665 0.8833333333333333 0.459375 0.8805555555555555 0.46927083333333336 0.8731481481481481 0.48541666666666666 0.8481481481481481 0.49114583333333334 0.8268518518518518 0.496875 0.8212962962962963 0.5088541666666667 0.8231481481481482 0.5119791666666667 0.8194444444444444 0.5130208333333334 0.8074074074074075 0.5119791666666667 0.7907407407407407 0.5078125 0.7824074074074074 0.5 0.7777777777777778 0.4947916666666667 0.7805555555555556 0.490625 0.7787037037037037 0.4765625 0.7444444444444445 0.4661458333333333 0.7296296296296296 0.45625 0.7240740740740741 0.4453125 0.725925925925926 0.43020833333333336 0.7388888888888889 0.4166666666666667 0.7574074074074074 0.40729166666666666 0.7851851851851852 0.39479166666666665 0.787962962962963 0.3875 0.7953703703703704
0 0.3104166666666667 0.6574074074074074 0.3098958333333333 0.6685185185185185 0.31354166666666666 0.687037037037037 0.33177083333333335 0.6861111111111111 0.33958333333333335 0.7055555555555556 0.3416666666666667 0.7203703703703703 0.359375 0.7398148148148148 0.37552083333333336 0.7453703703703703 0.38958333333333334 0.7425925925925926 0.40260416666666665 0.7324074074074074 0.41458333333333336 0.7101851851851851 0.4203125 0.6888888888888889 0.4234375 0.6861111111111111 0.43802083333333336 0.6861111111111111 0.44166666666666665 0.6694444444444444 0.4395833333333333 0.6537037037037037 0.4192708333333333 0.6453703703703704 0.4119791666666667 0.6175925925925926 0.403125 0.6037037037037037 0.3802083333333333 0.5916666666666667 0.3723958333333333 0.5916666666666667 0.35833333333333334 0.5981481481481481 0.35052083333333334 0.6064814814814815 0.340625 0.6240740740740741 0.3328125 0.6462962962962963 0.32135416666666666 0.6462962962962963
0 0.23697916666666666 0.8083333333333333 0.23697916666666666 0.8314814814814815 0.2390625 0.8351851851851851 0.25833333333333336 0.8314814814814815 0.2640625 0.8472222222222222 0.28229166666666666 0.8759259259259259 0.2890625 0.8833333333333333 0.3 0.8861111111111111 0.3182291666666667 0.8796296296296297 0.32916666666666666 0.8666666666666667 0.34270833333333334 0.8453703703703703 0.34791666666666665 0.8194444444444444 0.365625 0.8166666666666667 0.36770833333333336 0.8 0.36614583333333334 0.7851851851851852 0.3536458333333333 0.7666666666666667 0.346875 0.7416666666666667 0.334375 0.725925925925926 0.3229166666666667 0.7222222222222222 0.3098958333333333 0.725925925925926 0.28072916666666664 0.7425925925925926 0.2671875 0.762962962962963 0.259375 0.7898148148148149 0.24791666666666667 0.7925925925925926 0.24114583333333334 0.799074074074074
0 0.1625 0.6638888888888889 0.165625 0.6907407407407408 0.17395833333333333 0.6962962962962963 0.18541666666666667 0.6972222222222222 0.190625 0.7166666666666667 0.209375 0.7444444444444445 0.22708333333333333 0.7537037037037037 0.24270833333333333 0.7518518518518519 0.2552083333333333 0.7425925925925926 0.26875 0.7212962962962963 0.2760416666666667 0.6962962962962963 0.2921875 0.6944444444444444 0.29583333333333334 0.6907407407407408 0.296875 0.6842592592592592 0.2953125 0.662962962962963 0.2869791666666667 0.65 0.2869791666666667 0.6435185185185185 0.27708333333333335 0.6185185185185185 0.26458333333333334 0.6055555555555555 0.234375 0.5981481481481481 0.22291666666666668 0.5990740740740741 0.20885416666666667 0.6074074074074074 0.19635416666666666 0.6259259259259259 0.18645833333333334 0.6546296296296297 0.17552083333333332 0.6555555555555556
0 0.07760416666666667 0.8175925925925925 0.07708333333333334 0.8351851851851851 0.07864583333333333 0.8398148148148148 0.09166666666666666 0.8435185185185186 0.10208333333333333 0.8416666666666667 0.11197916666666667 0.8731481481481481 0.11875 0.8833333333333333 0.13177083333333334 0.8953703703703704 0.146875 0.9 0.16458333333333333 0.8944444444444445 0.1796875 0.8796296296296297 0.18854166666666666 0.8648148148148148 0.19427083333333334 0.8481481481481481 0.19427083333333334 0.8407407407407408 0.20989583333333334 0.8379629629629629 0.21875 0.8212962962962963 0.215625 0.8 0.21614583333333334 0.7787037037037037 0.20833333333333334 0.7472222222222222 0.20052083333333334 0.7351851851851852 0.18854166666666666 0.7287037037037037 0.17552083333333332 0.7296296296296296 0.16510416666666666 0.737037037037037 0.14895833333333333 0.737037037037037 0.12916666666666668 0.7481481481481481 0.115625 0.7638888888888888 0.10572916666666667 0.7870370370370371 0.09895833333333333 0.7972222222222223 0.09166666666666666 0.7981481481481482 0.08125 0.8064814814814815
0 0.040625 0.6138888888888889 0.03125 0.6287037037037037 0.025520833333333333 0.6509259259259259 0 0.6648148148148149 0 0.6925925925925925 0.025 0.6972222222222222 0.030729166666666665 0.7212962962962963 0.03854166666666667 0.7361111111111112 0.058333333333333334 0.7555555555555555 0.08489583333333334 0.7555555555555555 0.103125 0.7407407407407407 0.12395833333333334 0.7083333333333334 0.13020833333333334 0.7055555555555556 0.14114583333333333 0.6916666666666667 0.14947916666666666 0.6574074074074074 0.14635416666666667 0.6370370370370371 0.13958333333333334 0.6194444444444445 0.13177083333333334 0.6083333333333333 0.1203125 0.6 0.09791666666666667 0.600925925925926 0.08385416666666666 0.5962962962962963 0.0671875 0.5962962962962963 0.0546875 0.6018518518518519
0 0.008854166666666666 0.7324074074074074 0 0.7324074074074074 0 0.862037037037037 0.015104166666666667 0.8518518518518519 0.026041666666666668 0.8388888888888889 0.0375 0.8194444444444444 0.0421875 0.7972222222222223 0.04114583333333333 0.7722222222222223 0.0359375 0.7546296296296297 0.024479166666666666 0.7398148148148148