1 0.33846562500000005 0.500850925925926 0.3391828125 0.5116328703703703 0.3384002604166667 0.5209078703703705 0.3389872395833333 0.5225310185185185 0.34016119791666666 0.5241541666666667 0.34374791666666665 0.5255453703703704 0.3468130208333333 0.5250819444444444 0.3496171875 0.5224152777777777 0.3511825520833333 0.5187050925925926 0.3511171875 0.5159226851851852 0.348378125 0.5074592592592593 0.34772604166666665 0.49934351851851855 0.34537838541666666 0.49656111111111106 0.3429653645833334 0.49656111111111106 0.3406177083333333 0.49748842592592596
1 0.4239583333333333 0.41712962962962963 0.4241580729166667 0.42421574074074075 0.42331015625 0.42943333333333333 0.42311458333333335 0.4331430555555556 0.42422317708333335 0.434650462962963 0.42631015624999996 0.4362736111111111 0.42917942708333334 0.43673703703703703 0.4321143229166667 0.4348824074074074 0.43374453125 0.43256342592592595 0.4338098958333333 0.4302449074074074 0.43224453125 0.4234046296296296 0.4318533854166667 0.416912037037037 0.4315924479166667 0.41401342592592594 0.43028828125 0.4121583333333333 0.42709270833333335 0.4118106481481481 0.42520156249999996 0.4129699074074074 0.42421875 0.4148148148148148
1 0.50482890625 0.5028217592592593 0.5035244791666666 0.5082708333333333 0.50306796875 0.5116328703703703 0.5041114583333334 0.5141837962962963 0.5068505208333334 0.5170819444444444 0.5104372395833333 0.5183574074074074 0.51350234375 0.5156907407407407 0.5153283854166667 0.5130240740740741 0.51526328125 0.5098939814814816 0.5139588541666666 0.5035171296296296 0.51402421875 0.49308287037037035 0.5130208333333334 0.4912037037037037 0.5107635416666667 0.4894888888888889 0.5078125 0.48935185185185187 0.5060679687499999 0.4904162037037037 0.50508984375 0.49285092592592594
1 0.5667830729166667 0.4227087962962963 0.5658049479166666 0.426650462962963 0.56671796875 0.42989675925925924 0.56875 0.43148148148148147 0.5710221354166667 0.43244768518518517 0.5748697916666666 0.4316361111111111 0.5765 0.42943333333333333 0.5767609375 0.42723055555555556 0.5757174479166667 0.42050601851851854 0.5762393229166667 0.4113467592592593 0.5756523437500001 0.40983981481481485 0.5747393229166666 0.40891203703703705 0.5734375 0.4078703703703704 0.5707611979166667 0.4079847222222222 0.56919609375 0.40914398148148146 0.5683481770833333 0.4113467592592593 0.56795703125 0.4185351851851852
1 0.6728114583333333 0.49199444444444446 0.6741515625000001 0.48522870370370375 0.6743658854166666 0.4817027777777778 0.67302578125 0.4789393518518519 0.6707744791666667 0.47731944444444446 0.6680408854166667 0.4769379629629629 0.6658968749999999 0.477700462962963 0.6648247395833333 0.4793203703703704 0.66380625 0.48837314814814814 0.6612869791666667 0.4938046296296296 0.6609653645833333 0.4964731481481482 0.66176953125 0.49933194444444445 0.6633776041666667 0.502 0.6650927083333333 0.5038106481481481 0.6679335937499999 0.5045726851851852 0.6707208333333334 0.5043824074074074 0.67302578125 0.5029527777777777 0.6735619791666667 0.4999037037037037
1 0.6987010416666667 0.41814259259259257 0.6991835937499999 0.4148074074074074 0.7010059895833333 0.41013796296296295 0.7025067708333333 0.4029912037037037 0.7034716145833334 0.4004185185185185 0.7049726562499999 0.3996560185185185 0.7075989583333333 0.40022777777777774 0.7094216145833333 0.4012759259259259 0.7108687499999999 0.40365833333333334 0.7094752604166668 0.41337824074074075 0.7095822916666666 0.4221449074074074 0.70797421875 0.42357453703703707 0.7056695312500001 0.4243365740740741 0.7034716145833334 0.42366944444444443 0.7011669270833334 0.4227166666666667 0.6999875000000001 0.4216685185185185
1 0.8145885416666666 0.49542499999999995 0.8171614583333333 0.49685416666666665 0.8195197916666667 0.49656805555555555 0.8216104166666667 0.4964731481481482 0.8234328125 0.49590138888888885 0.8234328125 0.4856097222222222 0.8252018229166667 0.47789120370370364 0.8253625 0.4756041666666667 0.8247192708333333 0.47369814814814815 0.8232184895833333 0.47093472222222227 0.8209671875000001 0.4698865740740741 0.8196270833333333 0.469600462962963 0.81764375 0.4697912037037037 0.8163572916666666 0.47045833333333337 0.8154997395833333 0.47245925925925925 0.8138380208333333 0.48017777777777776 0.8105684895833334 0.487325 0.8104075520833334 0.49037407407407413 0.8114260416666668 0.49247083333333336
1 0.830615625 0.4161416666666667 0.8325453125000001 0.41709444444444443 0.8344747395833333 0.41690370370370367 0.8365653645833333 0.416237037037037 0.83828046875 0.4153791666666667 0.8383341145833333 0.4065171296296296 0.83983515625 0.4001324074074074 0.8400494791666666 0.3970828703703703 0.8391919270833333 0.3955583333333333 0.8371013020833333 0.39355740740740736 0.8353325520833333 0.3927949074074074 0.8335635416666667 0.3925092592592593 0.8321700520833333 0.3929856481481482 0.8312052083333333 0.3947962962962963 0.8292755208333333 0.40289583333333334 0.8276674479166667 0.40546898148148147 0.82702421875 0.4070888888888889 0.8267026041666666 0.4090898148148148 0.8269169270833333 0.41166296296296295 0.8279890625 0.41385462962962966 0.8295434895833333 0.4153791666666667
1 0.9544359375 0.48227453703703704 0.9558296875 0.4835134259259259 0.9582416666666667 0.4843708333333333 0.9608682291666667 0.4839898148148148 0.9632265624999999 0.4825601851851852 0.9640307291666667 0.48094027777777776 0.9647276041666667 0.4739837962962963 0.9675684895833334 0.4664560185185185 0.9677828125 0.4640736111111111 0.9669252604166666 0.4616912037037037 0.9644059895833333 0.4592138888888889 0.9623153645833333 0.4580703703703704 0.9604393229166667 0.45768888888888887 0.9582953125 0.45778425925925925 0.9573304687499999 0.45864212962962964 0.95416796875 0.46607453703703705 0.9510054687499999 0.4691240740740741 0.9498796875 0.47179212962962963 0.9499333333333334 0.4748416666666666 0.95084453125 0.4776050925925926 0.9528278645833334 0.48046388888888886
1 0.9504158854166668 0.4062310185185185 0.95250625 0.4075652777777778 0.9547575520833332 0.40775601851851856 0.9569015625 0.407374537037037 0.9584559895833333 0.4063263888888889 0.9595817708333333 0.39746435185185186 0.96161875 0.39136574074074076 0.9617794270833334 0.3889833333333333 0.9604393229166667 0.38707731481481483 0.9585632812499999 0.38564814814814813 0.95593671875 0.38440925925925923 0.954596875 0.3845046296296296 0.9532567708333333 0.38564814814814813 0.95046953125 0.39260416666666664 0.94618125 0.3989888888888889 0.9459669270833333 0.4012759259259259 0.946878125 0.4029912037037037
2 0.3763921875 0.5094583333333333 0.3763299479166667 0.528387962962963 0.37320755208333334 0.5309495370370371 0.3694848958333333 0.5279611111111111 0.370565625 0.508963425925926 0.3728473958333333 0.5053342592592592 0.37560937499999997 0.5061884259259259
2 0.45103619791666666 0.42326157407407405 0.44922265625 0.44001527777777777 0.4511440104166667 0.44215 0.4549869791666667 0.44215 0.4555872395833333 0.42827499999999996 0.4558276041666666 0.42485972222222224 0.4537859375 0.42165787037037034
2 0.53823125 0.49841944444444447 0.5397674479166666 0.5015527777777778 0.5402476562499999 0.5079564814814814 0.5376057291666666 0.5235388888888889 0.5335229166666667 0.5218314814814815 0.5318416666666667 0.517775462962963 0.5338830729166666 0.503900925925926 0.535684375 0.4987777777777777
2 0.59332265625 0.41785972222222223 0.59020390625 0.4330319444444445 0.5911645833333333 0.43666064814814814 0.5950072916666667 0.43879537037037036 0.5978895833333334 0.42428009259259264 0.5982497395833334 0.4210777777777778 0.5962083333333333 0.4176625
2 0.69399296875 0.4852671296296296 0.6969614583333333 0.4895990740740741 0.69588046875 0.4960027777777778 0.6933588541666666 0.5083833333333333 0.6899963541666666 0.5071027777777778 0.6873544270833333 0.5021930555555556 0.6907169270833333 0.4895990740740741
2 0.7208119791666667 0.4230268518518519 0.72484609375 0.4095430555555556 0.72724765625 0.4082625 0.7292893229166667 0.40975648148148147 0.7290489583333333 0.4159467592592593 0.7265270833333334 0.4274736111111111 0.72472578125 0.4291814814814815 0.7213635416666667 0.42790092592592593
2 0.8403697916666667 0.4801986111111111 0.8352059895833333 0.4921523148148148 0.8353260416666667 0.49642175925925924 0.83796796875 0.5006907407407407 0.841690625 0.4987694444444445 0.8461338541666666 0.4846810185185185 0.84469296875 0.4799851851851852 0.841690625 0.4789175925925926
2 0.8523971354166666 0.40306296296296296 0.8474549479166666 0.41423935185185184 0.8475750000000001 0.41786805555555556 0.84961640625 0.4219236111111111 0.8528588541666667 0.4210699074074074 0.8567015625 0.4095430555555556 0.8579026041666666 0.4052740740740741 0.8555007812500001 0.40313935185185185
2 0.9668044270833334 0.4093875 0.97279609375 0.39569027777777777 0.9756703125 0.3945953703703704 0.9783393229166666 0.3962375 0.9786471354166667 0.3995222222222222 0.971975 0.41484953703703703 0.9696140625 0.41612638888888887 0.9669450520833334 0.41375462962962967
2 0.971975 0.48126712962962964 0.97875 0.4664875 0.9820346354166667 0.4666699074074074 0.9846010416666666 0.470137037037037 0.98295859375 0.4772532407407407 0.9759783854166667 0.4903907407407407 0.9725908854166666 0.4891134259259259 0.97176953125 0.48528148148148154
0 0.27057291666666666 0.5430555555555555 0.271875 0.5675925925925925 0.2760416666666667 0.5773148148148148 0.28567708333333336 0.5861111111111111 0.29713541666666665 0.587037037037037 0.30182291666666666 0.5898148148148148 0.30546875 0.5976851851851852 0.3109375 0.6055555555555555 0.31197916666666664 0.6199074074074075 0.31588541666666664 0.6365740740740741 0.31744791666666666 0.6393518518518518 0.32369791666666664 0.6486111111111111 0.33177083333333335 0.6560185185185186 0.34401041666666665 0.6592592592592592 0.35390625 0.6592592592592592 0.3606770833333333 0.6569444444444444 0.37005208333333334 0.6486111111111111 0.37447916666666664 0.6467592592592593 0.38046875 0.6402777777777777 0.38333333333333336 0.6328703703703704 0.3885416666666667 0.6268518518518519 0.39088541666666665 0.6162037037037037 0.3921875 0.6018518518518519 0.3893229166666667 0.5828703703703704 0.39010416666666664 0.5791666666666667 0.40338541666666666 0.5763888888888888 0.40651041666666665 0.5777777777777777 0.4125 0.5768518518518518 0.41875 0.5606481481481481 0.4205729166666667 0.5509259259259259 0.41875 0.5231481481481481 0.4161458333333333 0.5189814814814815 0.39401041666666664 0.5180555555555556 0.3880208333333333 0.5050925925925925 0.38046875 0.4962962962962963 0.36614583333333334 0.49027777777777776 0.34713541666666664 0.48657407407407405 0.3419270833333333 0.48657407407407405 0.33489583333333334 0.49027777777777776 0.33307291666666666 0.49907407407407406 0.32395833333333335 0.5 0.32109375 0.5018518518518519 0.3104166666666667 0.5120370370370371 0.3028645833333333 0.5231481481481481 0.2794270833333333 0.5254629629629629 0.27578125 0.5277777777777778 0.27291666666666664 0.5333333333333333
0 0.36484375 0.4546296296296296 0.3651041666666667 0.4685185185185185 0.36953125 0.47824074074074074 0.3776041666666667 0.48564814814814816 0.39036458333333335 0.48703703703703705 0.39791666666666664 0.4981481481481482 0.396875 0.5120370370370371 0.40390625 0.5162037037037037 0.4171875 0.5180555555555556 0.4192708333333333 0.5222222222222223 0.42213541666666665 0.5504629629629629 0.42421875 0.5541666666666667 0.428125 0.5560185185185185 0.43645833333333334 0.5518518518518518 0.4375 0.524537037037037 0.43854166666666666 0.5217592592592593 0.4421875 0.5175925925925926 0.44635416666666666 0.5166666666666667 0.44947916666666665 0.5180555555555556 0.45286458333333335 0.5157407407407407 0.45651041666666664 0.5162037037037037 0.46328125 0.5106481481481482 0.46484375 0.5050925925925925 0.4640625 0.49074074074074076 0.4666666666666667 0.48703703703703705 0.48203125 0.4842592592592593 0.4901041666666667 0.4699074074074074 0.49166666666666664 0.45787037037037037 0.4908854166666667 0.4462962962962963 0.48776041666666664 0.4388888888888889 0.4765625 0.44305555555555554 0.46770833333333334 0.43657407407407406 0.46328125 0.4263888888888889 0.45598958333333334 0.4185185185185185 0.446875 0.4134259259259259 0.4359375 0.4101851851851852 0.42161458333333335 0.4111111111111111 0.41354166666666664 0.4134259259259259 0.4005208333333333 0.4222222222222222 0.39036458333333335 0.4351851851851852 0.37942708333333336 0.4356481481481482 0.3692708333333333 0.43842592592592594 0.36614583333333334 0.44305555555555554
0 0.43802083333333336 0.5287037037037037 0.43776041666666665 0.5439814814814815 0.4390625 0.5550925925925926 0.4427083333333333 0.562037037037037 0.44921875 0.5666666666666667 0.44947916666666665 0.5745370370370371 0.4635416666666667 0.575925925925926 0.46979166666666666 0.5796296296296296 0.4708333333333333 0.5875 0.4700520833333333 0.5981481481481481 0.4708333333333333 0.6092592592592593 0.47291666666666665 0.6199074074074075 0.4786458333333333 0.6319444444444444 0.49453125 0.6453703703703704 0.5020833333333333 0.6486111111111111 0.5122395833333333 0.6486111111111111 0.5255208333333333 0.6430555555555556 0.5364583333333334 0.6305555555555555 0.540625 0.6231481481481481 0.5440104166666667 0.6097222222222223 0.54453125 0.5884259259259259 0.553125 0.5689814814814815 0.5549479166666667 0.5675925925925925 0.56171875 0.5550925925925926 0.5645833333333333 0.5546296296296296 0.56796875 0.5587962962962963 0.5705729166666667 0.5597222222222222 0.57421875 0.5583333333333333 0.5765625 0.5537037037037037 0.5791666666666667 0.5407407407407407 0.5783854166666667 0.524537037037037 0.5760416666666667 0.5157407407407407 0.5744791666666667 0.513425925925926 0.56640625 0.5120370370370371 0.5575520833333333 0.5143518518518518 0.5515625 0.5138888888888888 0.5455729166666666 0.5027777777777778 0.5380208333333333 0.49444444444444446 0.5265625 0.4861111111111111 0.5158854166666667 0.48148148148148145 0.4986979166666667 0.48194444444444445 0.48411458333333335 0.4847222222222222 0.46953125 0.5013888888888889 0.46380208333333334 0.5138888888888888 0.45338541666666665 0.5166666666666667 0.44973958333333336 0.5194444444444445 0.4432291666666667 0.5185185185185185 0.4390625 0.5231481481481481
0 0.50859375 0.44305555555555554 0.5083333333333333 0.46111111111111114 0.5127604166666667 0.4736111111111111 0.5184895833333333 0.48055555555555557 0.53046875 0.4847222222222222 0.5361979166666667 0.4898148148148148 0.5528645833333333 0.5097222222222222 0.5697916666666667 0.5106481481481482 0.5755208333333334 0.513425925925926 0.5791666666666667 0.5226851851851851 0.5809895833333333 0.5393518518518519 0.584375 0.5425925925925926 0.5888020833333333 0.537962962962963 0.5940104166666667 0.5287037037037037 0.5955729166666667 0.5231481481481481 0.5958333333333333 0.5115740740740741 0.6 0.4986111111111111 0.5997395833333333 0.49444444444444446 0.60390625 0.4861111111111111 0.6091145833333333 0.48009259259259257 0.615234375 0.48055555555555557 0.6213541666666667 0.4777777777777778 0.6286458333333333 0.4675925925925926 0.6302083333333334 0.46296296296296297 0.63125 0.45416666666666666 0.6302083333333334 0.44166666666666665 0.6265625 0.4337962962962963 0.6192708333333333 0.43148148148148147 0.6078125 0.4310185185185185 0.6057291666666667 0.4324074074074074 0.5955729166666667 0.41805555555555557 0.5919270833333333 0.41805555555555557 0.5888020833333333 0.41388888888888886 0.58203125 0.4101851851851852 0.5643229166666667 0.4060185185185185 0.5541666666666667 0.4074074074074074 0.5463541666666667 0.4111111111111111 0.5369791666666667 0.4185185185185185 0.5294270833333333 0.4300925925925926 0.5119791666666667 0.4337962962962963 0.509375 0.43796296296296294
0 0.5973958333333333 0.5152777777777777 0.596875 0.5291666666666667 0.6013020833333333 0.5504629629629629 0.6046875 0.5546296296296296 0.6057291666666667 0.5606481481481481 0.60859375 0.5643518518518519 0.6130208333333333 0.5638888888888889 0.6192708333333333 0.5666666666666667 0.61953125 0.5689814814814815 0.6161458333333333 0.5708333333333333 0.6177083333333333 0.5740740740740741 0.6182291666666667 0.587037037037037 0.6263020833333334 0.6111111111111112 0.63125 0.6171296296296296 0.6473958333333333 0.6305555555555555 0.6611979166666667 0.6324074074074074 0.6747395833333333 0.6310185185185185 0.6864583333333333 0.6194444444444445 0.6934895833333333 0.600925925925926 0.6973958333333333 0.5810185185185185 0.7072916666666667 0.5657407407407408 0.71015625 0.5569444444444445 0.7135416666666666 0.5509259259259259 0.7223958333333333 0.5444444444444444 0.73125 0.5259259259259259 0.73203125 0.5203703703703704 0.73125 0.5106481481481482 0.7283854166666667 0.5046296296296297 0.7244791666666667 0.5 0.7205729166666667 0.4986111111111111 0.7028645833333333 0.5 0.6963541666666667 0.49537037037037035 0.6947916666666667 0.487962962962963 0.69296875 0.48657407407407405 0.68984375 0.4861111111111111 0.67890625 0.4787037037037037 0.6752604166666667 0.48055555555555557 0.6630208333333333 0.4726851851851852 0.6526041666666667 0.4708333333333333 0.6377604166666667 0.4736111111111111 0.6247395833333333 0.4810185185185185 0.621875 0.48564814814814816 0.6166666666666667 0.5023148148148148 0.609375 0.5060185185185185 0.60078125 0.5069444444444444 0.5984375 0.5101851851851852
0 0.6416666666666667 0.43703703703703706 0.640625 0.44166666666666665 0.6416666666666667 0.449537037037037 0.6505208333333333 0.4671296296296296 0.6658854166666667 0.4675925925925926 0.6752604166666667 0.47638888888888886 0.67890625 0.4759259259259259 0.6890625 0.4842592592592593 0.6942708333333333 0.48564814814814816 0.69609375 0.4875 0.6989583333333333 0.4949074074074074 0.70625 0.4981481481481482 0.7236979166666667 0.49675925925925923 0.7299479166666667 0.48703703703703705 0.7372395833333333 0.47962962962962963 0.7421875 0.4699074074074074 0.74765625 0.4666666666666667 0.7549479166666667 0.4564814814814815 0.7565104166666666 0.4527777777777778 0.7578125 0.44351851851851853 0.75625 0.4287037037037037 0.7549479166666667 0.425 0.7515625 0.4212962962962963 0.73359375 0.42083333333333334 0.7299479166666667 0.41759259259259257 0.7291666666666666 0.4111111111111111 0.7276041666666667 0.40925925925925927 0.72421875 0.4111111111111111 0.7203125 0.4101851851851852 0.7122395833333334 0.40555555555555556 0.70703125 0.4 0.6994791666666667 0.4023148148148148 0.69609375 0.399537037037037 0.6924479166666667 0.3990740740740741 0.6763020833333333 0.40185185185185185 0.6671875 0.4074074074074074 0.6635416666666667 0.41064814814814815 0.6565104166666667 0.42453703703703705 0.6510416666666666 0.42962962962962964 0.6473958333333333 0.4287037037037037 0.64375 0.4305555555555556
0 0.7434895833333334 0.512962962962963 0.7432291666666667 0.5222222222222223 0.7484375 0.5393518518518519 0.7489583333333333 0.5453703703703704 0.7552083333333334 0.5601851851851852 0.76015625 0.5810185185185185 0.7638020833333333 0.5902777777777778 0.7760416666666666 0.6060185185185185 0.7859375 0.6157407407407407 0.7901041666666667 0.6152777777777778 0.7971354166666667 0.6189814814814815 0.8111979166666666 0.6212962962962963 0.82265625 0.6180555555555556 0.82890625 0.6129629629629629 0.8328125 0.6069444444444444 0.84453125 0.575462962962963 0.8544270833333333 0.5662037037037037 0.8578125 0.5611111111111111 0.8611979166666667 0.5518518518518518 0.8651041666666667 0.5314814814814814 0.86953125 0.5277777777777778 0.8729166666666667 0.5222222222222223 0.8723958333333334 0.5189814814814815 0.8736979166666666 0.5157407407407407 0.8736979166666666 0.5083333333333333 0.8716145833333333 0.5074074074074074 0.8684895833333334 0.5027777777777778 0.86953125 0.4976851851851852 0.8611979166666667 0.49444444444444446 0.8515625 0.49675925925925923 0.8453125 0.49212962962962964 0.8440104166666667 0.4898148148148148 0.8440104166666667 0.4837962962962963 0.8427083333333333 0.48148148148148145 0.83828125 0.48194444444444445 0.82109375 0.4708333333333333 0.8127604166666667 0.46944444444444444 0.8059895833333334 0.46574074074074073 0.7888020833333333 0.4638888888888889 0.7765625 0.4666666666666667 0.7682291666666666 0.4722222222222222 0.76484375 0.4773148148148148 0.7627604166666667 0.48333333333333334 0.76171875 0.4875 0.7627604166666667 0.49027777777777776 0.7619791666666667 0.49398148148148147 0.75 0.4976851851851852 0.7471354166666667 0.5018518518518519
0 0.7671875 0.42962962962962964 0.7671875 0.4361111111111111 0.7692708333333333 0.44537037037037036 0.7765625 0.4597222222222222 0.77890625 0.462037037037037 0.79140625 0.46064814814814814 0.7932291666666667 0.4587962962962963 0.79921875 0.4597222222222222 0.8140625 0.4685185185185185 0.8223958333333333 0.4708333333333333 0.8278645833333333 0.47638888888888886 0.83203125 0.4759259259259259 0.8348958333333333 0.4787037037037037 0.8385416666666666 0.4777777777777778 0.84453125 0.48009259259259257 0.8583333333333333 0.47824074074074074 0.8640625 0.4740740740740741 0.8734375 0.4583333333333333 0.8783854166666667 0.4537037037037037 0.8822916666666667 0.4462962962962963 0.8841145833333334 0.4398148148148148 0.8833333333333333 0.43194444444444446 0.8791666666666667 0.42453703703703705 0.8776041666666666 0.41805555555555557 0.8708333333333333 0.41435185185185186 0.8580729166666666 0.412962962962963 0.85703125 0.4111111111111111 0.85703125 0.4046296296296296 0.8557291666666667 0.40324074074074073 0.8520833333333333 0.4041666666666667 0.84921875 0.4083333333333333 0.8401041666666667 0.4023148148148148 0.8393229166666667 0.3972222222222222 0.8348958333333333 0.39305555555555555 0.83125 0.39444444444444443 0.8286458333333333 0.39814814814814814 0.8265625 0.39814814814814814 0.8216145833333334 0.3939814814814815 0.8169270833333333 0.39351851851851855 0.8044270833333333 0.39351851851851855 0.7950520833333333 0.39675925925925926 0.7861979166666667 0.4041666666666667 0.7825520833333334 0.41574074074074074 0.7794270833333333 0.4185185185185185 0.77109375 0.4212962962962963 0.7684895833333333 0.425
0 0.8822916666666667 0.5092592592592593 0.8815104166666666 0.5157407407407407 0.8916666666666667 0.5361111111111111 0.88984375 0.5393518518518519 0.88828125 0.5467592592592593 0.8893229166666666 0.55 0.8895833333333333 0.5601851851851852 0.8919270833333334 0.5662037037037037 0.90625 0.5879629629629629 0.9309895833333334 0.6037037037037037 0.9494791666666667 0.6055555555555555 0.9611979166666667 0.6032407407407407 0.9658854166666667 0.5990740740740741 0.9703125 0.5921296296296297 0.97578125 0.5791666666666667 0.98515625 0.5615740740740741 0.9877604166666667 0.5587962962962963 0.9997395833333333 0.5532407407407407 0.9997395833333333 0.500462962962963 0.9981770833333333 0.500462962962963 0.9890625 0.48657407407407405 0.98359375 0.48518518518518516 0.9822916666666667 0.4828703703703704 0.9828125 0.48055555555555557 0.9815104166666667 0.4689814814814815 0.9786458333333333 0.4689814814814815 0.9739583333333334 0.4726851851851852 0.9703125 0.4726851851851852 0.9682291666666667 0.4699074074074074 0.9658854166666667 0.46111111111111114 0.9635416666666666 0.4587962962962963 0.95546875 0.4597222222222222 0.95234375 0.46296296296296297 0.9486979166666667 0.4597222222222222 0.92890625 0.4532407407407407 0.9213541666666667 0.4527777777777778 0.9020833333333333 0.45925925925925926 0.896875 0.4685185185185185 0.8950520833333333 0.47638888888888886 0.8947916666666667 0.48333333333333334 0.8861979166666667 0.49398148148148147
0 0.88515625 0.425 0.8848958333333333 0.43287037037037035 0.8861979166666667 0.4388888888888889 0.8911458333333333 0.4444444444444444 0.8942708333333333 0.4527777777777778 0.89140625 0.4601851851851852 0.8916666666666667 0.46574074074074073 0.89375 0.47129629629629627 0.90234375 0.45787037037037037 0.92109375 0.45092592592592595 0.9466145833333334 0.4583333333333333 0.95234375 0.4615740740740741 0.95703125 0.4587962962962963 0.9625 0.4583333333333333 0.9645833333333333 0.45925925925925926 0.9677083333333333 0.4652777777777778 0.9739583333333334 0.47129629629629627 0.97734375 0.46805555555555556 0.984375 0.4685185185185185 0.9885416666666667 0.4648148148148148 0.9921875 0.4587962962962963 0.9963541666666667 0.44583333333333336 0.9966145833333333 0.43842592592592594 0.9997395833333333 0.4361111111111111 0.9997395833333333 0.4111111111111111 0.9890625 0.4078703703703704 0.98046875 0.4101851851851852 0.9776041666666667 0.4074074074074074 0.9776041666666667 0.3972222222222222 0.9752604166666666 0.3958333333333333 0.97109375 0.3972222222222222 0.9692708333333333 0.4013888888888889 0.9596354166666666 0.4009259259259259 0.959375 0.3972222222222222 0.9609375 0.3902777777777778 0.9598958333333333 0.3875 0.95703125 0.3851851851851852 0.9528645833333333 0.38564814814814813 0.9458333333333333 0.39305555555555555 0.94296875 0.3912037037037037 0.9354166666666667 0.3925925925925926 0.9302083333333333 0.38796296296296295 0.9174479166666667 0.38657407407407407 0.9026041666666667 0.39351851851851855 0.90078125 0.3976851851851852 0.9 0.4050925925925926 0.89140625 0.4078703703703704 0.8880208333333334 0.4115740740740741