1 0.06470520833333333 0.26251944444444447 0.068821875 0.26188333333333336 0.07132760416666667 0.2604509259259259 0.06873229166666667 0.2513824074074074 0.06667395833333334 0.2423138888888889 0.064615625 0.24119999999999997 0.061304166666666667 0.24040462962962963 0.05915625 0.24072222222222223 0.056829687499999997 0.24263148148148145 0.056919270833333334 0.24565462962962964 0.058619270833333334 0.25249629629629633 0.05870885416666667 0.25965555555555553 0.059961979166666665 0.26172407407407405 0.06246770833333334 0.2629972222222222
1 0.13773333333333332 0.23976759259259262 0.14140260416666667 0.23929074074074078 0.14292395833333332 0.23817685185185183 0.14068645833333332 0.23038055555555556 0.1392546875 0.2232212962962963 0.13773333333333332 0.22194814814814814 0.13513802083333332 0.22194814814814814 0.13191614583333333 0.22226666666666667 0.13137916666666666 0.22417592592592595 0.13191614583333333 0.22847129629629628 0.13272135416666667 0.23181296296296297 0.13299010416666668 0.23849537037037036 0.13451145833333333 0.2405638888888889
1 0.21407291666666667 0.2590194444444444 0.21810000000000002 0.2580648148148148 0.21980052083333332 0.25726944444444444 0.219353125 0.2537694444444445 0.2187265625 0.25042777777777775 0.21810000000000002 0.24708703703703702 0.217115625 0.24342777777777777 0.21684739583333332 0.24104074074074075 0.21496770833333334 0.23960925925925927 0.2122828125 0.23945 0.2100453125 0.2400861111111111 0.2093296875 0.24247314814814813 0.20950833333333332 0.24565462962962964 0.21013489583333333 0.24883703703703705 0.21022447916666664 0.25536018518518516 0.21183541666666666 0.2582240740740741
1 0.2536296875 0.23929074074074078 0.2555984375 0.23945 0.25819427083333335 0.23865462962962963 0.2590890625 0.23785833333333334 0.257209375 0.23117685185185186 0.25685156249999996 0.2252898148148148 0.2553302083333333 0.2232212962962963 0.25318229166666667 0.2225851851851852 0.2506765625 0.22306203703703706 0.24996041666666666 0.22576666666666667 0.2504078125 0.2299037037037037 0.24942343749999998 0.23610833333333334 0.2504973958333333 0.23849537037037036
1 0.4353052083333333 0.31995555555555555 0.4384375 0.31884166666666663 0.4403171875 0.31756944444444446 0.4381692708333333 0.3088185185185185 0.43799010416666667 0.30134074074074074 0.4368265625 0.3003861111111111 0.4338734375 0.29990925925925926 0.431278125 0.3007046296296296 0.4306515625 0.30372685185185183 0.43100937500000003 0.30913703703703704 0.43020416666666667 0.31581944444444443 0.43100937500000003 0.3183648148148148 0.433515625 0.3204333333333333
1 0.45177239583333334 0.2927490740740741 0.4546364583333334 0.2922722222222222 0.45642604166666667 0.29083981481481486 0.45678437499999996 0.28813518518518516 0.4553520833333333 0.2835212962962963 0.45508385416666663 0.27731666666666666 0.45445729166666665 0.2750888888888889 0.45025104166666663 0.27445277777777777 0.44890885416666665 0.27636203703703704 0.44890885416666665 0.28320277777777775 0.448103125 0.28765833333333335 0.44917708333333334 0.2914759259259259
1 0.5150458333333333 0.33650277777777776 0.5171041666666667 0.33761574074074074 0.5195203125 0.3372981481481481 0.5210416666666666 0.33666111111111113 0.5212208333333334 0.3314111111111111 0.5212208333333334 0.32775185185185185 0.5219369791666667 0.3229787037037037 0.5219369791666667 0.3205925925925926 0.5209526041666667 0.3183648148148148 0.5191625 0.3172509259259259 0.516925 0.3172509259259259 0.5153140625 0.3182055555555555 0.5145984375 0.3252064814814815 0.5129875 0.32870648148148146 0.5125395833333334 0.33125185185185185 0.5135244791666667 0.3345935185185185
1 0.5101234375 0.3800962962962963 0.5121817708333334 0.3812101851851852 0.5150458333333333 0.3804148148148148 0.5172828125 0.3783462962962963 0.5180885416666666 0.37516481481481484 0.5176411458333333 0.3681638888888889 0.518178125 0.3606861111111111 0.51719375 0.3586175925925926 0.5151354166666666 0.35607222222222223 0.5129875 0.3557537037037037 0.5108395833333333 0.3575037037037037 0.5102130208333333 0.36164074074074076 0.5098546875000001 0.3653 0.5077072916666666 0.3713462962962963 0.507259375 0.37500555555555554 0.5084229166666667 0.37802870370370373
1 0.6093739583333334 0.398075 0.6118796875 0.3990296296296296 0.6149223958333334 0.398712037037037 0.6161755208333334 0.39759814814814814 0.6159963541666666 0.3885287037037037 0.6171598958333333 0.38407407407407407 0.6175177083333333 0.3815287037037037 0.6168911458333334 0.3778694444444444 0.6146541666666666 0.3754824074074074 0.6120588541666667 0.37532314814814816 0.6097317708333333 0.37596018518518515 0.6091052083333334 0.3797787037037037 0.6083890625 0.38296018518518515 0.6064203125 0.388687962962963 0.6051677083333333 0.3920296296296296 0.6064203125 0.39473425925925926
0 0.0046875 0.2324074074074074 0.003125 0.23981481481481481 0 0.24259259259259258 0 0.2777777777777778 0.015625 0.27870370370370373 0.024479166666666666 0.26666666666666666 0.0546875 0.25833333333333336 0.05572916666666667 0.25555555555555554 0.051041666666666666 0.25092592592592594 0.0265625 0.25 0.021875 0.24537037037037038 0.011458333333333333 0.24166666666666667 0.008333333333333333 0.2324074074074074
2 0.005056770833333333 0.24864814814814817 0.0040171875 0.23551203703703705 0.0041328125 0.23161203703703703 0.006557812499999999 0.23120185185185185 0.009790624999999999 0.23202314814814815 0.0109453125 0.23859074074074074 0.011984895833333334 0.24844259259259258 0.010483854166666667 0.25172685185185184 0.006672916666666666 0.2513166666666667
2 0.09120989583333333 0.2543175925925926 0.09177343750000001 0.2658888888888889 0.092928125 0.2712259259259259 0.095353125 0.27040462962962963 0.09823958333333334 0.26855740740740736 0.09743125000000001 0.2591157407407408 0.09662291666666666 0.25398425925925927 0.09500625 0.25254814814814813 0.09281249999999999 0.25234259259259256
2 0.1576479166666667 0.24505833333333335 0.15712656249999998 0.23276018518518518 0.15781927083333333 0.22947592592592592 0.16105260416666667 0.23009166666666667 0.16255364583333334 0.2346074074074074 0.162784375 0.24815370370370368 0.15978229166666666 0.2491796296296296
2 0.23285104166666667 0.24912407407407405 0.23275833333333334 0.26170000000000004 0.234375 0.2658055555555556 0.23691510416666667 0.26416296296296293 0.2376078125 0.2596472222222222 0.2374921875 0.2491796296296296 0.23564479166666666 0.24733240740740745 0.23414374999999998 0.24733240740740745
2 0.26956302083333333 0.23218611111111112 0.26924635416666665 0.23953333333333335 0.26924635416666665 0.24384351851851852 0.27063177083333334 0.24753796296296296 0.27294114583333334 0.24589537037037038 0.2732875 0.2360435185185185 0.2731723958333333 0.23276018518518518 0.2716708333333333 0.23091203703703703
2 0.444740625 0.33584444444444445 0.4468609375 0.3359824074074074 0.4482463541666667 0.3320824074074074 0.4492859375 0.3214092592592593 0.4491703125 0.3189462962962963 0.4472072916666667 0.31709907407407406 0.44535989583333335 0.31771481481481484 0.44374322916666664 0.3296194444444444 0.44374322916666664 0.33392962962962963
2 0.4608734375 0.29 0.45933125 0.2980111111111111 0.459678125 0.3033472222222222 0.46175625 0.3045787037037037 0.46371927083333336 0.3027314814814815 0.46487395833333334 0.2947268518518519 0.46464322916666667 0.29123796296296295 0.4629109375 0.28918518518518516
2 0.5292171875 0.33584444444444445 0.5275734375 0.34665555555555555 0.5272270833333333 0.3497342592592593 0.5279197916666667 0.3515814814814815 0.5306911458333333 0.3509657407407408 0.5319609375 0.3468601851851852 0.533346875 0.33865092592592594 0.5328848958333333 0.33495555555555556 0.53080625 0.3345453703703704
2 0.5285817708333334 0.3794305555555556 0.5260723958333333 0.3918101851851852 0.5260723958333333 0.39509444444444447 0.5271114583333333 0.39735185185185184 0.5305755208333334 0.397762962962963 0.5324229166666666 0.3889370370370371 0.533346875 0.3821638888888889 0.530921875 0.37846944444444447
2 0.6295302083333334 0.39970277777777774 0.62618125 0.41325 0.6269895833333333 0.4173546296296296 0.6305692708333334 0.42022777777777776 0.6338020833333334 0.4072972222222222 0.6344953125 0.40237129629629625 0.6326479166666666 0.39949814814814816 0.630915625 0.39888240740740744
0 0.5463541666666667 0.8490740740740741 0.540625 0.8638888888888889 0.5375 0.8851851851851852 0.5291666666666667 0.8851851851851852 0.525 0.8898148148148148 0.5265625 0.9111111111111111 0.5307291666666667 0.9194444444444444 0.540625 0.9287037037037037 0.5447916666666667 0.950925925925926 0.55625 0.9777777777777777 0.5713541666666667 0.9879629629629629 0.5869791666666667 0.9861111111111112 0.5932291666666667 0.9740740740740741 0.6015625 0.9666666666666667 0.6083333333333333 0.9546296296296296 0.6098958333333333 0.95 0.6088541666666667 0.9416666666666667 0.5552083333333333 0.8518518518518519 0.55 0.8462962962962963
0 0.8484375 0.6018518518518519 0.8479166666666667 0.6092592592592593 0.8505208333333333 0.6240740740740741 0.8625 0.6435185185185185 0.8666666666666667 0.6453703703703704 0.884375 0.6675925925925926 0.8895833333333333 0.6805555555555556 0.8932291666666666 0.7027777777777777 0.8973958333333333 0.7129629629629629 0.9010416666666666 0.7166666666666667 0.9119791666666667 0.7157407407407408 0.9161458333333333 0.7222222222222222 0.9333333333333333 0.7240740740740741 0.9463541666666667 0.7379629629629629 0.9442708333333333 0.7398148148148148 0.9447916666666667 0.7490740740740741 0.9385416666666667 0.7675925925925926 0.9322916666666666 0.774074074074074 0.9255208333333333 0.7722222222222223 0.921875 0.775 0.903125 0.7759259259259259 0.9015625 0.7824074074074074 0.9036458333333334 0.7870370370370371 0.9302083333333333 0.8111111111111111 0.9458333333333333 0.8203703703703704 0.9458333333333333 0.8240740740740741 0.9703125 0.8351851851851851 0.9859375 0.8361111111111111 0.9921875 0.8453703703703703 0.9947916666666666 0.8592592592592593 0.9994791666666667 0.8629629629629629 0.9994791666666667 0.6592592592592592 0.9645833333333333 0.6333333333333333 0.9369791666666667 0.6185185185185185 0.9052083333333333 0.6111111111111112 0.8796875 0.6222222222222222 0.8692708333333333 0.6138888888888889 0.8671875 0.6055555555555555 0.8578125 0.5916666666666667 0.8526041666666667 0.5916666666666667
0 0.7119791666666667 0.5712962962962963 0.7119791666666667 0.5888888888888889 0.7177083333333333 0.6083333333333333 0.7234375 0.6138888888888889 0.7255208333333333 0.6194444444444445 0.7432291666666667 0.6361111111111111 0.7369791666666666 0.6564814814814814 0.7328125 0.6814814814814815 0.7338541666666667 0.712037037037037 0.74375 0.7361111111111112 0.7557291666666667 0.7583333333333333 0.7828125 0.7861111111111111 0.8104166666666667 0.8 0.8338541666666667 0.799074074074074 0.8479166666666667 0.7833333333333333 0.8614583333333333 0.7518518518518519 0.8661458333333333 0.7453703703703703 0.8833333333333333 0.7583333333333333 0.8916666666666667 0.7694444444444445 0.9036458333333334 0.775 0.9348958333333334 0.7685185185185185 0.9416666666666667 0.7574074074074074 0.9427083333333334 0.737037037037037 0.9395833333333333 0.7305555555555555 0.9078125 0.7166666666666667 0.9010416666666666 0.7203703703703703 0.8932291666666666 0.7138888888888889 0.8895833333333333 0.6990740740740741 0.8895833333333333 0.687962962962963 0.884375 0.674074074074074 0.8671875 0.6462962962962963 0.8354166666666667 0.6157407407407407 0.809375 0.5953703703703703 0.784375 0.5824074074074074 0.7671875 0.5814814814814815 0.7484375 0.5898148148148148 0.7359375 0.5888888888888889 0.7291666666666666 0.5666666666666667 0.721875 0.5592592592592592 0.7166666666666667 0.562037037037037
0 0.6697916666666667 0.4777777777777778 0.6703125 0.49166666666666664 0.6744791666666666 0.5037037037037037 0.6817708333333333 0.5157407407407407 0.6901041666666666 0.5212962962962963 0.690625 0.537962962962963 0.6979166666666666 0.5462962962962963 0.6979166666666666 0.5527777777777778 0.6880208333333333 0.5666666666666667 0.6890625 0.5805555555555556 0.6979166666666666 0.600925925925926 0.7041666666666667 0.6046296296296296 0.7098958333333333 0.6148148148148148 0.7208333333333333 0.6203703703703703 0.725 0.6138888888888889 0.7239583333333334 0.6064814814814815 0.7208333333333333 0.6111111111111112 0.7171875 0.6083333333333333 0.7109375 0.5861111111111111 0.7119791666666667 0.5675925925925925 0.7197916666666667 0.5574074074074075 0.725 0.5601851851851852 0.7317708333333334 0.5722222222222222 0.7369791666666666 0.5879629629629629 0.7484375 0.5888888888888889 0.759375 0.5824074074074074 0.7796875 0.5777777777777777 0.790625 0.5814814814814815 0.8 0.5888888888888889 0.8114583333333333 0.5916666666666667 0.8223958333333333 0.5861111111111111 0.8270833333333333 0.5777777777777777 0.8270833333333333 0.5675925925925925 0.825 0.5638888888888889 0.8177083333333334 0.5611111111111111 0.8046875 0.562962962962963 0.7984375 0.5583333333333333 0.7932291666666667 0.5361111111111111 0.7864583333333334 0.5231481481481481 0.7703125 0.5055555555555555 0.7510416666666667 0.49074074074074076 0.7239583333333334 0.47962962962962963 0.7046875 0.47962962962962963 0.6958333333333333 0.4888888888888889 0.69375 0.4861111111111111 0.6890625 0.48703703703703705 0.6828125 0.47129629629629627 0.6791666666666667 0.4675925925925926 0.6723958333333333 0.4703703703703704
0 0.5619791666666667 0.4564814814814815 0.5614583333333333 0.4638888888888889 0.5640625 0.47685185185185186 0.5776041666666667 0.5111111111111111 0.5744791666666667 0.5416666666666666 0.575 0.5638888888888889 0.5848958333333333 0.5879629629629629 0.6 0.6046296296296296 0.6109375 0.6092592592592593 0.6375 0.6092592592592593 0.6515625 0.5888888888888889 0.6578125 0.5712962962962963 0.6671875 0.5740740740740741 0.675 0.5722222222222222 0.6859375 0.5657407407407408 0.6958333333333333 0.5527777777777778 0.6963541666666667 0.5453703703703704 0.6947916666666667 0.5425925925925926 0.6791666666666667 0.5361111111111111 0.675 0.5370370370370371 0.6734375 0.5342592592592592 0.6723958333333333 0.5148148148148148 0.6671875 0.5 0.6588541666666666 0.4842592592592593 0.6505208333333333 0.47685185185185186 0.6270833333333333 0.4638888888888889 0.6104166666666667 0.4601851851851852 0.6005208333333333 0.45925925925925926 0.5833333333333334 0.4638888888888889 0.5723958333333333 0.44907407407407407 0.5661458333333333 0.44907407407407407
0 0.5572916666666666 0.3925925925925926 0.5567708333333333 0.4 0.5604166666666667 0.41759259259259257 0.5682291666666667 0.4287037037037037 0.5697916666666667 0.4462962962962963 0.5791666666666667 0.45740740740740743 0.5807291666666666 0.4666666666666667 0.5911458333333334 0.4601851851851852 0.6083333333333333 0.45925925925925926 0.6473958333333333 0.4722222222222222 0.6598958333333333 0.46296296296296297 0.6625 0.45740740740740743 0.6630208333333333 0.4444444444444444 0.6614583333333334 0.44074074074074077 0.6489583333333333 0.43333333333333335 0.646875 0.4212962962962963 0.6375 0.40370370370370373 0.6234375 0.39351851851851855 0.61875 0.39444444444444443 0.6161458333333333 0.38796296296296295 0.6161458333333333 0.3787037037037037 0.6140625 0.37592592592592594 0.6104166666666667 0.3768518518518518 0.6057291666666667 0.38796296296296295 0.5994791666666667 0.3851851851851852 0.58125 0.387037037037037 0.5744791666666667 0.3787037037037037 0.5630208333333333 0.37962962962962965 0.5598958333333334 0.3814814814814815
0 0.46927083333333336 0.36666666666666664 0.46822916666666664 0.37962962962962965 0.4708333333333333 0.387037037037037 0.4708333333333333 0.40370370370370373 0.47604166666666664 0.4203703703703704 0.47604166666666664 0.4638888888888889 0.4796875 0.4740740740740741 0.48854166666666665 0.48518518518518516 0.5020833333333333 0.4935185185185185 0.5255208333333333 0.4935185185185185 0.5328125 0.48703703703703705 0.5354166666666667 0.48148148148148145 0.5375 0.4564814814814815 0.5505208333333333 0.45092592592592595 0.5598958333333334 0.4398148148148148 0.5598958333333334 0.4212962962962963 0.5505208333333333 0.4074074074074074 0.5447916666666667 0.387037037037037 0.5333333333333333 0.37777777777777777 0.51875 0.37592592592592594 0.515625 0.3574074074074074 0.5119791666666667 0.3574074074074074 0.50625 0.3685185185185185 0.48802083333333335 0.36666666666666664 0.48125 0.3592592592592593 0.4708333333333333 0.36203703703703705
0 0.4828125 0.3277777777777778 0.48489583333333336 0.3333333333333333 0.4817708333333333 0.3398148148148148 0.4817708333333333 0.35555555555555557 0.4869791666666667 0.36574074074074076 0.5052083333333334 0.36944444444444446 0.5078125 0.3675925925925926 0.5114583333333333 0.35833333333333334 0.515625 0.35833333333333334 0.51875 0.3768518518518518 0.5317708333333333 0.3768518518518518 0.55 0.39444444444444443 0.5541666666666667 0.3851851851851852 0.5536458333333333 0.36944444444444446 0.5489583333333333 0.36203703703703705 0.546875 0.35185185185185186 0.5401041666666667 0.34074074074074073 0.5229166666666667 0.33240740740740743 0.5208333333333334 0.32037037037037036 0.51875 0.3175925925925926 0.515625 0.3194444444444444 0.5125 0.3287037037037037 0.5010416666666667 0.3287037037037037 0.4866317708333333 0.32407407407407407 0.48489583333333336 0.33240740740740743 0.48385416666666664 0.32407407407407407
0 0.4015625 0.3212962962962963 0.4 0.3398148148148148 0.4046875 0.3592592592592593 0.40572916666666664 0.3888888888888889 0.409375 0.40185185185185185 0.4171875 0.4101851851851852 0.43385416666666665 0.4148148148148148 0.44583333333333336 0.4148148148148148 0.4552083333333333 0.4046296296296296 0.4583333333333333 0.39537037037037037 0.4578125 0.3814814814814815 0.4640625 0.37592592592592594 0.46875 0.35462962962962963 0.4630208333333333 0.3296296296296296 0.459375 0.325 0.4510416666666667 0.32685185185185184 0.44895833333333335 0.3194444444444444 0.4390625 0.3175925925925926 0.43697916666666664 0.3074074074074074 0.4322916666666667 0.30648148148148147 0.43697916666666664 0.30277777777777776 0.4354166666666667 0.3 0.4317708333333333 0.3037037037037037 0.43020833333333336 0.3148148148148148 0.4078125 0.3101851851851852 0.4078125 0.31296296296296294
0 0.4203125 0.30185185185185187 0.4197916666666667 0.3074074074074074 0.42135416666666664 0.3101851851851852 0.42864583333333334 0.31296296296296294 0.43072916666666666 0.3101851851851852 0.43020833333333336 0.3074074074074074 0.4354166666666667 0.30092592592592593 0.43802083333333336 0.30648148148148147 0.4390625 0.31666666666666665 0.44947916666666665 0.31851851851851853 0.45260416666666664 0.325 0.45989583333333334 0.32314814814814813 0.4671875 0.3351851851851852 0.47291666666666665 0.33796296296296297 0.475 0.337037037037037 0.47552083333333334 0.33240740740740743 0.4796875 0.33796296296296297 0.48125 0.3351851851851852 0.47760416666666666 0.3287037037037037 0.4828125 0.3212962962962963 0.48125 0.31574074074074077 0.4666666666666667 0.3074074074074074 0.4630208333333333 0.29074074074074074 0.4552083333333333 0.28888888888888886 0.453125 0.275 0.44947916666666665 0.2777777777777778 0.44583333333333336 0.287962962962963 0.43333333333333335 0.2824074074074074 0.425 0.2833333333333333 0.4234375 0.2861111111111111 0.4234375 0.2953703703703704
0 0.23125 0.24074074074074073 0.22916666666666666 0.24444444444444444 0.2296875 0.24722222222222223 0.23645833333333333 0.2490740740740741 0.240625 0.25833333333333336 0.24427083333333333 0.2574074074074074 0.2484375 0.262037037037037 0.2625 0.262037037037037 0.2682291666666667 0.26851851851851855 0.26927083333333335 0.2796296296296296 0.2671875 0.287962962962963 0.253125 0.3 0.25364583333333335 0.31296296296296294 0.26145833333333335 0.32037037037037036 0.271875 0.31574074074074077 0.28072916666666664 0.3074074074074074 0.2828125 0.287962962962963 0.28072916666666664 0.275 0.2828125 0.2722222222222222 0.29375 0.2722222222222222 0.296875 0.26851851851851855 0.2994791666666667 0.25833333333333336 0.29635416666666664 0.2462962962962963 0.2755208333333333 0.2462962962962963 0.27239583333333334 0.23333333333333334 0.2640625 0.23981481481481481 0.25885416666666666 0.2361111111111111 0.2552083333333333 0.22407407407407406 0.2515625 0.22407407407407406 0.25104166666666666 0.23333333333333334 0.24895833333333334 0.23703703703703705
0 0.15833333333333333 0.275 0.15885416666666666 0.2833333333333333 0.16510416666666666 0.29259259259259257 0.178125 0.30185185185185187 0.18802083333333333 0.30277777777777776 0.18958333333333333 0.3055555555555556 0.1921875 0.33055555555555555 0.19479166666666667 0.337037037037037 0.2 0.34444444444444444 0.21145833333333333 0.35 0.234375 0.35 0.25 0.337037037037037 0.2515625 0.32592592592592595 0.25 0.3 0.25104166666666666 0.2953703703703704 0.26197916666666665 0.29259259259259257 0.26614583333333336 0.287962962962963 0.26875 0.2796296296296296 0.26875 0.2722222222222222 0.2630208333333333 0.2638888888888889 0.25364583333333335 0.262037037037037 0.24791666666666667 0.26481481481481484 0.24479166666666666 0.2611111111111111 0.24114583333333334 0.262037037037037 0.23802083333333332 0.25925925925925924 0.23489583333333333 0.25092592592592594 0.22395833333333334 0.25277777777777777 0.2203125 0.2564814814814815 0.2140625 0.24074074074074073 0.21145833333333333 0.24351851851851852 0.209375 0.25555555555555554 0.1875 0.25925925925925924 0.17708333333333334 0.26944444444444443 0.16354166666666667 0.27037037037037037
0 0.0807578125 0.24833425925925928 0.07526145833333334 0.24963703703703705 0.07617760416666666 0.2590787037037037 0.09211614583333333 0.26038055555555556 0.0904671875 0.25224166666666664 0.09468072916666667 0.25224166666666664 0.0972453125 0.2554972222222222 0.09761197916666667 0.2610324074074074 0.10885416666666667 0.26481481481481484 0.12760416666666666 0.26481481481481484 0.13697916666666668 0.26851851851851855 0.1421875 0.2777777777777778 0.14270833333333333 0.28888888888888886 0.1328125 0.30648148148148147 0.12604166666666666 0.3101851851851852 0.12864583333333332 0.3101851851851852 0.125 0.31851851851851853 0.12760416666666666 0.32037037037037036 0.12916666666666668 0.3277777777777778 0.13333333333333333 0.33055555555555555 0.15104166666666666 0.33055555555555555 0.15364583333333334 0.3333333333333333 0.17864583333333334 0.32407407407407407 0.17552083333333332 0.3212962962962963 0.178125 0.31666666666666665 0.17604166666666668 0.30462962962962964 0.15963541666666667 0.2870787037037037 0.15780364583333334 0.2714509259259259 0.17117708333333334 0.26917129629629627 0.17960416666666665 0.2649388888888889 0.18473385416666668 0.2590787037037037 0.19590885416666665 0.257125 0.19609218750000001 0.2512648148148148 0.19261145833333335 0.2480092592592593 0.18455052083333331 0.24833425925925928 0.18072916666666666 0.24814814814814815 0.17916666666666667 0.25 0.17777239583333332 0.24996203703703704 0.175 0.24814814814814815 0.1640625 0.24166666666666667 0.1609375 0.23333333333333334 0.1578125 0.23148148148148148 0.15520833333333334 0.23981481481481481 0.14375 0.23796296296296296 0.13645833333333332 0.2222222222222222 0.13229166666666667 0.22407407407407406 0.13020833333333334 0.23703703703703705 0.10364583333333334 0.24351851851851852 0.09816145833333333 0.2506138888888889 0.09083333333333334 0.24312499999999998 0.08552083333333332 0.2424740740740741
0 0 0.3148148148148148 0 0.3509259259259259 0.008333333333333333 0.3509259259259259 0.023958333333333335 0.3453703703703704 0.030729166666666665 0.33611111111111114 0.029166666666666667 0.3212962962962963 0.027083333333333334 0.31851851851851853 0.0078125 0.31851851851851853 0.0020833333333333333 0.3148148148148148
0 0.059895833333333336 0.24259259259259258 0.05520833333333333 0.25925925925925924 0.03125 0.2638888888888889 0.021875 0.26944444444444443 0.015625 0.27870370370370373 0.0067708333333333336 0.2777777777777778 0 0.28055555555555556 0 0.31296296296296294 0.008333333333333333 0.3175925925925926 0.026041666666666668 0.3148148148148148 0.03125 0.32407407407407407 0.0390625 0.35462962962962963 0.04479166666666667 0.362962962962963 0.050520833333333334 0.36666666666666664 0.0671875 0.3712962962962963 0.09583333333333334 0.36944444444444446 0.10625 0.3611111111111111 0.11302083333333333 0.3592592592592593 0.11979166666666667 0.34814814814814815 0.12135416666666667 0.33796296296296297 0.1171875 0.3277777777777778 0.11875 0.32314814814814813 0.11354166666666667 0.31666666666666665 0.11614583333333334 0.3101851851851852 0.13177083333333334 0.30462962962962964 0.14010416666666667 0.29444444444444445 0.14166666666666666 0.28888888888888886 0.14114583333333333 0.27685185185185185 0.13541666666666666 0.26851851851851855 0.11197916666666667 0.26851851851851855 0.09583333333333334 0.2601851851851852 0.07083333333333333 0.2601851851851852 0.06510416666666667 0.24351851851851852
0 0.5291666666666667 0.8092592592592592 0.5265625 0.8305555555555556 0.5270833333333333 0.8481481481481481 0.5291666666666667 0.8518518518518519 0.5338541666666666 0.8490740740740741 0.534375 0.8453703703703703 0.540625 0.837037037037037 0.5385416666666667 0.825 0.5307291666666667 0.812037037037037
0 0.49114583333333334 0.7509259259259259 0.48802083333333335 0.7592592592592593 0.478125 0.7731481481481481 0.47760416666666666 0.7796296296296297 0.4864583333333333 0.8027777777777778 0.4864583333333333 0.8333333333333334 0.4953125 0.8407407407407408 0.4947916666666667 0.8481481481481481 0.5020833333333333 0.8537037037037037 0.5052083333333334 0.85 0.50625 0.8388888888888889 0.5088541666666667 0.8324074074074074 0.5098958333333333 0.812962962962963 0.5125 0.8018518518518518 0.5130208333333334 0.7787037037037037 0.49166666666666664 0.7509259259259259
0 0.44947916666666665 0.687037037037037 0.44635416666666666 0.6888888888888889 0.44375 0.7018518518518518 0.44479166666666664 0.7129629629629629 0.4359375 0.7240740740740741 0.43333333333333335 0.7305555555555555 0.4328125 0.7472222222222222 0.4354166666666667 0.7537037037037037 0.446875 0.7638888888888888 0.4546875 0.7759259259259259 0.46041666666666664 0.7787037037037037 0.4744791666666667 0.7768518518518519 0.48489583333333336 0.7611111111111111 0.48802083333333335 0.7518518518518519 0.48802083333333335 0.7398148148148148 0.46770833333333334 0.7046296296296296 0.453125 0.687037037037037
0 0.4161458333333333 0.6287037037037037 0.4088541666666667 0.6388888888888888 0.39947916666666666 0.6416666666666667 0.39427083333333335 0.6472222222222223 0.3958333333333333 0.6611111111111111 0.4036458333333333 0.6712962962962963 0.3984375 0.6842592592592592 0.4 0.6888888888888889 0.4119791666666667 0.7 0.41354166666666664 0.7064814814814815 0.4192708333333333 0.7138888888888889 0.4354166666666667 0.7203703703703703 0.440625 0.7129629629629629 0.44114583333333335 0.6990740740740741 0.4473958333333333 0.6796296296296296 0.4427083333333333 0.6666666666666666 0.41822916666666665 0.6287037037037037
0 0.3828125 0.5722222222222222 0.37864583333333335 0.5805555555555556 0.378125 0.5953703703703703 0.3697916666666667 0.6046296296296296 0.36875 0.6092592592592593 0.37916666666666665 0.6305555555555555 0.3885416666666667 0.6435185185185185 0.390625 0.6509259259259259 0.3953125 0.6435185185185185 0.40989583333333335 0.637962962962963 0.4140625 0.625 0.4119791666666667 0.6175925925925926 0.3963541666666667 0.5888888888888889 0.39427083333333335 0.5787037037037037 0.3875 0.5722222222222222