1 0.05173125 0.7214824074074074 0.054486979166666664 0.7212592592592593 0.05761822916666667 0.7192555555555556 0.06550937500000001 0.7192555555555556 0.07014427083333333 0.7127972222222222 0.07089583333333334 0.7061175925925925 0.06876614583333333 0.7007731481481482 0.06575989583333333 0.696987037037037 0.0630046875 0.6960962962962963 0.06062447916666667 0.6972101851851852 0.05761822916666667 0.703 0.050604166666666665 0.7067851851851852 0.0478484375 0.7094574074074075 0.046971354166666666 0.713687962962963 0.04734739583333333 0.7183648148148147 0.048975520833333334 0.721037037037037
1 0.12788750000000002 0.8646648148148148 0.1285140625 0.8608796296296296 0.13064322916666668 0.8570944444444445 0.13440104166666667 0.8533083333333333 0.138409375 0.8448462962962963 0.14103958333333333 0.8441787037037036 0.14341979166666666 0.8439555555555556 0.14529843750000002 0.8448462962962963 0.14705208333333333 0.8475185185185186 0.14868020833333334 0.8530861111111111 0.14780364583333333 0.8579851851851852 0.14492291666666668 0.8606574074074074 0.14166614583333334 0.8617703703703704 0.13815885416666665 0.8675601851851852 0.13402552083333333 0.8715685185185185 0.13227187499999998 0.8717907407407407 0.13076875 0.8713453703703704 0.12901510416666667 0.8697870370370371 0.12801302083333332 0.8675601851851852
2 0.12604374999999998 0.844037962962963 0.12751927083333334 0.849987037037037 0.126 0.8543083333333333 0.11050104166666667 0.8645722222222223 0.10852604166666667 0.8626814814814815 0.108221875 0.8583601851851852 0.1100453125 0.8534981481481482 0.12144166666666667 0.8453953703703704 0.12326510416666667 0.8426944444444444
2 0.027917708333333333 0.7073333333333333 0.0406046875 0.7017046296296297 0.043492187499999994 0.7025148148148148 0.04470729166666666 0.7065657407407407 0.042580208333333334 0.7111574074074074 0.030272395833333333 0.7162898148148148 0.028296875 0.7162898148148148 0.027385416666666666 0.7119675925925926
0 0.6760416666666667 0.8027777777777778 0.6760416666666667 0.8240740740740741 0.6817708333333333 0.8416666666666667 0.6916666666666667 0.8416666666666667 0.7041666666666667 0.8564814814814815 0.715625 0.8796296296296297 0.7328125 0.8888888888888888 0.7515625 0.8842592592592593 0.7645833333333333 0.8731481481481481 0.7723958333333333 0.8611111111111112 0.7770833333333333 0.8453703703703703 0.7786458333333334 0.8296296296296296 0.7877604166666666 0.825 0.8 0.825 0.8036458333333333 0.812037037037037 0.8010416666666667 0.7972222222222223 0.7963541666666667 0.7898148148148149 0.7744791666666667 0.7777777777777778 0.76875 0.7620370370370371 0.7557291666666667 0.7444444444444445 0.7125 0.7305555555555555 0.6953125 0.7444444444444445 0.6895833333333333 0.7583333333333333 0.6833333333333333 0.7944444444444444
0 0.6078125 0.6666666666666666 0.6072916666666667 0.6861111111111111 0.609375 0.6953703703703704 0.6276041666666666 0.700925925925926 0.6364583333333333 0.7305555555555555 0.6416666666666667 0.7388888888888889 0.6505208333333333 0.7481481481481481 0.6677083333333333 0.7555555555555555 0.6802083333333333 0.7537037037037037 0.6932291666666667 0.7444444444444445 0.7041666666666667 0.7277777777777777 0.7104166666666667 0.7027777777777777 0.7190104166666667 0.6972222222222222 0.7317708333333334 0.6972222222222222 0.7354166666666667 0.687037037037037 0.734375 0.6675925925925926 0.7239583333333334 0.6574074074074074 0.7203125 0.6601851851851852 0.7098958333333333 0.6546296296296297 0.7 0.625 0.6869791666666667 0.6101851851851852 0.6755208333333333 0.6046296296296296 0.6484375 0.6083333333333333 0.6390625 0.6148148148148148 0.6286458333333333 0.6333333333333333 0.6244791666666667 0.6481481481481481 0.6125 0.6583333333333333
0 0.5354166666666667 0.8111111111111111 0.5328125 0.8277777777777777 0.5359375 0.8398148148148148 0.540625 0.8435185185185186 0.5489583333333333 0.8388888888888889 0.5578125 0.8462962962962963 0.5625 0.8638888888888889 0.5739583333333333 0.8833333333333333 0.59375 0.8962962962962963 0.6052083333333333 0.8944444444444445 0.6239583333333333 0.8787037037037037 0.6348958333333333 0.8574074074074074 0.6395833333333333 0.8342592592592593 0.6494791666666667 0.8296296296296296 0.6598958333333333 0.8314814814814815 0.6630208333333333 0.8212962962962963 0.6619791666666667 0.8046296296296296 0.6572916666666667 0.7935185185185185 0.6354166666666666 0.7842592592592592 0.63125 0.7712962962962963 0.6182291666666667 0.7518518518518519 0.5854166666666667 0.7296296296296296 0.5744791666666667 0.7324074074074074 0.565625 0.7444444444444445 0.5598958333333334 0.7583333333333333 0.559375 0.7777777777777778 0.5557291666666667 0.7972222222222223 0.5411458333333333 0.8
0 0.4640625 0.6675925925925926 0.4635416666666667 0.6851851851851852 0.4666666666666667 0.6944444444444444 0.48072916666666665 0.6935185185185185 0.4869791666666667 0.6990740740740741 0.49270833333333336 0.7212962962962963 0.5036458333333333 0.7398148148148148 0.5119791666666667 0.7481481481481481 0.5239583333333333 0.7527777777777778 0.5333333333333333 0.7527777777777778 0.5479166666666667 0.7453703703703703 0.565625 0.7148148148148148 0.5697916666666667 0.6953703703703704 0.5880208333333333 0.6944444444444444 0.5921875 0.6898148148148148 0.5927083333333333 0.6842592592592592 0.5921875 0.6675925925925926 0.5890625 0.6592592592592592 0.5817708333333333 0.6546296296296297 0.5739583333333333 0.6555555555555556 0.5677083333333334 0.65 0.5640625 0.6342592592592593 0.5536458333333333 0.6138888888888889 0.5416666666666666 0.6037037037037037 0.5302083333333333 0.6 0.5161458333333333 0.6027777777777777 0.5036458333333333 0.6129629629629629 0.49270833333333336 0.6314814814814815 0.4875 0.6518518518518519 0.46979166666666666 0.6564814814814814
0 0.39010416666666664 0.8203703703703704 0.38958333333333334 0.8351851851851851 0.39375 0.8481481481481481 0.39947916666666666 0.8481481481481481 0.40729166666666666 0.8379629629629629 0.4109375 0.8407407407407408 0.4171875 0.8657407407407407 0.4234375 0.8768518518518519 0.4375 0.8935185185185185 0.44895833333333335 0.9 0.4625 0.8981481481481481 0.47552083333333334 0.8888888888888888 0.49166666666666664 0.8629629629629629 0.4953125 0.8481481481481481 0.5072916666666667 0.8314814814814815 0.5104166666666666 0.837037037037037 0.515625 0.8379629629629629 0.5192708333333333 0.8277777777777777 0.51875 0.812037037037037 0.515625 0.8 0.5067708333333333 0.7925925925925926 0.4942708333333333 0.7898148148148149 0.47760416666666666 0.7509259259259259 0.4671875 0.737037037037037 0.45729166666666665 0.7324074074074074 0.45260416666666664 0.7333333333333333 0.4270833333333333 0.762962962962963 0.4166666666666667 0.7833333333333333 0.41302083333333334 0.8009259259259259 0.3984375 0.8037037037037037
0 0.3151041666666667 0.6722222222222223 0.3145833333333333 0.6925925925925925 0.3171875 0.7027777777777777 0.3380208333333333 0.7046296296296296 0.34427083333333336 0.7287037037037037 0.35052083333333334 0.7398148148148148 0.3640625 0.7564814814814815 0.3770833333333333 0.7620370370370371 0.39166666666666666 0.7592592592592593 0.403125 0.7518518518518519 0.4166666666666667 0.7296296296296296 0.42291666666666666 0.7074074074074074 0.43307291666666664 0.700925925925926 0.4427083333333333 0.7018518518518518 0.44583333333333336 0.6916666666666667 0.44583333333333336 0.6777777777777778 0.4427083333333333 0.6666666666666666 0.4239583333333333 0.6601851851851852 0.4161458333333333 0.6333333333333333 0.409375 0.6222222222222222 0.4005208333333333 0.6129629629629629 0.38697916666666665 0.6074074074074074 0.37552083333333336 0.6074074074074074 0.3609375 0.6148148148148148 0.346875 0.6333333333333333 0.33958333333333335 0.6611111111111111 0.32447916666666665 0.662962962962963
0 0.17135416666666667 0.6824074074074075 0.16822916666666668 0.6888888888888889 0.17083333333333334 0.7101851851851851 0.175 0.7129629629629629 0.18645833333333334 0.7101851851851851 0.19635416666666666 0.7379629629629629 0.20260416666666667 0.7481481481481481 0.21302083333333333 0.7620370370370371 0.22760416666666666 0.7712962962962963 0.24635416666666668 0.7712962962962963 0.25885416666666666 0.762962962962963 0.2734375 0.7407407407407407 0.2796875 0.7157407407407408 0.29583333333333334 0.712037037037037 0.30104166666666665 0.7 0.29791666666666666 0.6759259259259259 0.29322916666666665 0.6712962962962963 0.28854166666666664 0.6509259259259259 0.28020833333333334 0.6342592592592593 0.2625 0.6203703703703703 0.23854166666666668 0.6166666666666667 0.22604166666666667 0.6185185185185185 0.20885416666666667 0.6324074074074074 0.19739583333333333 0.6537037037037037 0.19010416666666666 0.6787037037037037
0 0.24010416666666667 0.8277777777777777 0.2390625 0.8416666666666667 0.2421875 0.8564814814814815 0.24739583333333334 0.8583333333333333 0.25833333333333336 0.8518518518518519 0.26510416666666664 0.8564814814814815 0.28125 0.8888888888888888 0.2953125 0.9037037037037037 0.30520833333333336 0.9055555555555556 0.31979166666666664 0.899074074074074 0.33489583333333334 0.8842592592592593 0.34739583333333335 0.8657407407407407 0.3515625 0.8416666666666667 0.3692708333333333 0.8361111111111111 0.3734375 0.8231481481481482 0.3697916666666667 0.7981481481481482 0.3609375 0.787962962962963 0.3572916666666667 0.7685185185185185 0.353125 0.7592592592592593 0.33541666666666664 0.7398148148148148 0.328125 0.7379629629629629 0.29791666666666666 0.7509259259259259 0.28177083333333336 0.7638888888888888 0.2708333333333333 0.7833333333333333 0.265625 0.8009259259259259 0.246875 0.8166666666666667
0 0.010416666666666666 0.7574074074074074 0 0.7583333333333333 0 0.8962962962962963 0.03229166666666667 0.8638888888888889 0.043229166666666666 0.8453703703703703 0.04791666666666667 0.825 0.04739583333333333 0.7972222222222223 0.0421875 0.7787037037037037 0.03125 0.7638888888888888 0.019791666666666666 0.7574074074074074
0 0.004166666666666667 0.6935185185185185 0.0036458333333333334 0.712037037037037 0.00625 0.7175925925925926 0.030729166666666665 0.725 0.035416666666666666 0.7444444444444445 0.04791666666666667 0.7638888888888888 0.0640625 0.7787037037037037 0.078125 0.7805555555555556 0.09739583333333333 0.7731481481481481 0.11458333333333333 0.7564814814814815 0.12708333333333333 0.7342592592592593 0.1375 0.7268518518518519 0.14895833333333333 0.7074074074074074 0.15520833333333334 0.6888888888888889 0.15572916666666667 0.6777777777777778 0.1484375 0.649074074074074 0.134375 0.6268518518518519 0.12395833333333334 0.6212962962962963 0.08020833333333334 0.6185185185185185 0.0546875 0.6287037037037037 0.040625 0.6462962962962963 0.030729166666666665 0.6731481481481482 0.010416666666666666 0.6842592592592592
0 0.084375 0.837037037037037 0.084375 0.862037037037037 0.0953125 0.8638888888888889 0.10625 0.8601851851851852 0.11302083333333333 0.8861111111111111 0.12239583333333333 0.9046296296296297 0.14114583333333333 0.9203703703703704 0.1609375 0.9212962962962963 0.1796875 0.9074074074074074 0.19010416666666666 0.8925925925925926 0.20052083333333334 0.8694444444444445 0.215625 0.8583333333333333 0.2234375 0.8453703703703703 0.22552083333333334 0.8037037037037037 0.21927083333333333 0.7824074074074074 0.20729166666666668 0.7574074074074074 0.19895833333333332 0.7462962962962963 0.1890625 0.7481481481481481 0.17239583333333333 0.7564814814814815 0.14947916666666666 0.7601851851851852 0.1296875 0.774074074074074 0.1140625 0.7981481481481482 0.10729166666666666 0.8212962962962963 0.09166666666666666 0.825925925925926