1 0.28183177083333333 0.6772564814814815 0.2858338541666667 0.6756018518518518 0.2881604166666667 0.6727888888888889 0.2893708333333333 0.6698101851851852 0.2899291666666667 0.6666666666666666 0.2867645833333333 0.6597166666666667 0.28592708333333333 0.6514435185185184 0.2848098958333333 0.6489611111111111 0.28285520833333333 0.6476379629629629 0.27913229166666664 0.6478027777777777 0.27708489583333334 0.6494574074074074 0.27513020833333335 0.6532638888888889 0.2748510416666667 0.6570694444444445 0.2759677083333333 0.66435 0.27494375000000004 0.6698101851851852 0.27494375000000004 0.6732851851851852 0.27652604166666667 0.676262962962963
1 0.38803020833333335 0.7389749999999999 0.388309375 0.7308675925925926 0.38979895833333333 0.7272268518518519 0.3929635416666667 0.7252416666666667 0.3958484375 0.7259037037037037 0.39836145833333336 0.7293787037037037 0.39882708333333333 0.7328527777777778 0.39836145833333336 0.7406296296296296 0.39994375000000004 0.7464212962962963 0.3996645833333333 0.7503925925925926 0.39826875 0.7548601851851852 0.3954765625 0.7576731481481482 0.39221874999999995 0.7585 0.3899848958333333 0.7575074074074074 0.3872859375 0.7548601851851852 0.3859828125 0.7520472222222222 0.3856104166666666 0.7467518518518518
1 0.4335442708333333 0.6300981481481481 0.4356848958333333 0.6310907407407407 0.43838385416666664 0.6305944444444445 0.44043177083333335 0.6292703703703704 0.4402453125 0.6205009259259259 0.4415484375 0.6135518518518518 0.44182760416666667 0.6120620370370371 0.4410833333333333 0.6102416666666667 0.43922187500000004 0.6077601851851852 0.4368015625 0.6069324074074074 0.43456770833333336 0.6074287037037037 0.4326135416666667 0.616199074074074 0.4304723958333333 0.6213287037037036 0.4298208333333333 0.6241416666666666 0.4303796875 0.6266231481481482
1 0.5298770833333334 0.6891694444444444 0.5319244791666666 0.6909898148148148 0.5343442708333334 0.6911555555555555 0.5366713541666667 0.690162962962963 0.5376953125 0.6885083333333334 0.5381604166666667 0.6860259259259259 0.5377880208333334 0.6804 0.5390911458333334 0.6760981481481482 0.5395567708333334 0.6727888888888889 0.5392776041666667 0.6696444444444445 0.5376020833333333 0.6665009259259259 0.5355541666666667 0.6651768518518518 0.5327619791666667 0.6645148148148149 0.5313661458333333 0.6674935185185186 0.5302489583333333 0.6732851851851852 0.5284807291666667 0.6760981481481482 0.5273640625 0.6789111111111111 0.5271776041666667 0.6822203703703704 0.5278291666666667 0.6851981481481482
1 0.5392776041666667 0.5961777777777777 0.5414182291666666 0.5968388888888889 0.54393125 0.5956805555555555 0.5447687499999999 0.5938611111111111 0.5445828125 0.5877388888888889 0.5457927083333334 0.5817814814814815 0.5456994791666666 0.5797962962962963 0.5443963541666667 0.577975925925926 0.5427213541666667 0.5764870370370371 0.5403942708333334 0.5764870370370371 0.5388119791666667 0.5776453703703703 0.5382536458333332 0.5829398148148148 0.5360197916666666 0.5885657407407408 0.5359265625 0.5913787037037037 0.5369505208333333 0.594025925925926
2 0.3064536458333333 0.6713287037037037 0.30971718750000005 0.6509499999999999 0.31339375 0.6501814814814815 0.31685416666666666 0.6532564814814815 0.31469166666666665 0.669787037037037 0.3140427083333333 0.6767064814814815 0.30993333333333334 0.6770916666666666
2 0.41756666666666664 0.7250472222222223 0.4135270833333333 0.7439824074074074 0.416121875 0.749748148148148 0.42239375 0.7501333333333333 0.424340625 0.7301425925925926 0.4232588541666667 0.7243759259259259 0.42023125 0.7232231481481481
2 0.4552671875 0.6109694444444445 0.45180677083333337 0.6275000000000001 0.45375312500000003 0.6317287037037037 0.4582947916666667 0.6313444444444444 0.45980885416666667 0.6171203703703704 0.45872708333333334 0.6128916666666667
2 0.5493791666666666 0.6658296296296297 0.5463166666666667 0.6790129629629629 0.5463166666666667 0.6840111111111111 0.5486958333333334 0.6870861111111111 0.5519395833333333 0.6855490740740741 0.55431875 0.6728620370370371 0.5534536458333333 0.6670962962962963
2 0.5538859375 0.5798305555555555 0.5510744791666667 0.5921324074074075 0.5519395833333333 0.5975138888888889 0.5545348958333334 0.5986675925925926 0.5575630208333333 0.5882879629629629 0.558428125 0.5829055555555556 0.5571302083333334 0.5802148148148147
0 0.19114583333333332 0.712037037037037 0.190625 0.7388888888888889 0.19583333333333333 0.7527777777777778 0.21302083333333333 0.762962962962963 0.21927083333333333 0.7518518518518519 0.22916666666666666 0.7509259259259259 0.23489583333333333 0.7611111111111111 0.23697916666666666 0.7898148148148149 0.24583333333333332 0.8064814814814815 0.26458333333333334 0.8185185185185185 0.28020833333333334 0.8175925925925925 0.2953125 0.812037037037037 0.31979166666666664 0.7787037037037037 0.3255208333333333 0.7342592592592593 0.32916666666666666 0.7231481481481481 0.33229166666666665 0.7157407407407408 0.3484375 0.7046296296296296 0.3541666666666667 0.6944444444444444 0.3572916666666667 0.6703703703703704 0.3536458333333333 0.6574074074074074 0.34791666666666665 0.6518518518518519 0.32864583333333336 0.6546296296296297 0.3046875 0.6388888888888888 0.27447916666666666 0.637962962962963 0.25104166666666666 0.65 0.23958333333333334 0.6611111111111111 0.22708333333333333 0.6833333333333333 0.20989583333333334 0.6953703703703704 0.196875 0.7
0 0.3067708333333333 0.8018518518518518 0.30625 0.8185185185185185 0.30833333333333335 0.8268518518518518 0.32447916666666665 0.8481481481481481 0.32864583333333336 0.8462962962962963 0.3416666666666667 0.8592592592592593 0.346875 0.8796296296296297 0.35572916666666665 0.8944444444444445 0.371875 0.9055555555555556 0.3921875 0.9055555555555556 0.40625 0.8962962962962963 0.41822916666666665 0.8796296296296297 0.459375 0.7472222222222222 0.45989583333333334 0.7361111111111112 0.45364583333333336 0.7231481481481481 0.4453125 0.7203703703703703 0.42864583333333334 0.725 0.4161458333333333 0.712037037037037 0.39895833333333336 0.7046296296296296 0.371875 0.7083333333333334 0.35052083333333334 0.7277777777777777 0.3416666666666667 0.7416666666666667 0.33489583333333334 0.7675925925925926 0.32135416666666666 0.7851851851851852 0.3104166666666667 0.7925925925925926
0 0.3734375 0.65 0.3734375 0.674074074074074 0.390625 0.6981481481481482 0.41354166666666664 0.7092592592592593 0.428125 0.7240740740740741 0.4453125 0.7175925925925926 0.45625 0.7212962962962963 0.4588541666666667 0.7083333333333334 0.47552083333333334 0.662962962962963 0.484375 0.6472222222222223 0.4869791666666667 0.6296296296296297 0.48541666666666666 0.6240740740740741 0.4786458333333333 0.6175925925925926 0.47291666666666665 0.6175925925925926 0.4713541666666667 0.6231481481481481 0.4635416666666667 0.6212962962962963 0.446875 0.6046296296296296 0.421875 0.600925925925926 0.4010416666666667 0.6129629629629629 0.39375 0.6277777777777778 0.3927083333333333 0.6351851851851852 0.3765625 0.6435185185185185
0 0.4739583333333333 0.7175925925925926 0.47708333333333336 0.7388888888888889 0.48489583333333336 0.7509259259259259 0.49375 0.7842592592592592 0.5041666666666667 0.8018518518518518 0.5203125 0.8101851851851852 0.5307291666666667 0.8101851851851852 0.5432291666666667 0.8037037037037037 0.5515625 0.787962962962963 0.5546875 0.775 0.5651041666666666 0.7518518518518519 0.5713541666666667 0.725 0.5692708333333333 0.700925925925926 0.55625 0.6759259259259259 0.5546875 0.6675925925925926 0.521875 0.6527777777777778 0.5057291666666667 0.6555555555555556 0.4942708333333333 0.6657407407407407 0.4895833333333333 0.6777777777777778 0.4890625 0.6962962962962963 0.484375 0.7083333333333334
0 0.4947916666666667 0.6101851851851852 0.49114583333333334 0.6231481481481481 0.5036458333333333 0.65 0.5276041666666667 0.6518518518518519 0.5536458333333333 0.6657407407407407 0.5567708333333333 0.6648148148148149 0.5583333333333333 0.6555555555555556 0.5682291666666667 0.6435185185185185 0.571875 0.6231481481481481 0.5703125 0.6074074074074074 0.5546875 0.5833333333333334 0.5291666666666667 0.5722222222222222 0.5171875 0.5740740740740741 0.5083333333333333 0.5805555555555556 0.5041666666666667 0.5916666666666667 0.503125 0.6027777777777777
0 0.6020833333333333 0.6259259259259259 0.5911458333333334 0.6333333333333333 0.5864583333333333 0.6425925925925926 0.5864583333333333 0.6694444444444444 0.5807291666666666 0.6824074074074075 0.5807291666666666 0.6935185185185185 0.5833333333333334 0.700925925925926 0.5817708333333333 0.7101851851851851 0.5973958333333333 0.7351851851851852 0.6046875 0.7425925925925926 0.6145833333333334 0.7472222222222222 0.6322916666666667 0.7453703703703703 0.640625 0.7333333333333333 0.6458333333333334 0.7129629629629629 0.6541666666666667 0.7037037037037037 0.6578125 0.6953703703703704 0.6583333333333333 0.6787037037037037 0.65625 0.6666666666666666 0.6614583333333334 0.6574074074074074 0.6614583333333334 0.6509259259259259 0.659375 0.6453703703703704 0.6536458333333334 0.6407407407407407 0.6364583333333333 0.6388888888888888 0.6197916666666666 0.6296296296296297 0.6026041666666667 0.6259259259259259
0 0.5848958333333333 0.5768518518518518 0.584375 0.5888888888888889 0.58125 0.6 0.5875 0.6342592592592593 0.6036458333333333 0.625 0.63125 0.6333333333333333 0.6447916666666667 0.6111111111111112 0.6442708333333333 0.5796296296296296 0.6411458333333333 0.5722222222222222 0.6380208333333334 0.5703703703703704 0.6260416666666667 0.5694444444444444 0.60625 0.5601851851851852 0.5973958333333333 0.5601851851851852 0.5885416666666666 0.5666666666666667
0 0.6552083333333333 0.6083333333333333 0.65625 0.6370370370370371 0.6625 0.6555555555555556 0.6619791666666667 0.6601851851851852 0.65625 0.6685185185185185 0.6609375 0.6796296296296296 0.6739583333333333 0.6925925925925925 0.6838541666666667 0.6972222222222222 0.6958333333333333 0.6962962962962963 0.7015625 0.6888888888888889 0.7083333333333334 0.6685185185185185 0.71875 0.6555555555555556 0.7182291666666667 0.6407407407407407 0.7145833333333333 0.6268518518518519 0.7166666666666667 0.6157407407407407 0.7125 0.6083333333333333 0.7026041666666667 0.6083333333333333 0.6994791666666667 0.6046296296296296 0.6958333333333333 0.6055555555555555 0.6744791666666666 0.5972222222222222 0.6635416666666667 0.5972222222222222
0 0.6484375 0.5564814814814815 0.6489583333333333 0.5703703703703704 0.6458333333333334 0.587037037037037 0.6463541666666667 0.6018518518518519 0.6510416666666666 0.6111111111111112 0.6541666666666667 0.612037037037037 0.6567708333333333 0.6027777777777777 0.6635416666666667 0.5962962962962963 0.6734375 0.5962962962962963 0.6963541666666667 0.6027777777777777 0.7020833333333333 0.5916666666666667 0.7 0.5657407407407408 0.6932291666666667 0.5555555555555556 0.66875 0.5453703703703704 0.6567708333333333 0.5435185185185185 0.6510416666666666 0.549074074074074
0 0.7130208333333333 0.5842592592592593 0.7125 0.5916666666666667 0.715625 0.6175925925925926 0.7151041666666667 0.6296296296296297 0.7208333333333333 0.6518518518518519 0.7291666666666666 0.6592592592592592 0.7385416666666667 0.662962962962963 0.7546875 0.6611111111111111 0.7598958333333333 0.65 0.7630208333333334 0.6370370370370371 0.7703125 0.6305555555555555 0.7723958333333333 0.625 0.7708333333333334 0.6111111111111112 0.7609375 0.587037037037037 0.728125 0.5768518518518518 0.7197916666666667 0.5777777777777777
0 0.70625 0.5314814814814814 0.7072916666666667 0.5425925925925926 0.7036458333333333 0.5601851851851852 0.7036458333333333 0.5712962962962963 0.7098958333333333 0.5888888888888889 0.7140625 0.5814814814814815 0.721875 0.5768518518518518 0.7447916666666666 0.5814814814814815 0.7536458333333333 0.562962962962963 0.7541666666666667 0.5564814814814815 0.7505208333333333 0.5453703703703704 0.7359375 0.5305555555555556 0.7166666666666667 0.524074074074074 0.709375 0.5268518518518519
0 0.7666666666666667 0.5592592592592592 0.7671875 0.5712962962962963 0.7645833333333333 0.5916666666666667 0.7666666666666667 0.6018518518518519 0.7729166666666667 0.6166666666666667 0.7911458333333333 0.6268518518518519 0.7989583333333333 0.6268518518518519 0.803125 0.6240740740740741 0.8088541666666667 0.6101851851851852 0.8192708333333333 0.5944444444444444 0.8192708333333333 0.587037037037037 0.8140625 0.5731481481481482 0.8041666666666667 0.5638888888888889 0.7791666666666667 0.5518518518518518 0.7729166666666667 0.5527777777777778
0 0.6776041666666667 0.8490740740740741 0.6786458333333333 0.8740740740740741 0.6932291666666667 0.8712962962962963 0.6979166666666666 0.875 0.7078125 0.8675925925925926 0.7046875 0.825925925925926 0.6901041666666666 0.8333333333333334
0 0.6484375 0.8824074074074074 0.6479166666666667 0.8953703703703704 0.6505208333333333 0.9037037037037037 0.6651041666666667 0.9046296296296297 0.6770833333333334 0.8722222222222222 0.6786458333333333 0.8527777777777777 0.6697916666666667 0.8555555555555555 0.6515625 0.8740740740740741
0 0.6119791666666666 0.925 0.6125 0.9398148148148148 0.6177083333333333 0.9416666666666667 0.6473958333333333 0.9407407407407408 0.6536458333333334 0.9351851851851852 0.6557291666666667 0.9287037037037037 0.6526041666666667 0.9203703703703704 0.6458333333333334 0.912962962962963 0.6479166666666667 0.8944444444444445 0.6473958333333333 0.8861111111111111 0.6453125 0.8833333333333333 0.6255208333333333 0.8972222222222223 0.61875 0.9074074074074074 0.615625 0.9212962962962963