1 0.7427817708333334 0.8264444444444444 0.7453276041666667 0.8263027777777778 0.7469187500000001 0.8230500000000001 0.7473963541666666 0.819937962962963 0.7469984375000001 0.8159777777777778 0.7454072916666666 0.8130074074074074 0.7419859375000001 0.8081990740740741 0.7412703125 0.8055111111111111 0.7395197916666666 0.8016925925925926 0.7371328125000001 0.8009851851851851 0.7343484375 0.8018333333333334 0.7322000000000001 0.8035314814814815 0.7315635416666667 0.8069259259259259 0.7321208333333333 0.8100370370370371 0.7325182291666666 0.8138564814814815 0.7349848958333334 0.8168268518518519 0.7362578125 0.8188064814814815 0.7400765625 0.8241814814814815 0.7411109375 0.8258787037037036
1 0.6654484375 0.675950925925926 0.6682333333333333 0.6762333333333334 0.6704609375 0.678637962962963 0.6726885416666666 0.6793453703703703 0.6747572916666668 0.6783546296296297 0.6766666666666666 0.6749601851851852 0.6769848958333333 0.6719898148148148 0.6766666666666666 0.668737037037037 0.6745182291666667 0.6653425925925927 0.6726885416666666 0.6630796296296296 0.6719723958333332 0.6605333333333333 0.6707791666666666 0.6581287037037037 0.6691880208333333 0.6571388888888889 0.6667213541666667 0.6564314814814816 0.6648916666666668 0.657562962962963 0.6631411458333333 0.6608166666666667 0.6618682291666667 0.6636453703703703 0.6617088541666667 0.6670398148148148 0.6613906249999999 0.6711416666666666 0.6623453125 0.6738287037037037
1 0.5937640625 0.8246055555555555 0.595753125 0.8250305555555556 0.5975828125 0.8233333333333334 0.5987765625 0.8196555555555555 0.5991739583333333 0.8164018518518519 0.5981395833333334 0.8120175925925927 0.5982989583333332 0.8069259259259259 0.5972645833333333 0.8036722222222222 0.5952755208333333 0.8001361111111112 0.5928885416666667 0.7982972222222222 0.5913770833333333 0.7985805555555555 0.5890697916666666 0.8005611111111111 0.5876374999999999 0.8035314814814815 0.5870010416666667 0.80735 0.5871604166666666 0.8110277777777778 0.5881151041666667 0.8128657407407407 0.5895473958333334 0.8151296296296296 0.590740625 0.8192314814814815 0.5916953125000001 0.8220601851851852
1 0.5201697916666667 0.6800527777777777 0.5225567708333333 0.6799111111111111 0.523909375 0.6776481481481481 0.5250234375 0.6745361111111111 0.5254208333333333 0.6719898148148148 0.5255005208333333 0.6680296296296296 0.5252619791666667 0.6640694444444445 0.5236708333333333 0.6601092592592592 0.5215223958333334 0.657987037037037 0.5196927083333333 0.6572805555555556 0.5177833333333334 0.6577046296296296 0.5154760416666667 0.6598259259259259 0.514203125 0.6630796296296296 0.5136458333333334 0.6664740740740741 0.5139640625 0.6709999999999999 0.5149984375 0.6731212962962962 0.5161921875000001 0.675950925925926 0.5182604166666667 0.6793453703703703
1 0.443234375 0.830687962962963 0.44498489583333334 0.830687962962963 0.4465760416666667 0.8296981481481481 0.44776927083333334 0.827575925925926 0.44808749999999997 0.8230500000000001 0.44864479166666665 0.8205037037037037 0.4500765625 0.8182407407407408 0.45103125 0.8158361111111111 0.45079270833333335 0.8115935185185185 0.4497583333333333 0.8080574074074074 0.44808749999999997 0.8053694444444445 0.44585989583333335 0.804237962962963 0.4441098958333333 0.8040972222222221 0.44291614583333333 0.8046629629629629 0.441325 0.8059351851851851 0.4398927083333334 0.8086231481481482 0.4393359375 0.8111685185185186 0.4393359375 0.8139981481481482 0.4398927083333334 0.8168268518518519 0.4398927083333334 0.8213527777777778 0.4398135416666667 0.8251712962962963 0.44037031249999997 0.8274342592592593 0.441484375 0.8294148148148148
1 0.12881614583333334 0.8386870370370371 0.13388750000000002 0.8344796296296296 0.135803125 0.8308731481481482 0.1405369791666667 0.8284694444444444 0.14234010416666668 0.8246629629629629 0.1434671875 0.8200546296296296 0.14245260416666666 0.8146444444444445 0.14008593749999998 0.811037962962963 0.1365921875 0.8096361111111111 0.13366197916666664 0.8142444444444444 0.13028125 0.8172490740740741 0.1293796875 0.8194537037037037 0.12622395833333333 0.8222583333333333 0.12430781249999999 0.8248629629629629 0.12261770833333333 0.8286694444444445 0.12216666666666667 0.8322759259259259 0.12318072916666667 0.8356824074074074 0.12532239583333332 0.8382870370370371
1 0.0449671875 0.690224074074074 0.05060208333333334 0.6872185185185186 0.0571390625 0.6874194444444445 0.05973072916666667 0.6836120370370371 0.061759375 0.6804064814814815 0.06221041666666667 0.6755981481481481 0.061534375 0.6711907407407407 0.0590546875 0.6675842592592592 0.0572515625 0.6659814814814815 0.054772395833333334 0.6657805555555556 0.05308177083333333 0.6671833333333334 0.04879895833333334 0.6715907407407408 0.04192447916666667 0.6749972222222221 0.03989583333333333 0.6770009259259259 0.03910677083333333 0.6798055555555556 0.03899427083333333 0.6842138888888889 0.03989583333333333 0.6872185185185186 0.04203697916666667 0.6898231481481482
2 0.03544010416666667 0.6716712962962963 0.03519270833333333 0.6792944444444444 0.028051041666666665 0.6814555555555556 0.020909375 0.6844268518518519 0.018630208333333335 0.681725925925926 0.01923802083333333 0.6774037037037037 0.021213541666666665 0.6747027777777778 0.031697916666666666 0.6701111111111111
2 0.11919010416666667 0.8140222222222222 0.11906822916666666 0.8200148148148148 0.11542135416666667 0.8243361111111112 0.10600052083333332 0.8310888888888889 0.10235416666666668 0.8294675925925926 0.1026578125 0.8237962962962964 0.111775 0.8143425925925926 0.11678906250000001 0.8129916666666667
2 0.4252708333333333 0.8059981481481481 0.4250213541666667 0.8118333333333333 0.4207666666666666 0.822637037037037 0.41818385416666665 0.8250685185185185 0.4154484375 0.8215574074074075 0.41651249999999995 0.8134537037037036 0.4204630208333333 0.8045407407407408 0.42350208333333333 0.8045407407407408
2 0.498990625 0.6630527777777777 0.49826041666666665 0.6703037037037037 0.4958296875 0.6751648148148148 0.49309427083333335 0.6765157407407407 0.4906630208333333 0.6735444444444444 0.49051145833333337 0.6662518518518519 0.4938541666666667 0.6605796296296297 0.49810885416666667 0.6592296296296296
2 0.5680302083333333 0.7982712962962963 0.5711958333333332 0.8007592592592593 0.5708921875 0.8142648148148147 0.5687645833333334 0.817775925925926 0.5672453125000001 0.8169657407407407 0.5645104166666666 0.8148046296296296 0.5645104166666666 0.7999490740740741
2 0.6443994791666667 0.660650925925926 0.6468307291666666 0.6687537037037037 0.6474385416666667 0.6730750000000001 0.6460708333333333 0.6760462962962963 0.6428802083333333 0.676587037037037 0.63908125 0.6682138888888889 0.6389291666666667 0.6638925925925926 0.6395369791666667 0.6601111111111111 0.6422723958333333 0.6598407407407407
2 0.7116255208333333 0.8012435185185185 0.7159963541666666 0.8103925925925927 0.7170598958333334 0.815524074074074 0.7169078125 0.8190361111111111 0.7144765625 0.8203861111111111 0.7115895833333333 0.8198462962962962 0.7065755208333333 0.8068814814814815 0.7067270833333333 0.80175 0.70900625 0.8003990740740741
0 0.6645833333333333 0.7861111111111111 0.6640625 0.8018518518518518 0.671875 0.825 0.684375 0.8240740740740741 0.7036458333333333 0.8592592592592593 0.7130208333333333 0.8685185185185185 0.7229166666666667 0.8731481481481481 0.7385416666666667 0.8712962962962963 0.7510416666666667 0.862037037037037 0.7635416666666667 0.8416666666666667 0.7703125 0.8148148148148148 0.7875 0.8138888888888889 0.7916666666666666 0.8027777777777778 0.790625 0.7907407407407407 0.7822916666666667 0.775 0.7682291666666666 0.7694444444444445 0.7635416666666667 0.7546296296296297 0.753125 0.737037037037037 0.7395833333333334 0.725925925925926 0.7213541666666666 0.7203703703703703 0.7114583333333333 0.712037037037037 0.6921875 0.7166666666666667 0.678125 0.7453703703703703 0.6744791666666666 0.7685185185185185 0.6682291666666667 0.7759259259259259
0 0.5984375 0.6472222222222223 0.5973958333333333 0.6722222222222223 0.5989583333333334 0.6787037037037037 0.6078125 0.6851851851851852 0.6223958333333334 0.6851851851851852 0.6255208333333333 0.700925925925926 0.6338541666666667 0.7157407407407408 0.6479166666666667 0.7314814814814815 0.65625 0.7351851851851852 0.6692708333333334 0.7342592592592593 0.6864583333333333 0.7222222222222222 0.6973958333333333 0.7018518518518518 0.7036458333333333 0.6759259259259259 0.7203125 0.6731481481481482 0.7265625 0.6648148148148149 0.7260416666666667 0.65 0.7208333333333333 0.6361111111111111 0.7005208333333334 0.6259259259259259 0.6963541666666667 0.6129629629629629 0.6885416666666667 0.5990740740740741 0.6791666666666667 0.5898148148148148 0.6651041666666667 0.5833333333333334 0.6401041666666667 0.5861111111111111 0.6307291666666667 0.5916666666666667 0.61875 0.6092592592592593 0.6161458333333333 0.6185185185185185 0.6166666666666667 0.6333333333333333 0.6140625 0.637962962962963 0.6036458333333333 0.6407407407407407
0 0.4546875 0.6509259259259259 0.45416666666666666 0.6712962962962963 0.45625 0.6796296296296296 0.48020833333333335 0.687037037037037 0.4828125 0.7064814814814815 0.490625 0.7203703703703703 0.5020833333333333 0.7324074074074074 0.5135416666666667 0.737037037037037 0.5276041666666667 0.7361111111111112 0.5416666666666666 0.725925925925926 0.5546875 0.7027777777777777 0.5572916666666666 0.6805555555555556 0.5776041666666667 0.6731481481481482 0.5817708333333333 0.6638888888888889 0.58125 0.6537037037037037 0.5765625 0.637962962962963 0.559375 0.6324074074074074 0.5515625 0.6111111111111112 0.5427083333333333 0.5953703703703703 0.5265625 0.5833333333333334 0.5098958333333333 0.5833333333333334 0.5 0.5879629629629629 0.48333333333333334 0.612037037037037 0.47760416666666666 0.6361111111111111 0.4739583333333333 0.6416666666666667 0.4640625 0.6407407407407407 0.45677083333333335 0.6453703703703704
0 0.5255208333333333 0.7814814814814814 0.5255208333333333 0.8064814814814815 0.5286458333333334 0.8166666666666667 0.5473958333333333 0.8194444444444444 0.5536458333333333 0.8407407407407408 0.5609375 0.8555555555555555 0.5713541666666667 0.8666666666666667 0.5838541666666667 0.8731481481481481 0.6026041666666667 0.8694444444444445 0.6166666666666667 0.8564814814814815 0.628125 0.8287037037037037 0.6296875 0.8194444444444444 0.6473958333333333 0.8175925925925925 0.6505208333333333 0.812037037037037 0.6520833333333333 0.8 0.6510416666666666 0.7861111111111111 0.6442708333333333 0.7722222222222223 0.6291666666666667 0.7675925925925926 0.6213541666666667 0.7472222222222222 0.609375 0.7296296296296296 0.5848958333333333 0.7111111111111111 0.5661458333333333 0.7148148148148148 0.5552083333333333 0.7305555555555555 0.5546875 0.7407407407407407 0.5463541666666667 0.7666666666666667 0.5322916666666667 0.7685185185185185
0 0.3828125 0.7953703703703704 0.38177083333333334 0.8148148148148148 0.38333333333333336 0.825 0.38645833333333335 0.8277777777777777 0.40520833333333334 0.8268518518518518 0.41041666666666665 0.8472222222222222 0.421875 0.8666666666666667 0.434375 0.8768518518518519 0.4453125 0.8796296296296297 0.46197916666666666 0.8740740740740741 0.4744791666666667 0.8611111111111112 0.484375 0.8398148148148148 0.4875 0.8222222222222222 0.5052083333333334 0.8166666666666667 0.5088541666666667 0.8101851851851852 0.5104166666666666 0.8 0.5098958333333333 0.7842592592592592 0.5052083333333334 0.7712962962962963 0.5020833333333333 0.7685185185185185 0.48802083333333335 0.7712962962962963 0.4739583333333333 0.7351851851851852 0.465625 0.7212962962962963 0.45729166666666665 0.7157407407407408 0.4421875 0.7166666666666667 0.42916666666666664 0.7287037037037037 0.41770833333333335 0.7444444444444445 0.4036458333333333 0.7787037037037037 0.39791666666666664 0.7759259259259259 0.39375 0.7777777777777778 0.38697916666666665 0.7833333333333333
0 0.309375 0.6472222222222223 0.3098958333333333 0.6685185185185185 0.3140625 0.675 0.33125 0.675 0.340625 0.7055555555555556 0.34791666666666665 0.7175925925925926 0.35885416666666664 0.7287037037037037 0.3729166666666667 0.7333333333333333 0.3880208333333333 0.7305555555555555 0.4015625 0.7194444444444444 0.41354166666666664 0.6962962962962963 0.41822916666666665 0.6759259259259259 0.4354166666666667 0.6759259259259259 0.4390625 0.6712962962962963 0.4390625 0.649074074074074 0.4354166666666667 0.6398148148148148 0.41822916666666665 0.6351851851851852 0.41302083333333334 0.6148148148148148 0.40208333333333335 0.5944444444444444 0.38697916666666665 0.5833333333333334 0.3765625 0.5805555555555556 0.36666666666666664 0.5824074074074074 0.3515625 0.5916666666666667 0.340625 0.6092592592592593 0.33125 0.6351851851851852 0.31666666666666665 0.6370370370370371
0 0.23697916666666666 0.7935185185185185 0.234375 0.8 0.234375 0.8092592592592592 0.2375 0.8240740740740741 0.24583333333333332 0.825 0.2526041666666667 0.8194444444444444 0.25833333333333336 0.8194444444444444 0.2640625 0.8361111111111111 0.28229166666666666 0.8629629629629629 0.29322916666666665 0.8722222222222222 0.3015625 0.8722222222222222 0.31875 0.8657407407407407 0.34270833333333334 0.8314814814814815 0.346875 0.8092592592592592 0.35208333333333336 0.8055555555555556 0.36354166666666665 0.8055555555555556 0.36614583333333334 0.8018518518518518 0.3671875 0.7925925925925926 0.36614583333333334 0.7759259259259259 0.3609375 0.7648148148148148 0.353125 0.7583333333333333 0.34791666666666665 0.7351851851851852 0.33958333333333335 0.7194444444444444 0.32447916666666665 0.7101851851851851 0.309375 0.7138888888888889 0.28072916666666664 0.7296296296296296 0.26666666666666666 0.7509259259259259 0.25833333333333336 0.7787037037037037 0.2484375 0.7805555555555556
0 0.16041666666666668 0.6546296296296297 0.16041666666666668 0.6666666666666666 0.16458333333333333 0.6833333333333333 0.18333333333333332 0.6861111111111111 0.1875 0.7 0.19895833333333332 0.7222222222222222 0.2125 0.7379629629629629 0.2265625 0.7425925925925926 0.2421875 0.7407407407407407 0.2557291666666667 0.7296296296296296 0.26614583333333336 0.7129629629629629 0.27447916666666666 0.687037037037037 0.290625 0.6842592592592592 0.29322916666666665 0.6814814814814815 0.2947916666666667 0.6731481481481482 0.29322916666666665 0.65 0.28489583333333335 0.6425925925925926 0.2838541666666667 0.6268518518518519 0.27395833333333336 0.6064814814814815 0.259375 0.5944444444444444 0.23489583333333333 0.5888888888888889 0.22239583333333332 0.5888888888888889 0.2109375 0.5944444444444444 0.2015625 0.6037037037037037 0.19375 0.6175925925925926 0.1875 0.6398148148148148 0.18177083333333333 0.6444444444444445 0.16822916666666668 0.6472222222222223
0 0.07760416666666667 0.8037037037037037 0.07708333333333334 0.825 0.07916666666666666 0.8296296296296296 0.10208333333333333 0.8314814814814815 0.1109375 0.8592592592592593 0.11927083333333334 0.8722222222222222 0.134375 0.8851851851851852 0.15104166666666666 0.887962962962963 0.16510416666666666 0.8824074074074074 0.18020833333333333 0.8675925925925926 0.1890625 0.8518518518518519 0.19635416666666666 0.8305555555555556 0.20989583333333334 0.825925925925926 0.21770833333333334 0.8138888888888889 0.22135416666666666 0.8009259259259259 0.22135416666666666 0.7925925925925926 0.21614583333333334 0.7620370370370371 0.20677083333333332 0.7351851851851852 0.1921875 0.7212962962962963 0.178125 0.7185185185185186 0.165625 0.7268518518518519 0.14322916666666666 0.7287037037037037 0.12604166666666666 0.7398148148148148 0.1125 0.7574074074074074 0.1046875 0.7777777777777778 0.08385416666666666 0.7935185185185185
0 0.019270833333333334 0.6546296296296297 0.020833333333333332 0.675 0.019270833333333334 0.6851851851851852 0.027083333333333334 0.7092592592592593 0.03697916666666667 0.7277777777777777 0.0578125 0.7462962962962963 0.0734375 0.7481481481481481 0.084375 0.7462962962962963 0.09791666666666667 0.7351851851851852 0.10572916666666667 0.7277777777777777 0.11979166666666667 0.7018518518518518 0.1296875 0.6972222222222222 0.13697916666666668 0.687037037037037 0.14739583333333334 0.6574074074074074 0.14739583333333334 0.6509259259259259 0.14322916666666666 0.6259259259259259 0.13854166666666667 0.612037037037037 0.12604166666666666 0.5953703703703703 0.11614583333333334 0.5898148148148148 0.09166666666666666 0.5916666666666667 0.06666666666666667 0.5879629629629629 0.050520833333333334 0.5935185185185186 0.035416666666666666 0.6074074074074074 0.023958333333333335 0.6324074074074074
0 0.0125 0.7240740740740741 0 0.7240740740740741 0 0.8518518518518519 0.013541666666666667 0.8425925925925926 0.028645833333333332 0.825 0.03697916666666667 0.8101851851851852 0.041666666666666664 0.7898148148148149 0.04114583333333333 0.7685185185185185 0.034895833333333334 0.7453703703703703 0.025 0.7314814814814815