1 0.8198164682539683 0.5477427248677249 0.8230845734126985 0.5474160052910053 0.8248821924603175 0.5459996693121694 0.824391865079365 0.5384828042328043 0.8256991567460318 0.5314017857142858 0.8253722718253967 0.5297678571428571 0.8234114583333333 0.5280248015873016 0.8215322420634921 0.5270443121693121 0.8193263888888889 0.5266084656084656 0.8172837301587301 0.5273710317460317 0.8163033234126984 0.5284606481481482 0.8151594742063492 0.5346699735449736 0.8117279265873016 0.5414242724867725 0.8121364087301588 0.543167328042328 0.8136071428571429 0.5446924603174603 0.8155679563492063 0.5464355158730159 0.8177738095238095 0.5474160052910053
1 0.7028983134920634 0.49675958994708996 0.7041237599206349 0.4988293650793651 0.7064114583333334 0.5001365740740741 0.7083725198412698 0.5011170634920634 0.7108236607142857 0.5012258597883599 0.7133563988095238 0.5003544973544973 0.7145818452380952 0.4988293650793651 0.7136832837301587 0.49251091269841274 0.7145818452380952 0.48564781746031743 0.7140099206349206 0.4841226851851852 0.7117222222222223 0.4828154761904762 0.7094345238095239 0.48248842592592595 0.7069833829365079 0.48314219576719575 0.705921378968254 0.4848852513227513 0.7055128968253969 0.49033201058201054
1 0.5586909722222222 0.4998098544973545 0.5595079365079365 0.5016617063492064 0.5613871527777777 0.5029689153439154 0.563593253968254 0.5038406084656085 0.5666163194444445 0.5034047619047619 0.5684136904761905 0.502750992063492 0.5696393849206349 0.5010079365079365 0.5684955357142857 0.493926917989418 0.5688221726190477 0.4874996693121693 0.5677601686507936 0.48619246031746033 0.5658809523809524 0.48532076719576717 0.5639201388888889 0.4852119708994709 0.5621225198412698 0.48564781746031743 0.560733630952381 0.48739087301587297 0.5605701884920635 0.4929467592592593 0.5586093750000001 0.4999186507936508
1 0.41554588293650796 0.5087427248677249 0.41807862103174603 0.508198082010582 0.4198762400793651 0.5069996693121693 0.42126512896825397 0.5049298941798942 0.4194675099206349 0.497957671957672 0.41930431547619046 0.49153042328042323 0.4183236607142857 0.49033201058201054 0.4165262896825397 0.4894606481481481 0.4145654761904762 0.4894606481481481 0.4130128968253968 0.49000529100529105 0.4115424107142857 0.49142162698412695 0.411297123015873 0.49338227513227517 0.4114605654761905 0.4994828042328042 0.4100716765873016 0.5050386904761905 0.4109704861111111 0.5069996693121693 0.4126044146825397 0.508088955026455
1 0.3291847718253968 0.565390873015873 0.33179935515873016 0.5652817460317461 0.33425049603174606 0.563974537037037 0.3362113095238095 0.5616868386243387 0.33678323412698413 0.5602705026455027 0.33441393849206347 0.5526448412698413 0.33400545634920636 0.545781746031746 0.3332700892857143 0.5444745370370371 0.3316359126984127 0.5437119708994709 0.3292666170634921 0.5434940476190476 0.32722395833333334 0.5441478174603175 0.32485466269841273 0.5456729497354498 0.32436433531746034 0.5471980820105821 0.3246912202380952 0.5544970238095238 0.32338392857142856 0.5616868386243387 0.3237924107142857 0.563211970899471 0.32501785714285714 0.5643012566137566 0.3273055555555555 0.565390873015873
1 0.2581024305555556 0.5132093253968254 0.25981820436507935 0.513426917989418 0.26267782738095236 0.512119708994709 0.26480233134920633 0.5103766534391534 0.26561929563492065 0.5090694444444445 0.26480233134920633 0.5063458994708995 0.2633315972222222 0.5023154761904762 0.26251438492063495 0.4951253306878307 0.26145238095238094 0.49370932539682544 0.25965476190476194 0.4931643518518518 0.25777579365079367 0.49338227513227517 0.25573313492063493 0.493926917989418 0.2539355158730159 0.49534325396825396 0.2535270337301587 0.49654166666666666 0.2540173611111111 0.5038406084656085 0.2532001488095238 0.5103766534391534 0.25434399801587304 0.512228835978836 0.25614161706349203 0.5128822751322751
1 0.14191964285714287 0.5712734788359788 0.14445238095238094 0.5712734788359788 0.14804737103174603 0.5699662698412699 0.15066195436507937 0.5675694444444445 0.15139732142857143 0.565390873015873 0.14837425595238096 0.5579828042328042 0.14698536706349205 0.5504662698412698 0.14616815476190476 0.5494857804232804 0.14469742063492064 0.5486140873015873 0.1417562003968254 0.5488320105820106 0.1397953869047619 0.5493766534391534 0.13807961309523809 0.5503571428571429 0.13660887896825397 0.5525360449735449 0.13775272817460318 0.5608151455026454 0.13685391865079363 0.5677873677248677 0.1372624007936508 0.5692037037037037 0.13881498015873014 0.570728835978836
2 0.1711217757936508 0.5590171957671958 0.17109002976190477 0.574665343915344 0.1744764384920635 0.5764708994708995 0.17989434523809522 0.5743640873015873 0.178765625 0.5605198412698412 0.17763690476190475 0.5575102513227513 0.17470213293650794 0.5563065476190476
2 0.2828841765873016 0.5047089947089947 0.28261160714285716 0.5174821428571429 0.28464335317460315 0.5201908068783069 0.2891584821428571 0.5189867724867725 0.28960987103174607 0.5075502645502646 0.28870684523809526 0.5036375661375662 0.28622371031746036 0.5030357142857143
2 0.3559020337301588 0.5540499338624338 0.35507812499999997 0.5683449074074074 0.35823859126984126 0.5716554232804233 0.3623020833333333 0.5707526455026455 0.36275372023809527 0.5569083994708994 0.3625277777777778 0.5535978835978835 0.3595930059523809 0.5529957010582011
2 0.4386061507936508 0.4990796957671958 0.4372056051587302 0.5113955026455027 0.43923735119047624 0.5141041666666667 0.4435265376984127 0.5138032407407407 0.44397817460317457 0.5020654761904763 0.44397817460317457 0.4984540343915344 0.44104340277777776 0.49815310846560845
2 0.5871257440476191 0.4927876984126984 0.5848474702380952 0.5032695105820105 0.5850731646825397 0.5071818783068783 0.5884595734126984 0.5092886904761904 0.5909427083333333 0.5083859126984127 0.5916200396825396 0.49664814814814817 0.5913943452380952 0.4942404100529101 0.5895882936507936 0.4936385582010582
2 0.7320379464285715 0.49153174603174604 0.7284258432539682 0.5020654761904763 0.7295545634920635 0.5053763227513227 0.7336180555555555 0.5062791005291005 0.7367785218253968 0.49664814814814817 0.7374558531746032 0.4921335978835979 0.7351984126984127 0.4897261904761905
2 0.8424402281746032 0.5364993386243386 0.8389283234126984 0.5476636904761905 0.840734126984127 0.5512754629629629 0.8457008928571429 0.5518773148148148 0.8488613591269841 0.5401395502645503 0.8479583333333333 0.5371299603174603 0.844797867063492 0.5362271825396825
0 0.06274801587301587 0.5873015873015873 0.06225198412698413 0.5998677248677249 0.0642361111111111 0.6097883597883598 0.06671626984126984 0.6127645502645502 0.0744047619047619 0.6170634920634921 0.07837301587301587 0.6177248677248677 0.0798611111111111 0.6164021164021164 0.10044642857142858 0.6286375661375662 0.1111111111111111 0.6643518518518519 0.11557539682539683 0.6716269841269841 0.12549603174603174 0.6792328042328042 0.140625 0.6845238095238095 0.16319444444444445 0.6805555555555556 0.18055555555555555 0.6706349206349206 0.19122023809523808 0.6603835978835979 0.19469246031746032 0.6587301587301587 0.19990079365079366 0.6398809523809523 0.19890873015873015 0.6292989417989417 0.2003968253968254 0.6263227513227513 0.19766865079365079 0.6223544973544973 0.20114087301587302 0.6147486772486772 0.21378968253968253 0.6127645502645502 0.22371031746031747 0.6031746031746031 0.22916666666666666 0.5892857142857143 0.2296626984126984 0.5806878306878307 0.22842261904761904 0.5747354497354498 0.22371031746031747 0.5691137566137566 0.21750992063492064 0.5671296296296297 0.2058531746031746 0.5671296296296297 0.20262896825396826 0.5654761904761905 0.2013888888888889 0.5618386243386243 0.1984126984126984 0.5591931216931217 0.18898809523809523 0.5545634920634921 0.17212301587301587 0.548941798941799 0.14657738095238096 0.548941798941799 0.140625 0.5472883597883598 0.13293650793650794 0.5535714285714286 0.12996031746031747 0.5529100529100529 0.10094246031746032 0.5720899470899471 0.09474206349206349 0.5747354497354498 0.08432539682539683 0.5734126984126984 0.078125 0.5763888888888888 0.07118055555555555 0.5757275132275133 0.06746031746031746 0.5783730158730159 0.06398809523809523 0.5833333333333334
0 0.1892361111111111 0.5248015873015873 0.1892361111111111 0.5340608465608465 0.19270833333333334 0.5433201058201058 0.20114087301587302 0.5502645502645502 0.203125 0.5509259259259259 0.20535714285714285 0.5496031746031746 0.22991071428571427 0.5767195767195767 0.2309027777777778 0.5958994708994709 0.23189484126984128 0.5988756613756614 0.2371031746031746 0.6041666666666666 0.2472718253968254 0.6068121693121693 0.2517361111111111 0.6097883597883598 0.26264880952380953 0.6091269841269841 0.26165674603174605 0.6058201058201058 0.25892857142857145 0.6048280423280423 0.25223214285714285 0.593915343915344 0.25148809523809523 0.578042328042328 0.25471230158730157 0.566468253968254 0.26091269841269843 0.5628306878306878 0.2690972222222222 0.5628306878306878 0.2720734126984127 0.5598544973544973 0.2822420634920635 0.5588624338624338 0.2934027777777778 0.5548941798941799 0.30183531746031744 0.5459656084656085 0.30927579365079366 0.541005291005291 0.3115079365079365 0.5413359788359788 0.3132440476190476 0.5443121693121693 0.3177083333333333 0.542989417989418 0.3216765873015873 0.5436507936507936 0.32862103174603174 0.5400132275132276 0.330109126984127 0.5304232804232805 0.3298611111111111 0.5234788359788359 0.328125 0.5181878306878307 0.3142361111111111 0.517526455026455 0.30927579365079366 0.5191798941798942 0.30679563492063494 0.5109126984126984 0.2931547619047619 0.5006613756613757 0.2829861111111111 0.4966931216931217 0.2676917162698413 0.4957010582010582 0.25967261904761907 0.4933862433862434 0.25496031746031744 0.49404761904761907 0.2130456349206349 0.5119047619047619 0.20982142857142858 0.5112433862433863 0.2048611111111111 0.513558201058201 0.2003968253968254 0.5119047619047619 0.19717261904761904 0.5125661375661376 0.19270833333333334 0.515542328042328
0 0.25223214285714285 0.5783730158730159 0.2524801587301587 0.591931216931217 0.25793650793650796 0.6021825396825397 0.2619047619047619 0.6068121693121693 0.26884920634920634 0.605489417989418 0.27232142857142855 0.6015211640211641 0.2876984126984127 0.6177248677248677 0.29017857142857145 0.625 0.29117063492063494 0.6369047619047619 0.2951388888888889 0.6550925925925926 0.3040674603174603 0.6653439153439153 0.3142361111111111 0.6709656084656085 0.31994047619047616 0.6722883597883598 0.33482142857142855 0.6716269841269841 0.34499007936507936 0.6693121693121693 0.3611111111111111 0.66005291005291 0.3687996031746032 0.6511243386243386 0.37524801587301587 0.6408730158730159 0.3777281746031746 0.6246693121693122 0.37624007936507936 0.6154100529100529 0.38070436507936506 0.6104497354497355 0.3881448412698413 0.6130952380952381 0.3975694444444444 0.6081349206349206 0.4045138888888889 0.5952380952380952 0.4072420634920635 0.5853174603174603 0.40600198412698413 0.5724206349206349 0.404265873015873 0.5697751322751323 0.39360119047619047 0.566468253968254 0.3841765873015873 0.5674603174603174 0.37971230158730157 0.5654761904761905 0.3774801587301587 0.5601851851851852 0.3712797619047619 0.5525793650793651 0.3524305555555556 0.5446428571428571 0.3420138888888889 0.5433201058201058 0.3273809523809524 0.542989417989418 0.30927579365079366 0.5486111111111112 0.2941468253968254 0.5562169312169312 0.267609126984127 0.564484126984127 0.2591765873015873 0.5654761904761905 0.2544642857142857 0.5701058201058201
0 0.34846230158730157 0.5221560846560847 0.3482142857142857 0.5337301587301587 0.35193452380952384 0.541005291005291 0.3586309523809524 0.5439814814814815 0.3700734126984127 0.5525390211640211 0.37768973214285717 0.5521765873015873 0.37986582341269837 0.5630532407407407 0.39727430555555554 0.567041335978836 0.40706671626984126 0.567041335978836 0.4072420634920635 0.5952380952380952 0.4079861111111111 0.5988756613756614 0.41121031746031744 0.6031746031746031 0.4181547619047619 0.603505291005291 0.4303075396825397 0.6001984126984127 0.44568452380952384 0.58994708994709 0.45188492063492064 0.578042328042328 0.45287698412698413 0.5638227513227513 0.45188492063492064 0.5502645502645502 0.45262896825396826 0.5482804232804233 0.4583333333333333 0.5456349206349206 0.4595734126984127 0.5472883597883598 0.4704861111111111 0.546957671957672 0.47767857142857145 0.5403439153439153 0.4806547619047619 0.53505291005291 0.4818948412698413 0.5297619047619048 0.48115079365079366 0.5158730158730159 0.4799107142857143 0.5122354497354498 0.4771825396825397 0.5095899470899471 0.4603174603174603 0.5089285714285714 0.45436507936507936 0.5069444444444444 0.44221230158730157 0.4973544973544973 0.4322916666666667 0.4937169312169312 0.42038690476190477 0.49206349206349204 0.4156746031746032 0.49007936507936506 0.39112103174603174 0.498015873015873 0.38318452380952384 0.5029761904761905 0.37723214285714285 0.5092592592592593 0.37103174603174605 0.5122354497354498 0.3655753968253968 0.5092592592592593 0.3549933035714286 0.5145502645502645 0.3521825396825397 0.5145502645502645
0 0.4982638888888889 0.5158730158730159 0.49875992063492064 0.5264550264550265 0.5044642857142857 0.5373677248677249 0.511656746031746 0.5433201058201058 0.5248015873015873 0.5456349206349206 0.5265376984126984 0.5515873015873016 0.5255456349206349 0.5568783068783069 0.5257936507936508 0.5717592592592593 0.5282738095238095 0.578042328042328 0.5314980158730159 0.5823412698412699 0.5431547619047619 0.591931216931217 0.5570436507936508 0.5949074074074074 0.5714285714285714 0.5949074074074074 0.5833333333333334 0.58994708994709 0.5887896825396826 0.5849867724867724 0.5920138888888888 0.5806878306878307 0.5952380952380952 0.5714285714285714 0.5987103174603174 0.5446428571428571 0.605406746031746 0.5416666666666666 0.6163194444444444 0.5423280423280423 0.623015873015873 0.5360449735449735 0.6272321428571429 0.5264550264550265 0.626984126984127 0.5138888888888888 0.625 0.5089285714285714 0.623015873015873 0.5069444444444444 0.6183035714285714 0.5049603174603174 0.6088789682539683 0.5042989417989417 0.6029265873015873 0.5082671957671958 0.5967261904761905 0.5006613756613757 0.5920138888888888 0.498015873015873 0.5902777777777778 0.49404761904761907 0.5868055555555556 0.49404761904761907 0.5642361111111112 0.4851190476190476 0.5399305555555556 0.49107142857142855 0.53125 0.49603174603174605 0.5230654761904762 0.5036375661375662 0.5188492063492064 0.5052910052910053 0.5158730158730159 0.503968253968254 0.5022321428571429 0.5052910052910053 0.49975198412698413 0.5085978835978836
0 0.6416170634920635 0.5145502645502645 0.6421130952380952 0.5218253968253969 0.6475694444444444 0.531084656084656 0.6649305555555556 0.5443121693121693 0.6641865079365079 0.5545634920634921 0.6651785714285714 0.5654761904761905 0.671875 0.5787037037037037 0.6840277777777778 0.5869708994708994 0.6979166666666666 0.5925925925925926 0.7068452380952381 0.593915343915344 0.7244543650793651 0.5902777777777778 0.7313988095238095 0.583994708994709 0.736359126984127 0.5744047619047619 0.7428075396825397 0.5443121693121693 0.7514880952380952 0.5380291005291006 0.7544642857142857 0.5390211640211641 0.7624007936507936 0.5383597883597884 0.7690972222222222 0.531084656084656 0.7703373015873016 0.5291005291005291 0.7725694444444444 0.5119047619047619 0.7698412698412699 0.5069444444444444 0.765625 0.503968253968254 0.7507440476190477 0.5026455026455027 0.7472718253968254 0.5042989417989417 0.7368551587301587 0.49537037037037035 0.7346230158730159 0.49074074074074076 0.7318948412698413 0.49206349206349204 0.7098214285714286 0.48148148148148145 0.6795634920634921 0.48743386243386244 0.6691468253968254 0.4933862433862434 0.6641865079365079 0.4973544973544973 0.6624503968253969 0.5003306878306878 0.6440972222222222 0.503968253968254
0 0.8162202380952381 0.5112433862433863 0.8157242063492064 0.5152116402116402 0.8179563492063492 0.5234788359788359 0.8201884920634921 0.5271164021164021 0.8278769841269841 0.5337301587301587 0.8338293650793651 0.5327380952380952 0.8412698412698413 0.5383597883597884 0.8439980158730159 0.5390211640211641 0.8591269841269841 0.5515873015873016 0.8601190476190477 0.5486111111111112 0.8646453373015873 0.5462962962962963 0.8754960317460317 0.5466269841269841 0.8797123015873016 0.5492724867724867 0.8849206349206349 0.5552248677248677 0.8861607142857143 0.5591931216931217 0.8856646825396826 0.5671296296296297 0.8826884920634921 0.5744047619047619 0.8814484126984127 0.5810185185185185 0.8839285714285714 0.5836640211640212 0.8911210317460317 0.582010582010582 0.9020337301587301 0.5734126984126984 0.9060019841269841 0.564484126984127 0.9104662698412699 0.5472883597883598 0.9136904761904762 0.5406746031746031 0.919890873015873 0.5353835978835979 0.9322916666666666 0.5178571428571429 0.9347718253968254 0.5082671957671958 0.9327876984126984 0.503968253968254 0.9253472222222222 0.49867724867724866 0.9216269841269841 0.49834656084656087 0.9112103174603174 0.503968253968254 0.8938492063492064 0.4947089947089947 0.8824404761904762 0.49074074074074076 0.8668154761904762 0.48743386243386244 0.8549107142857143 0.4871031746031746 0.8407738095238095 0.4904100529100529 0.8348214285714286 0.49437830687830686 0.8318452380952381 0.498015873015873 0.8296130952380952 0.5042989417989417 0.8323412698412699 0.5148809523809523 0.8308531746031746 0.5171957671957672 0.8278769841269841 0.5165343915343915 0.8211805555555556 0.5102513227513228 0.8177083333333334 0.5095899470899471
0 0.7440476190476191 0.5572089947089947 0.7437996031746031 0.5625 0.7452876984126984 0.5710978835978836 0.7571924603174603 0.5896164021164021 0.7619047619047619 0.5922619047619048 0.7663690476190477 0.607473544973545 0.767609126984127 0.6160714285714286 0.7752976190476191 0.6302910052910053 0.7849702380952381 0.6388888888888888 0.7978670634920635 0.6455026455026455 0.8065476190476191 0.6481481481481481 0.8209325396825397 0.6488095238095238 0.8355654761904762 0.6448412698412699 0.8432539682539683 0.6382275132275133 0.8464781746031746 0.6319444444444444 0.8531746031746031 0.6061507936507936 0.871031746031746 0.5833333333333334 0.8762400793650794 0.5833333333333334 0.8807043650793651 0.580026455026455 0.8841765873015873 0.5727513227513228 0.886656746031746 0.5618386243386243 0.8864087301587301 0.5572089947089947 0.8846726190476191 0.5545634920634921 0.8772321428571429 0.5479497354497355 0.8707837301587301 0.5462962962962963 0.8608630952380952 0.546957671957672 0.8350694444444444 0.5333994708994709 0.8288690476190477 0.53505291005291 0.8211805555555556 0.5277777777777778 0.8177083333333334 0.5284391534391535 0.8107638888888888 0.533068783068783 0.8092757936507936 0.5300925925925926 0.8043154761904762 0.5291005291005291 0.7896825396825397 0.5297619047619048 0.7827380952380952 0.5317460317460317 0.7681051587301587 0.5413359788359788 0.7666170634920635 0.5446428571428571 0.7621527777777778 0.548941798941799 0.7586805555555556 0.5509259259259259 0.7465277777777778 0.5532407407407407
0 0.9352678571428571 0.5625 0.9357638888888888 0.5710978835978836 0.9437003968253969 0.5790343915343915 0.9459325396825397 0.5853174603174603 0.9441964285714286 0.5912698412698413 0.9444444444444444 0.6025132275132276 0.9466765873015873 0.6068121693121693 0.9568452380952381 0.6190476190476191 0.9697420634920635 0.6279761904761905 0.9875992063492064 0.6352513227513228 0.9997519841269841 0.6355820105820106 0.9997519841269841 0.533068783068783 0.9851190476190477 0.5287698412698413 0.9744543650793651 0.5277777777777778 0.9660218253968254 0.5284391534391535 0.957093253968254 0.5317460317460317 0.9481646825396826 0.5367063492063492 0.9451884920634921 0.5400132275132276 0.9437003968253969 0.5466269841269841 0.9441964285714286 0.5565476190476191 0.9427083333333334 0.558531746031746 0.9379960317460317 0.558531746031746
0 0.722718253968254 0.8654100529100529 0.722718253968254 0.8736772486772487 0.7249503968253969 0.8829365079365079 0.7229662698412699 0.9047619047619048 0.7296626984126984 0.9163359788359788 0.734375 0.921957671957672 0.7455357142857143 0.9298941798941799 0.7547123015873016 0.9338624338624338 0.7690972222222222 0.9341931216931217 0.7797619047619048 0.9275793650793651 0.7842261904761905 0.9222883597883598 0.7886904761904762 0.91005291005291 0.7986111111111112 0.8918650793650794 0.8010912698412699 0.8816137566137566 0.8010912698412699 0.8720238095238095 0.7991071428571429 0.8627645502645502 0.7953869047619048 0.8548280423280423 0.7909226190476191 0.8528439153439153 0.7641369047619048 0.8544973544973545 0.7286706349206349 0.8591269841269841 0.7266865079365079 0.8597883597883598
0 0.6436011904761905 0.8746693121693122 0.6433531746031746 0.8802910052910053 0.6448412698412699 0.8865740740740741 0.6440972222222222 0.9011243386243386 0.6500496031746031 0.917989417989418 0.6609623015873016 0.9328703703703703 0.6780753968253969 0.941468253968254 0.6862599206349206 0.9417989417989417 0.6934523809523809 0.9401455026455027 0.7003968253968254 0.9368386243386243 0.7075892857142857 0.9298941798941799 0.7115575396825397 0.9212962962962963 0.714781746031746 0.908068783068783 0.7214781746031746 0.8988095238095238 0.7232142857142857 0.892526455026455 0.720734126984127 0.8657407407407407 0.7197420634920635 0.8627645502645502 0.7170138888888888 0.861441798941799 0.7061011904761905 0.8607804232804233 0.6639384920634921 0.8644179894179894 0.6470734126984127 0.8683862433862434 0.6450892857142857 0.8697089947089947
0 0.558531746031746 0.8759920634920635 0.558531746031746 0.8872354497354498 0.5615079365079365 0.8955026455026455 0.5649801587301587 0.8998015873015873 0.5659722222222222 0.9054232804232805 0.5632440476190477 0.9140211640211641 0.5634920634920635 0.9212962962962963 0.5768849206349206 0.939484126984127 0.5944940476190477 0.9507275132275133 0.6098710317460317 0.9503968253968254 0.6227678571428571 0.9460978835978836 0.6282242063492064 0.9424603174603174 0.6304563492063492 0.9285714285714286 0.6336805555555556 0.9169973544973545 0.6411210317460317 0.9021164021164021 0.6423611111111112 0.8971560846560847 0.642609126984127 0.8707010582010583 0.6418650793650794 0.8687169312169312 0.640625 0.8677248677248677 0.6091269841269841 0.8680555555555556 0.6051587301587301 0.8703703703703703 0.6034226190476191 0.8693783068783069 0.5873015873015873 0.8697089947089947 0.5629960317460317 0.8726851851851852
0 0.4742063492063492 0.8915343915343915 0.4739583333333333 0.8974867724867724 0.47966269841269843 0.9169973544973545 0.4801587301587302 0.9249338624338624 0.4779265873015873 0.9384920634920635 0.47842261904761907 0.9460978835978836 0.4799107142857143 0.9494047619047619 0.5119047619047619 0.9656084656084656 0.5255456349206349 0.9642857142857143 0.529265873015873 0.9626322751322751 0.5372023809523809 0.957010582010582 0.5431547619047619 0.9497354497354498 0.546875 0.941468253968254 0.5498511904761905 0.9285714285714286 0.5577876984126984 0.908068783068783 0.5595238095238095 0.8974867724867724 0.5575396825396826 0.8875661375661376 0.5572916666666666 0.8796296296296297 0.5562996031746031 0.8766534391534392 0.5538194444444444 0.8746693121693122 0.5190972222222222 0.8756613756613757 0.4809027777777778 0.8806216931216931 0.4756944444444444 0.8835978835978836
0 0.37375992063492064 0.8941798941798942 0.3725198412698413 0.9057539682539683 0.37475198412698413 0.9156746031746031 0.37450396825396826 0.9212962962962963 0.3759920634920635 0.9252645502645502 0.3792162698412698 0.9285714285714286 0.38665674603174605 0.9500661375661376 0.39632936507936506 0.9616402116402116 0.40625 0.9659391534391535 0.41369047619047616 0.966931216931217 0.421875 0.9659391534391535 0.4270833333333333 0.9639550264550265 0.45014880952380953 0.9494047619047619 0.4521329365079365 0.9074074074074074 0.4513888888888889 0.8902116402116402 0.4496527777777778 0.8816137566137566 0.40773809523809523 0.8835978835978836 0.37971230158730157 0.8872354497354498 0.3757440476190476 0.888558201058201
0 0.27628968253968256 0.923941798941799 0.27529761904761907 0.9318783068783069 0.2767857142857143 0.9361772486772487 0.28422619047619047 0.9474206349206349 0.28918650793650796 0.9639550264550265 0.2961309523809524 0.9728835978835979 0.30357142857142855 0.9778439153439153 0.310515873015873 0.9794973544973545 0.31746031746031744 0.9798280423280423 0.328125 0.9771825396825397 0.3345734126984127 0.9738756613756614 0.34250992063492064 0.9672619047619048 0.34871031746031744 0.9593253968253969 0.35466269841269843 0.9457671957671958 0.35813492063492064 0.9305555555555556 0.36607142857142855 0.9163359788359788 0.3707837301587302 0.9050925925925926 0.37351190476190477 0.890542328042328 0.3707837301587302 0.888558201058201 0.3586309523809524 0.8888888888888888 0.2864583333333333 0.8951719576719577 0.2837301587301587 0.8974867724867724 0.2787698412698413 0.9183201058201058
0 0.18253968253968253 0.9252645502645502 0.18353174603174602 0.9371693121693122 0.18229166666666666 0.9497354497354498 0.18725198412698413 0.9652777777777778 0.20064484126984128 0.9718915343915344 0.20238095238095238 0.9761904761904762 0.20634920634920634 0.9811507936507936 0.21254960317460317 0.9854497354497355 0.22172619047619047 0.9887566137566137 0.23363095238095238 0.9884259259259259 0.25148809523809523 0.9798280423280423 0.26612103174603174 0.9629629629629629 0.27380952380952384 0.9441137566137566 0.2748015873015873 0.9375 0.27356150793650796 0.9298941798941799 0.2748015873015873 0.9236111111111112 0.2805059523809524 0.908068783068783 0.28249007936507936 0.8974867724867724 0.28000992063492064 0.8955026455026455 0.2544642857142857 0.896494708994709 0.24479166666666666 0.8981481481481481 0.2296626984126984 0.8971560846560847 0.21106150793650794 0.8988095238095238 0.20560515873015872 0.9021164021164021 0.203125 0.9004629629629629 0.19593253968253968 0.9007936507936508 0.18948412698412698 0.9041005291005291
0 0.08209325396825397 0.9130291005291006 0.08234126984126984 0.9212962962962963 0.08085317460317461 0.9325396825396826 0.08333333333333333 0.9424603174603174 0.08903769841269842 0.953042328042328 0.09846230158730158 0.9609788359788359 0.1001984126984127 0.9662698412698413 0.09970238095238096 0.9732142857142857 0.10094246031746032 0.9781746031746031 0.10639880952380952 0.9841269841269841 0.12103174603174603 0.9877645502645502 0.13368055555555555 0.9857804232804233 0.14732142857142858 0.9808201058201058 0.15252976190476192 0.9771825396825397 0.15873015873015872 0.9695767195767195 0.16344246031746032 0.9659391534391535 0.17261904761904762 0.951058201058201 0.1765873015873016 0.9381613756613757 0.17708333333333334 0.9305555555555556 0.1800595238095238 0.9255952380952381 0.17633928571428573 0.9176587301587301 0.1793154761904762 0.904431216931217 0.17261904761904762 0.90244708994709 0.09052579365079365 0.9067460317460317 0.08432539682539683 0.9077380952380952