1 0.27928075396825397 0.4491011904761905 0.2817827380952381 0.4522285052910053 0.2877249503968254 0.4536878306878307 0.2936671626984127 0.45243683862433864 0.2978891369047619 0.4493095238095238 0.300078373015873 0.4445142195767196 0.299921875 0.44263756613756616 0.2953871527777778 0.4334639550264551 0.29272891865079365 0.4215796957671958 0.2911651785714286 0.41970304232804234 0.2881939484126984 0.41886904761904764 0.28459747023809523 0.419286044973545 0.280375496031746 0.4215796957671958 0.2781862599206349 0.4240813492063492 0.2780297619047619 0.426166335978836 0.280062748015873 0.43721660052910055
1 0.21157167658730158 0.3483974867724868 0.2140736607142857 0.35048214285714285 0.21892113095238097 0.35110780423280424 0.22470684523809525 0.3500651455026455 0.2279908234126984 0.34693783068783074 0.2293980654761905 0.3425595238095238 0.22470684523809525 0.33359424603174603 0.22267410714285715 0.3237946428571428 0.22142311507936507 0.32233531746031746 0.21829563492063492 0.32170965608465607 0.21516815476190476 0.3221266534391534 0.21125892857142858 0.3237946428571428 0.20969518849206348 0.326505291005291 0.21157167658730158 0.3371385582010582
1 0.30992981150793647 0.23685185185185184 0.31399553571428573 0.23643485449735452 0.31727926587301586 0.23372420634920638 0.31837375992063494 0.2312225529100529 0.31540277777777775 0.2226739417989418 0.31399553571428573 0.21433432539682543 0.31227529761904765 0.21308333333333335 0.3093043154761905 0.21245767195767196 0.30586408730158726 0.2135003306878307 0.3038313492063492 0.21621064814814817 0.30476959325396824 0.22455059523809526 0.3038313492063492 0.2326818783068783 0.3050823412698413 0.23539219576719578
1 0.7035548115079365 0.1944368386243386 0.7048340773809524 0.19676289682539683 0.7073926091269841 0.19800330687830686 0.7108812003968255 0.19862334656084654 0.714951388888889 0.19769312169312167 0.7169283234126984 0.19552248677248676 0.7161143353174604 0.18714947089947093 0.7169283234126984 0.1790866402116402 0.7163467261904761 0.17753604497354497 0.7140210813492064 0.17645072751322752 0.7119278273809524 0.17583068783068784 0.7094856150793651 0.17629563492063494 0.7075086805555556 0.17769113756613755 0.706578373015873 0.18559887566137565
1 0.7863534226190477 0.1662172619047619 0.7900746527777778 0.16590707671957672 0.7922842261904761 0.16513194444444443 0.7936798115079365 0.1635813492063492 0.7933308531746032 0.1559837962962963 0.7944937996031746 0.14900628306878308 0.7933308531746032 0.14652546296296298 0.7907725694444444 0.14559523809523808 0.788562996031746 0.1457503306878307 0.785888392857143 0.14668055555555556 0.7841438492063493 0.15489847883597885 0.7813529265873016 0.16218584656084656 0.782515873015873 0.16451157407407407
1 0.8893864087301587 0.212578373015873 0.8918286210317461 0.2128882275132275 0.8962475198412698 0.21180291005291005 0.897875496031746 0.2099424603174603 0.897875496031746 0.20156944444444447 0.8996200396825397 0.19319642857142857 0.8991547619047618 0.1921111111111111 0.8977594246031746 0.19071560846560848 0.8952008928571428 0.1899404761904762 0.892875248015873 0.18978538359788358 0.8904330357142858 0.19071560846560848 0.8891537698412699 0.1922662037037037 0.8876421130952381 0.19970866402116402 0.8834556051587301 0.20746164021164024 0.8843859126984127 0.20932208994708995 0.8870607638888889 0.21087268518518518
1 0.9516016865079365 0.17707109788359787 0.9543926091269841 0.17707109788359787 0.9571835317460318 0.17567559523809526 0.9572998511904762 0.16730257936507936 0.9592767857142858 0.15986011904761904 0.9585791170634921 0.15799933862433863 0.9561369047619047 0.15691402116402114 0.9533459821428572 0.15660383597883598 0.950438740079365 0.15691402116402114 0.9492757936507936 0.1587748015873016 0.9477641369047619 0.16451157407407407 0.943810267857143 0.17241931216931217 0.9440426587301588 0.174125 0.9452056051587302 0.17536541005291004 0.9479965277777778 0.17660582010582013
2 0.3014967757936508 0.42713657407407407 0.30665153769841275 0.4294411375661376 0.3131217757936508 0.42693650793650795 0.30978224206349203 0.40829332010582015 0.30915625 0.4035628306878307 0.3049818948412698 0.4018935185185185 0.30185094246031746 0.40439781746031744 0.30059871031746027 0.4096845238095238
2 0.23536507936507936 0.33436871693121695 0.23840004960317462 0.3359464285714286 0.24403546626984127 0.3342767857142857 0.24320039682539682 0.32565079365079364 0.24153075396825396 0.31618981481481484 0.24069593253968255 0.3125727513227513 0.23693898809523808 0.3114596560846561 0.23359945436507937 0.3147986111111111
2 0.31963690476190476 0.21067857142857144 0.32063591269841274 0.22714748677248678 0.32439285714285715 0.228260582010582 0.32794097222222224 0.22742559523809525 0.3268973214285714 0.21156481481481484 0.3235577876984127 0.2087824074074074
2 0.733188492063492 0.2036365740740741 0.7360245535714285 0.20694907407407406 0.7410339781746033 0.20583597883597882 0.7435384424603175 0.18969708994708995 0.7412425595238096 0.1880274470899471 0.7379030257936507 0.18858399470899473
2 0.8135565476190477 0.1577119708994709 0.8088680555555556 0.17105390211640215 0.809702876984127 0.17439285714285716 0.8142948908730159 0.1760625 0.8188866567460318 0.1635410052910053 0.8197214781746032 0.16048015873015872 0.8172167658730158 0.15825396825396826
2 0.9210203373015873 0.2036365740740741 0.9148980654761905 0.21863591269841268 0.916985367063492 0.22225330687830688 0.9217859623015873 0.22280985449735452 0.9280473710317461 0.20778406084656087 0.9274213789682539 0.20472321428571427 0.924499255952381 0.20333167989417988
2 0.9784260912698413 0.16842791005291005 0.9731312003968254 0.1807929894179894 0.9733397817460318 0.1835753968253968 0.9758444940476191 0.1858015873015873 0.9800188492063493 0.18635813492063494 0.9854456845238095 0.17105390211640215 0.9833583829365079 0.16854960317460319
0 0.008928571428571428 0.921957671957672 0.008680555555555556 0.9285714285714286 0.012152777777777778 0.9384920634920635 0.015376984126984126 0.9427910052910053 0.02058531746031746 0.9460978835978836 0.03869047619047619 0.9533730158730159 0.06101190476190476 0.953042328042328 0.07093253968253968 0.9497354497354498 0.08928571428571429 0.9391534391534392 0.09523809523809523 0.9322089947089947 0.0974702380952381 0.9236111111111112 0.10267857142857142 0.9150132275132276 0.10491071428571429 0.9133597883597884 0.109375 0.9146825396825397 0.11259920634920635 0.9176587301587301 0.12078373015873016 0.9216269841269841 0.12648809523809523 0.9232804232804233 0.1470734126984127 0.923941798941799 0.16145833333333334 0.9216269841269841 0.1840277777777778 0.9097222222222222 0.18874007936507936 0.9047619047619048 0.19717261904761904 0.9011243386243386 0.21478174603174602 0.8859126984126984 0.22172619047619047 0.8773148148148148 0.2371031746031746 0.8525132275132276 0.24131944444444445 0.8425925925925926 0.25024801587301587 0.8098544973544973 0.24975198412698413 0.7847222222222222 0.24851190476190477 0.7724867724867724 0.24553571428571427 0.7579365079365079 0.24875992063492064 0.7447089947089947 0.2507440476190476 0.7294973544973545 0.2509920634920635 0.7132936507936508 0.24801587301587302 0.6984126984126984 0.24206349206349206 0.6815476190476191 0.23883928571428573 0.6785714285714286 0.23635912698412698 0.6716269841269841 0.2316468253968254 0.6646825396825397 0.23189484126984128 0.656415343915344 0.23586309523809523 0.6547619047619048 0.2378472222222222 0.6577380952380952 0.23933531746031747 0.6448412698412699 0.2390873015873016 0.6279761904761905 0.23387896825396826 0.6078042328042328 0.23065476190476192 0.6048280423280423 0.22420634920634921 0.6018518518518519 0.20262896825396826 0.6015211640211641 0.19866071428571427 0.605489417989418 0.19171626984126985 0.6160714285714286 0.18774801587301587 0.6369047619047619 0.18799603174603174 0.6412037037037037 0.18154761904761904 0.644510582010582 0.16145833333333334 0.6438492063492064 0.15004960317460317 0.6507936507936508 0.13467261904761904 0.656084656084656 0.11011904761904762 0.667989417989418 0.0974702380952381 0.6759259259259259 0.08134920634920635 0.6884920634920635 0.06101190476190476 0.7099867724867724 0.043154761904761904 0.7414021164021164 0.03125 0.765542328042328 0.025049603174603176 0.7867063492063492 0.023809523809523808 0.7996031746031746 0.023313492063492064 0.8148148148148148 0.0248015873015873 0.828042328042328 0.030753968253968252 0.843584656084656 0.03844246031746032 0.8561507936507936 0.046875 0.8650793650793651 0.050347222222222224 0.871031746031746 0.04985119047619048 0.8740079365079365 0.04662698412698413 0.876984126984127 0.046378968253968256 0.8802910052910053 0.041914682539682536 0.8875661375661376 0.036210317460317464 0.892526455026455 0.030257936507936508 0.9017857142857143 0.028521825396825396 0.9037698412698413 0.020833333333333332 0.906084656084656 0.016865079365079364 0.9090608465608465 0.011904761904761904 0.9146825396825397
0 0.011656746031746032 0.5710978835978836 0.009672619047619048 0.5767195767195767 0 0.5932539682539683 0 0.7046957671957672 0.013343253968253968 0.7060185185185185 0.033482142857142856 0.7129629629629629 0.043402777777777776 0.7179232804232805 0.05381944444444445 0.7175925925925926 0.08159722222222222 0.6848544973544973 0.08804563492063493 0.6822089947089947 0.11036706349206349 0.6669973544973545 0.13541666666666666 0.6550925925925926 0.14781746031746032 0.6507936507936508 0.1579861111111111 0.644510582010582 0.16517857142857142 0.6428571428571429 0.18204365079365079 0.6421957671957672 0.18625992063492064 0.6378968253968254 0.1884920634920635 0.6306216931216931 0.18948412698412698 0.6233465608465608 0.18898809523809523 0.6124338624338624 0.18129960317460317 0.5790343915343915 0.18154761904761904 0.5704365079365079 0.18501984126984128 0.5545634920634921 0.18526785714285715 0.542989417989418 0.18204365079365079 0.5304232804232805 0.1753472222222222 0.4705687830687831 0.17261904761904762 0.4666005291005291 0.16865079365079366 0.4642857142857143 0.15426587301587302 0.4632936507936508 0.14484126984126985 0.47023809523809523 0.13690476190476192 0.4877645502645503 0.1371527777777778 0.4957010582010582 0.1359126984126984 0.4973544973544973 0.10912698412698413 0.4990079365079365 0.07539682539682539 0.5115740740740741 0.043154761904761904 0.5300925925925926 0.030009920634920636 0.5419973544973545
0 0.21205357142857142 0.48048941798941797 0.2123015873015873 0.5016534391534392 0.2140376984126984 0.5052910052910053 0.21577380952380953 0.515542328042328 0.22197420634920634 0.5284391534391535 0.2309027777777778 0.5376984126984127 0.22817460317460317 0.5535714285714286 0.2244543650793651 0.5568783068783069 0.22743055555555555 0.5684523809523809 0.22668650793650794 0.5710978835978836 0.22916666666666666 0.5813492063492064 0.2371031746031746 0.5843253968253969 0.2507440476190476 0.5863095238095238 0.2542162698412698 0.5882936507936508 0.2601686507936508 0.5968915343915344 0.2710813492063492 0.6028439153439153 0.2795138888888889 0.6064814814814815 0.2934027777777778 0.609457671957672 0.31820436507936506 0.6064814814814815 0.3236607142857143 0.6044973544973545 0.34399801587301587 0.5906084656084656 0.3531746031746032 0.5806878306878307 0.3611111111111111 0.5684523809523809 0.36681547619047616 0.5548941798941799 0.36830357142857145 0.5406746031746031 0.36706349206349204 0.5029761904761905 0.37103174603174605 0.4933862433862434 0.37375992063492064 0.4828042328042328 0.37351190476190477 0.46296296296296297 0.3687996031746032 0.44146825396825395 0.357390873015873 0.42923280423280424 0.35540674603174605 0.4255952380952381 0.3524305555555556 0.4236111111111111 0.34697420634920634 0.4130291005291005 0.34771825396825395 0.4064153439153439 0.34523809523809523 0.390542328042328 0.32936507936507936 0.3872354497354497 0.32068452380952384 0.38756613756613756 0.3134920634920635 0.38955026455026454 0.31125992063492064 0.390542328042328 0.3070436507936508 0.398478835978836 0.3010912698412698 0.4041005291005291 0.30009920634920634 0.4074074074074074 0.28447420634920634 0.414021164021164 0.27901785714285715 0.41369047619047616 0.2743055555555556 0.41534391534391535 0.27232142857142855 0.41435185185185186 0.26785714285714285 0.41865079365079366 0.25744047619047616 0.42294973544973546 0.24603174603174602 0.43022486772486773 0.2309027777777778 0.44312169312169314 0.21577380952380953 0.4642857142857143
0 0.1552579365079365 0.37962962962962965 0.15500992063492064 0.3869047619047619 0.1572420634920635 0.3974867724867725 0.16021825396825398 0.4080687830687831 0.16319444444444445 0.4113756613756614 0.16393849206349206 0.4146825396825397 0.16021825396825398 0.42394179894179895 0.16145833333333334 0.44212962962962965 0.16344246031746032 0.4494047619047619 0.17212301587301587 0.45436507936507936 0.18303571428571427 0.4566798941798942 0.18774801587301587 0.46064814814814814 0.19047619047619047 0.4679232804232804 0.1932043650793651 0.4712301587301587 0.20114087301587302 0.47784391534391535 0.21006944444444445 0.48313492063492064 0.2140376984126984 0.4742063492063492 0.2160218253968254 0.46593915343915343 0.22172619047619047 0.455026455026455 0.23561507936507936 0.4398148148148148 0.2564484126984127 0.42394179894179895 0.2757936507936508 0.4146825396825397 0.28273809523809523 0.41369047619047616 0.2849702380952381 0.4113756613756614 0.2854662698412698 0.40674603174603174 0.2924107142857143 0.38326719576719576 0.2943948412698413 0.36607142857142855 0.29017857142857145 0.34656084656084657 0.2876984126984127 0.3416005291005291 0.2819940476190476 0.335978835978836 0.27976190476190477 0.3316798941798942 0.2785218253968254 0.31746031746031744 0.27628968253968256 0.3115079365079365 0.2690972222222222 0.3055555555555556 0.2584325396825397 0.30522486772486773 0.21329365079365079 0.32242063492063494 0.21006944444444445 0.3287037037037037 0.19196428571428573 0.335978835978836 0.1817956349206349 0.34226190476190477 0.17113095238095238 0.35185185185185186 0.16071428571428573 0.3654100529100529 0.15773809523809523 0.3707010582010582
0 0.2601686507936508 0.2576058201058201 0.2601686507936508 0.265542328042328 0.2646329365079365 0.2771164021164021 0.2663690476190476 0.2787698412698413 0.2700892857142857 0.30357142857142855 0.27628968253968256 0.3091931216931217 0.2802579365079365 0.3158068783068783 0.28273809523809523 0.31712962962962965 0.28174603174603174 0.32242063492063494 0.28273809523809523 0.330026455026455 0.29092261904761907 0.3416005291005291 0.2934027777777778 0.34325396825396826 0.2993551587301587 0.3468915343915344 0.3134920634920635 0.3501984126984127 0.3308531746031746 0.3482142857142857 0.3464781746031746 0.34325396825396826 0.35466269841269843 0.33796296296296297 0.357390873015873 0.3349867724867725 0.3628472222222222 0.3247354497354497 0.3645833333333333 0.31117724867724866 0.3621031746031746 0.2847222222222222 0.36755952380952384 0.2648809523809524 0.36731150793650796 0.25132275132275134 0.3663194444444444 0.2447089947089947 0.3630952380952381 0.23743386243386244 0.3521825396825397 0.22718253968253968 0.3501984126984127 0.2222222222222222 0.35143849206349204 0.21693121693121692 0.3489583333333333 0.2123015873015873 0.3333333333333333 0.2123015873015873 0.32936507936507936 0.21428571428571427 0.3246527777777778 0.2113095238095238 0.32217261904761907 0.21164021164021163 0.3209325396825397 0.2123015873015873 0.31994047619047616 0.22056878306878308 0.31572420634920634 0.22056878306878308 0.31200396825396826 0.21362433862433863 0.30679563492063494 0.21329365079365079 0.3038194444444444 0.2166005291005291 0.3040674603174603 0.21858465608465608 0.30084325396825395 0.22552910052910052 0.29290674603174605 0.226521164021164 0.2795138888888889 0.23214285714285715 0.2710813492063492 0.2390873015873016 0.2638888888888889 0.24702380952380953
0 0.6321924603174603 0.2175925925925926 0.6334325396825397 0.22718253968253968 0.6411210317460317 0.24074074074074073 0.6465773809523809 0.24272486772486773 0.652281746031746 0.24206349206349206 0.6597222222222222 0.24636243386243387 0.6584821428571429 0.25165343915343913 0.6587301587301587 0.2724867724867725 0.6604662698412699 0.2830687830687831 0.6631944444444444 0.28835978835978837 0.6721230158730159 0.2953042328042328 0.6750992063492064 0.29927248677248675 0.6825396825396826 0.3029100529100529 0.6879960317460317 0.30456349206349204 0.7105654761904762 0.30522486772486773 0.716765873015873 0.30423280423280424 0.7209821428571429 0.3019179894179894 0.7301587301587301 0.29563492063492064 0.7353670634920635 0.2900132275132275 0.7380952380952381 0.2830687830687831 0.7435515873015873 0.2576058201058201 0.7462797619047619 0.24966931216931218 0.765625 0.24933862433862433 0.7762896825396826 0.24107142857142858 0.7817460317460317 0.23148148148148148 0.7837301587301587 0.2166005291005291 0.7787698412698413 0.20965608465608465 0.7715773809523809 0.20734126984126985 0.7614087301587301 0.20734126984126985 0.7246708829365079 0.18725132275132278 0.6964087301587302 0.18536805555555555 0.6752123015873016 0.18976289682539682 0.6643784722222222 0.19918022486772488 0.6537698412698413 0.19775132275132276 0.638640873015873 0.1984126984126984 0.6349206349206349 0.20304232804232805
0 0.8055555555555556 0.22453703703703703 0.8062996031746031 0.23445767195767195 0.810515873015873 0.2447089947089947 0.8142361111111112 0.25 0.8211805555555556 0.25396825396825395 0.8268849206349206 0.2542989417989418 0.8333333333333334 0.2569444444444444 0.8338293650793651 0.25826719576719576 0.8330853174603174 0.2619047619047619 0.8303571428571429 0.265542328042328 0.8286210317460317 0.2761243386243386 0.8286210317460317 0.2900132275132275 0.8311011904761905 0.3012566137566138 0.839781746031746 0.30886243386243384 0.8422619047619048 0.3125 0.847718253968254 0.3158068783068783 0.8757440476190477 0.3230820105820106 0.8876488095238095 0.32175925925925924 0.9045138888888888 0.31646825396825395 0.9119543650793651 0.3062169312169312 0.9161706349206349 0.29794973544973546 0.9186507936507936 0.28835978835978837 0.9228670634920635 0.2794312169312169 0.9255952380952381 0.267526455026455 0.9305555555555556 0.265542328042328 0.9352678571428571 0.267526455026455 0.9429563492063492 0.2671957671957672 0.9459325396825397 0.26851851851851855 0.9499007936507936 0.26686507936507936 0.9620535714285714 0.25595238095238093 0.9685019841269841 0.24768518518518517 0.9699900793650794 0.23842592592592593 0.9692460317460317 0.23247354497354497 0.9645337301587301 0.22718253968253968 0.9508928571428571 0.22354497354497355 0.9377480158730159 0.22354497354497355 0.9273313492063492 0.21593915343915343 0.925843253968254 0.20601851851851852 0.9216269841269841 0.2056878306878307 0.9149305555555556 0.20965608465608465 0.9112103174603174 0.20634920634920634 0.9045138888888888 0.20403439153439154 0.9012896825396826 0.20502645502645503 0.8980654761904762 0.2027116402116402 0.8938492063492064 0.19378306878306878 0.8861607142857143 0.20105820105820105 0.876984126984127 0.19874338624338625 0.8559027777777778 0.19940476190476192 0.8427579365079365 0.20535714285714285 0.810515873015873 0.21197089947089948 0.8082837301587301 0.21395502645502645
0 0.7165178571428571 0.16898148148148148 0.7160218253968254 0.17857142857142858 0.7199900793650794 0.18154761904761904 0.7234623015873016 0.18683862433862433 0.7361111111111112 0.19113756613756613 0.7413194444444444 0.19345238095238096 0.7447916666666666 0.19675925925925927 0.748015873015873 0.1974206349206349 0.7552083333333334 0.20601851851851852 0.7619047619047619 0.20767195767195767 0.7757936507936508 0.2080026455026455 0.7810019841269841 0.210978835978836 0.7834821428571429 0.21593915343915343 0.783234126984127 0.22354497354497355 0.7807539682539683 0.23412698412698413 0.7752976190476191 0.24173280423280424 0.7663690476190477 0.24933862433862433 0.7497519841269841 0.24966931216931218 0.748015873015873 0.25132275132275134 0.7472718253968254 0.25496031746031744 0.7512400793650794 0.2605820105820106 0.7542162698412699 0.26256613756613756 0.7611607142857143 0.26355820105820105 0.7671130952380952 0.26686507936507936 0.7785218253968254 0.2698412698412698 0.7857142857142857 0.265542328042328 0.7899305555555556 0.265542328042328 0.7961309523809523 0.2628968253968254 0.8062996031746031 0.25595238095238093 0.8100198412698413 0.24801587301587302 0.8100198412698413 0.2447089947089947 0.8048115079365079 0.22916666666666666 0.8067956349206349 0.21626984126984128 0.8087797619047619 0.2123015873015873 0.8182043650793651 0.21031746031746032 0.829530505952381 0.2046957671957672 0.8385416666666666 0.20502645502645503 0.8449900793650794 0.20205026455026456 0.8524305555555556 0.1974206349206349 0.8556547619047619 0.19047619047619047 0.8549107142857143 0.18551587301587302 0.8454861111111112 0.18022486772486773 0.8420138888888888 0.18154761904761904 0.8355654761904762 0.17857142857142858 0.8323412698412699 0.18022486772486773 0.8174603174603174 0.1597222222222222 0.8142361111111112 0.16038359788359788 0.8097718253968254 0.16435185185185186 0.8040674603174603 0.16038359788359788 0.7956349206349206 0.1583994708994709 0.7934027777777778 0.14781746031746032 0.7901785714285714 0.14616402116402116 0.7864583333333334 0.14715608465608465 0.7837301587301587 0.1531084656084656 0.7790178571428571 0.15773809523809523 0.7762896825396826 0.15608465608465608 0.7658730158730159 0.15608465608465608 0.748015873015873 0.16071428571428573 0.7433035714285714 0.16633597883597884 0.7306547619047619 0.16335978835978837 0.7259424603174603 0.16600529100529102 0.7202380952380952 0.16534391534391535 0.7170138888888888 0.16732804232804233
0 0.8695436507936508 0.19047619047619047 0.8697916666666666 0.1960978835978836 0.8740079365079365 0.19642857142857142 0.8764880952380952 0.19808201058201058 0.8802083333333334 0.19378306878306878 0.8836805555555556 0.1974206349206349 0.8883928571428571 0.19246031746031747 0.8960813492063492 0.19246031746031747 0.8995535714285714 0.19444444444444445 0.8998015873015873 0.19973544973544974 0.9007936507936508 0.20105820105820105 0.9122023809523809 0.20667989417989419 0.9181547619047619 0.20899470899470898 0.9213789682539683 0.20436507936507936 0.9253472222222222 0.20436507936507936 0.9268353174603174 0.20866402116402116 0.9260912698412699 0.21329365079365079 0.9357638888888888 0.22156084656084657 0.9598214285714286 0.22486772486772486 0.9662698412698413 0.22916666666666666 0.9697420634920635 0.2371031746031746 0.9697420634920635 0.24107142857142858 0.966765873015873 0.24735449735449735 0.9645337301587301 0.25595238095238093 0.9568452380952381 0.2595899470899471 0.9481646825396826 0.26851851851851855 0.9392361111111112 0.2671957671957672 0.9342757936507936 0.2691798941798942 0.9293154761904762 0.2648809523809524 0.9278273809523809 0.26521164021164023 0.9253472222222222 0.26884920634920634 0.9243551587301587 0.2767857142857143 0.9253472222222222 0.2794312169312169 0.9315476190476191 0.2804232804232804 0.9501488095238095 0.2794312169312169 0.9645337301587301 0.2691798941798942 0.970734126984127 0.26157407407407407 0.9749503968253969 0.24801587301587302 0.9781746031746031 0.2447089947089947 0.9799107142857143 0.23743386243386244 0.9841269841269841 0.2275132275132275 0.9935515873015873 0.21924603174603174 0.9962797619047619 0.21329365079365079 0.9977678571428571 0.20337301587301587 0.9972718253968254 0.1970899470899471 0.9933035714285714 0.1875 0.9828869047619048 0.17956349206349206 0.9821428571428571 0.16964285714285715 0.9806547619047619 0.16865079365079366 0.9739583333333334 0.17691798941798942 0.9585813492063492 0.17063492063492064 0.957093253968254 0.16468253968253968 0.9578373015873016 0.16236772486772486 0.957093253968254 0.15806878306878308 0.9533730158730159 0.15674603174603174 0.8732638888888888 0.1789021164021164
0 0.5706845238095238 0.5072751322751323 0.5704365079365079 0.5277777777777778 0.5729166666666666 0.5373677248677249 0.5751488095238095 0.5578703703703703 0.5786210317460317 0.5674603174603174 0.5835813492063492 0.5750661375661376 0.5947420634920635 0.5833333333333334 0.6009424603174603 0.5856481481481481 0.6160714285714286 0.5849867724867724 0.6272321428571429 0.5806878306878307 0.6371527777777778 0.566468253968254 0.6376488095238095 0.5634920634920635 0.6359126984126984 0.5572089947089947 0.6443452380952381 0.542989417989418 0.6480654761904762 0.529431216931217 0.6485615079365079 0.5162037037037037 0.6460813492063492 0.5122354497354498 0.6302083333333334 0.5079365079365079 0.6188821924603175 0.5072751322751323 0.6128472222222222 0.5046296296296297 0.5811011904761905 0.49966931216931215 0.5726686507936508 0.5009920634920635
0 0.6599702380952381 0.5257936507936508 0.65625 0.5363756613756614 0.6577380952380952 0.5496031746031746 0.6597222222222222 0.5562169312169312 0.6604662698412699 0.5631613756613757 0.6592261904761905 0.5753968253968254 0.6612103174603174 0.582010582010582 0.6669146825396826 0.591931216931217 0.6748511904761905 0.5998677248677249 0.6817956349206349 0.6041666666666666 0.6924603174603174 0.6078042328042328 0.7063492063492064 0.6064814814814815 0.7137896825396826 0.6031746031746031 0.716765873015873 0.6001984126984127 0.720734126984127 0.5949074074074074 0.7239583333333334 0.5879629629629629 0.7299107142857143 0.5697751322751323 0.7371031746031746 0.5648148148148148 0.7420634920634921 0.5582010582010583 0.7452876984126984 0.5466269841269841 0.7447916666666666 0.5337301587301587 0.7433035714285714 0.5284391534391535 0.7408234126984127 0.5257936507936508 0.7274305555555556 0.5221560846560847 0.707093253968254 0.5191798941798942 0.7016369047619048 0.5198412698412699 0.6788194444444444 0.5152116402116402 0.6701388888888888 0.515542328042328 0.6651785714285714 0.5178571428571429
0 0.736359126984127 0.5810185185185185 0.7366071428571429 0.5882936507936508 0.7390873015873016 0.5952380952380952 0.7447916666666666 0.6031746031746031 0.7547123015873016 0.6130952380952381 0.7683531746031746 0.6190476190476191 0.7839781746031746 0.6190476190476191 0.7914186507936508 0.6157407407407407 0.7973710317460317 0.6097883597883598 0.8043154761904762 0.607473544973545 0.8080357142857143 0.59755291005291 0.8167162698412699 0.593584656084656 0.8211805555555556 0.5886243386243386 0.8201884920634921 0.5856481481481481 0.8221726190476191 0.5816798941798942 0.8291170634920635 0.5750661375661376 0.8335813492063492 0.5674603174603174 0.8348214285714286 0.5582010582010583 0.8345734126984127 0.546957671957672 0.832093253968254 0.5416666666666666 0.8273809523809523 0.5390211640211641 0.8048115079365079 0.5343915343915344 0.7996031746031746 0.5360449735449735 0.7958829365079365 0.53505291005291 0.7936507936507936 0.5320767195767195 0.7874503968253969 0.531084656084656 0.7532242063492064 0.52744708994709 0.75 0.529431216931217 0.748015873015873 0.5360449735449735 0.748015873015873 0.544973544973545 0.7462797619047619 0.5545634920634921 0.7375992063492064 0.5677910052910053
0 0.8251488095238095 0.5816798941798942 0.8244047619047619 0.5882936507936508 0.8251488095238095 0.5952380952380952 0.8315972222222222 0.6087962962962963 0.8412698412698413 0.6207010582010583 0.855406746031746 0.6292989417989417 0.8623511904761905 0.6309523809523809 0.8772321428571429 0.6296296296296297 0.890625 0.623015873015873 0.910218253968254 0.6197089947089947 0.9144345238095238 0.6167328042328042 0.9166666666666666 0.6130952380952381 0.9144345238095238 0.6078042328042328 0.9064980158730159 0.6028439153439153 0.9055059523809523 0.5982142857142857 0.9122023809523809 0.5882936507936508 0.9151785714285714 0.5714285714285714 0.9146825396825397 0.5615079365079365 0.9114583333333334 0.5562169312169312 0.9025297619047619 0.5499338624338624 0.8630952380952381 0.5419973544973545 0.8385416666666666 0.5416666666666666 0.8368055555555556 0.5433201058201058 0.8370535714285714 0.5499338624338624 0.8343253968253969 0.5681216931216931 0.8306051587301587 0.576058201058201
0 0.9342757936507936 0.6263227513227513 0.9340277777777778 0.6302910052910053 0.935515873015873 0.6335978835978836 0.9486607142857143 0.6441798941798942 0.9598214285714286 0.6507936507936508 0.9739583333333334 0.6537698412698413 0.9828869047619048 0.6531084656084656 0.9890873015873016 0.6514550264550265 0.9997519841269841 0.6438492063492064 0.9997519841269841 0.5677910052910053 0.9831349206349206 0.5595238095238095 0.9637896825396826 0.5568783068783069 0.9600694444444444 0.5595238095238095