1 0.7980704365079364 0.20060590277777776 0.8036980820105819 0.20140228174603175 0.8102814153439154 0.2002078373015873 0.813573082010582 0.19853546626984128 0.8132546296296297 0.195827876984127 0.8125112433862435 0.19319965277777779 0.8120866402116402 0.18953645833333332 0.813042328042328 0.182687748015873 0.8113432539682539 0.18101512896825395 0.8079454365079365 0.18029861111111112 0.8024239417989418 0.18029861111111112 0.7970085978835979 0.18117460317460318 0.7958406084656084 0.18364335317460317 0.7956283068783069 0.18961607142857143 0.7923366402116402 0.1947924107142857 0.7922304894179893 0.19757986111111112 0.7939292328042329 0.19941145833333335
1 0.6859414682539682 0.17153844246031746 0.6888082010582011 0.16476934523809525 0.6896577380952381 0.15752232142857142 0.6924186507936507 0.15624801587301587 0.6969844576719577 0.1560887896825397 0.700488425925926 0.15624801587301587 0.7028244047619048 0.15680555555555556 0.7029305555555555 0.16365426587301588 0.7043108465608465 0.17153844246031746 0.7021871693121694 0.17305158730158732 0.6981524470899472 0.17400719246031746 0.6934804894179895 0.17400719246031746 0.6895515873015874 0.17392757936507935 0.6873217592592592 0.1732904265873016
1 0.7631362433862434 0.14032068452380952 0.76642791005291 0.13992237103174604 0.769082671957672 0.13904637896825398 0.7701445105820105 0.1378519345238095 0.7694011243386243 0.13164012896825397 0.7699318783068783 0.12566741071428572 0.7694011243386243 0.12479141865079364 0.7671712962962963 0.12439335317460316 0.7638796296296297 0.12415426587301587 0.7605879629629629 0.12471180555555555 0.7584642857142857 0.1259858630952381 0.7580396825396825 0.13028645833333335 0.7555972222222223 0.13594072420634923 0.7561283068783069 0.13745362103174602 0.757933201058201 0.13912599206349208 0.7601630291005291 0.14000223214285715
1 0.8527546296296297 0.15632762896825397 0.8566835317460317 0.15736309523809525 0.8613554894179895 0.15752232142857142 0.8652840608465608 0.15664632936507936 0.8668769841269842 0.15577033730158732 0.8674077380952382 0.15385887896825398 0.8668769841269842 0.14780654761904763 0.8671954365079365 0.14119667658730156 0.8657089947089948 0.14016145833333332 0.8623111772486772 0.13968353174603174 0.8582761243386244 0.14016145833333332 0.8542410714285714 0.14127628968253966 0.8532857142857142 0.14748809523809525 0.8494629629629629 0.1539387400793651 0.8502063492063492 0.1552924107142857
2 0.8131213624338623 0.19891815476190478 0.8172328042328042 0.19914608134920636 0.817696097883598 0.19566964285714286 0.8181597222222221 0.1902232142857143 0.8175416666666667 0.18593576388888888 0.8175416666666667 0.18338640873015874 0.8150691137566137 0.18257514880952383 0.8124424603174604 0.18292286706349206 0.8121332671957672 0.18860094246031744 0.8121332671957672 0.19300446428571427
2 0.7055102513227514 0.15862772817460316 0.7121789021164021 0.1589873511904762 0.7127969576719577 0.16165252976190478 0.7127969576719577 0.16779439484126984 0.7127969576719577 0.17289310515873016 0.7112516534391534 0.17451537698412697 0.7066157407407407 0.17428348214285713 0.7036798941798942 0.17347247023809526 0.7038343253968254 0.16733085317460317 0.7046068121693122 0.16130505952380952
2 0.77198082010582 0.12802728174603176 0.775380291005291 0.12746800595238095 0.7778525132275133 0.12909027777777776 0.7772344576719576 0.13940376984126984 0.7755347222222223 0.14044667658730156 0.7699718915343915 0.1405625 0.7698171296296297 0.13801314484126986 0.7705899470899471 0.12897445436507937
2 0.8675836640211639 0.142891121031746 0.8699017857142858 0.142891121031746 0.8731468253968254 0.14300694444444445 0.8731468253968254 0.1454404761904762 0.8716015211640211 0.15077083333333333 0.871292328042328 0.15529017857142857 0.8703654100529101 0.15679662698412697 0.8671200396825396 0.15702852182539684 0.8655750661375661 0.15679662698412697 0.866656746031746 0.15552207341269841 0.8674292328042329 0.15389955357142857 0.8669656084656086 0.15042311507936507 0.8671200396825396 0.14671502976190476
0 0.04728835978835979 0.6892361111111112 0.042328042328042326 0.7132936507936508 0.04365079365079365 0.7172619047619048 0.0419973544973545 0.7209821428571429 0.04431216931216931 0.7234623015873016 0.04265873015873016 0.7341269841269841 0.04431216931216931 0.7465277777777778 0.052248677248677246 0.7663690476190477 0.06283068783068783 0.7752976190476191 0.06613756613756613 0.7802579365079365 0.07308201058201058 0.7864583333333334 0.07308201058201058 0.7889384920634921 0.07572751322751323 0.7911706349206349 0.05026455026455026 0.8102678571428571 0.03968253968253968 0.8095238095238095 0.03042328042328042 0.8152281746031746 0.025793650793650792 0.8162202380952381 0.017195767195767195 0.8258928571428571 0.012235449735449735 0.8266369047619048 0.007936507936507936 0.8253968253968254 0.003968253968253968 0.826140873015873 0 0.8306051587301587 0 0.8876488095238095 0.003968253968253968 0.8888888888888888 0.005952380952380952 0.8911210317460317 0.01917989417989418 0.8973214285714286 0.03935185185185185 0.9010416666666666 0.05720899470899471 0.9015376984126984 0.08134920634920635 0.8990575396825397 0.10945767195767196 0.8908730158730159 0.1164021164021164 0.8869047619047619 0.12268518518518519 0.8856646825396826 0.1349206349206349 0.8764880952380952 0.13690476190476192 0.8727678571428571 0.13690476190476192 0.8690476190476191 0.13921957671957672 0.8663194444444444 0.14583333333333334 0.8623511904761905 0.17691798941798942 0.8492063492063492 0.20634920634920634 0.8645833333333334 0.21329365079365079 0.8650793650793651 0.22156084656084657 0.8680555555555556 0.2447089947089947 0.8690476190476191 0.25132275132275134 0.8742559523809523 0.26322751322751325 0.8735119047619048 0.2794312169312169 0.875 0.2933201058201058 0.8695436507936508 0.29662698412698413 0.8705357142857143 0.3012566137566138 0.8690476190476191 0.31117724867724866 0.8690476190476191 0.3316798941798942 0.8655753968253969 0.3449074074074074 0.8611111111111112 0.3488756613756614 0.8608630952380952 0.3915343915343915 0.8412698412698413 0.40343915343915343 0.8330853174603174 0.4074074074074074 0.8278769841269841 0.4183201058201058 0.8234126984126984 0.4193121693121693 0.8211805555555556 0.43187830687830686 0.8100198412698413 0.43882275132275134 0.7973710317460317 0.4444444444444444 0.7916666666666666 0.4583333333333333 0.7624007936507936 0.46064814814814814 0.7490079365079365 0.46130952380952384 0.7160218253968254 0.4742063492063492 0.6939484126984127 0.478505291005291 0.6822916666666666 0.4818121693121693 0.6577380952380952 0.48115079365079366 0.6440972222222222 0.4755291005291005 0.6264880952380952 0.4652777777777778 0.6135912698412699 0.46296296296296297 0.6083829365079365 0.4523809523809524 0.5989583333333334 0.4480820105820106 0.5920138888888888 0.45105820105820105 0.5900297619047619 0.453042328042328 0.5907738095238095 0.45701058201058203 0.5887896825396826 0.4619708994708995 0.5806051587301587 0.4632936507936508 0.5749007936507936 0.4656084656084656 0.5731646825396826 0.46825396825396826 0.5649801587301587 0.4679232804232804 0.5463789682539683 0.46593915343915343 0.5438988095238095 0.460978835978836 0.5297619047619048 0.45436507936507936 0.5260416666666666 0.4384920634920635 0.5205853174603174 0.4183201058201058 0.5173611111111112 0.4107142857142857 0.5178571428571429 0.40046296296296297 0.5210813492063492 0.38921957671957674 0.5297619047619048 0.3819444444444444 0.5419146825396826 0.37996031746031744 0.5431547619047619 0.37533068783068785 0.5553075396825397 0.3716931216931217 0.560515873015873 0.3637566137566138 0.5587797619047619 0.3488756613756614 0.5582837301587301 0.34523809523809523 0.5572916666666666 0.3416005291005291 0.5577876984126984 0.3382936507936508 0.5565476190476191 0.31746031746031744 0.5550595238095238 0.3091931216931217 0.5597718253968254 0.30687830687830686 0.5592757936507936 0.296957671957672 0.5617559523809523 0.2794312169312169 0.5622519841269841 0.27116402116402116 0.564484126984127 0.2619047619047619 0.5639880952380952 0.23247354497354497 0.5706845238095238 0.2199074074074074 0.5724206349206349 0.20205026455026456 0.5788690476190477 0.18882275132275134 0.5791170634920635 0.18683862433862433 0.5818452380952381 0.1841931216931217 0.5825892857142857 0.1818783068783069 0.5815972222222222 0.1746031746031746 0.5887896825396826 0.1650132275132275 0.5877976190476191 0.15112433862433863 0.5927579365079365 0.11970899470899471 0.6185515873015873 0.11210317460317461 0.6232638888888888 0.10747354497354497 0.6279761904761905 0.09193121693121693 0.6381448412698413 0.08763227513227513 0.6436011904761905 0.082010582010582 0.6475694444444444 0.059854497354497355 0.6726190476190477 0.05423280423280423 0.6753472222222222 0.05125661375661376 0.6800595238095238 0.0496031746031746 0.6865079365079365
0 0.6005291005291006 0.3013392857142857 0.6015211640211641 0.30778769841269843 0.6134259259259259 0.32068452380952384 0.6173941798941799 0.3601190476190476 0.6187169312169312 0.3663194444444444 0.6226851851851852 0.3732638888888889 0.626984126984127 0.3777281746031746 0.640542328042328 0.3869047619047619 0.6537698412698413 0.3888888888888889 0.6746031746031746 0.3950892857142857 0.6901455026455027 0.39558531746031744 0.7238756613756614 0.39459325396825395 0.7374338624338624 0.392609126984127 0.7585978835978836 0.3844246031746032 0.7622354497354498 0.3841765873015873 0.7791005291005291 0.37177579365079366 0.7820767195767195 0.36731150793650796 0.7867063492063492 0.3549107142857143 0.7946428571428571 0.3209325396825397 0.7979497354497355 0.3149801587301587 0.8069884259259259 0.30919320436507935 0.8111772486772487 0.30505952380952384 0.8131613756613757 0.3005952380952381 0.8131613756613757 0.29637896825396826 0.8111772486772487 0.2924107142857143 0.8052248677248677 0.2884424603174603 0.8015873015873016 0.28125 0.792989417989418 0.2760416666666667 0.7896825396825397 0.2720734126984127 0.769510582010582 0.2666170634920635 0.7737357804232804 0.25736607142857143 0.7586560846560846 0.25296949404761904 0.7351990740740741 0.2532834821428572 0.722213955026455 0.265531498015873 0.6997354497354498 0.265625 0.6964285714285714 0.26686507936507936 0.6785714285714286 0.2673611111111111 0.6233465608465608 0.2785218253968254 0.6041666666666666 0.2941468253968254
0 0.5231481481481481 0.25570436507936506 0.5224867724867724 0.2586805555555556 0.5238095238095238 0.26240079365079366 0.5393518518518519 0.27306547619047616 0.5363756613756614 0.2785218253968254 0.5360449735449735 0.2854662698412698 0.541005291005291 0.29811507936507936 0.5423280423280423 0.310515873015873 0.5479497354497355 0.31919642857142855 0.5522486772486772 0.32316468253968256 0.5654761904761905 0.330109126984127 0.5796957671957672 0.3335813492063492 0.5988756613756614 0.33382936507936506 0.6124338624338624 0.3306051587301587 0.6130952380952381 0.3291170634920635 0.6124338624338624 0.3211805555555556 0.6058201058201058 0.3152281746031746 0.5998677248677249 0.3072916666666667 0.5988756613756614 0.3040674603174603 0.6005291005291006 0.2958829365079365 0.6028439153439153 0.29191468253968256 0.6091269841269841 0.28918650793650796 0.6200396825396826 0.2795138888888889 0.6283068783068783 0.27554563492063494 0.6613756613756614 0.2708333333333333 0.6785714285714286 0.26686507936507936 0.6927910052910053 0.25892857142857145 0.6954365079365079 0.2552083333333333 0.6964285714285714 0.24801587301587302 0.6858465608465608 0.2361111111111111 0.6815476190476191 0.23363095238095238 0.6681785714285714 0.23004365079365077 0.670691798941799 0.22156423611111112 0.6635710978835978 0.2168534226190476 0.6388571428571429 0.21622519841269844 0.6299603174603174 0.22643849206349206 0.6183862433862434 0.2261904761904762 0.5631613756613757 0.23288690476190477 0.5466269841269841 0.23635912698412698 0.5376984126984127 0.2408234126984127 0.5324074074074074 0.24503968253968253
0 0.716931216931217 0.21825396825396826 0.716931216931217 0.2296626984126984 0.7251984126984127 0.23883928571428573 0.7275132275132276 0.24776785714285715 0.7341269841269841 0.251984126984127 0.7414021164021164 0.2509920634920635 0.7675416666666666 0.2521842757936508 0.7784325396825397 0.26223387896825395 0.7746626984126984 0.2672589285714286 0.8014708994708996 0.27856473214285715 0.8141534391534392 0.29836309523809523 0.8141534391534392 0.30357142857142855 0.8177910052910053 0.30481150793650796 0.8402777777777778 0.29836309523809523 0.8544973544973545 0.2904265873015873 0.8591269841269841 0.2867063492063492 0.8667328042328042 0.265625 0.8670634920634921 0.2601686507936508 0.8726851851851852 0.24379960317460317 0.8763227513227513 0.23958333333333334 0.8869047619047619 0.23462301587301587 0.8888888888888888 0.21626984126984128 0.8882275132275133 0.21354166666666666 0.8852513227513228 0.21031746031746032 0.8690476190476191 0.20114087301587302 0.8578042328042328 0.1984126984126984 0.8422619047619048 0.19692460317460317 0.8382936507936508 0.1956845238095238 0.8240740740740741 0.19543650793650794 0.8174603174603174 0.1956845238095238 0.7906746031746031 0.19642857142857142 0.7612433862433863 0.1984126984126984 0.7410714285714286 0.203125 0.7311507936507936 0.2065972222222222 0.718584656084656 0.21354166666666666
0 0.6266534391534392 0.18625992063492064 0.6236772486772487 0.18898809523809523 0.6253306878306878 0.20238095238095238 0.6329365079365079 0.21168154761904762 0.6335978835978836 0.2152777777777778 0.6406220238095238 0.21606820436507937 0.6536071428571428 0.21606820436507937 0.6649166666666667 0.21606820436507937 0.6741319444444445 0.22266344246031747 0.6741319444444445 0.22925843253968253 0.6837662037037037 0.23208482142857143 0.6888227513227513 0.23883928571428573 0.6980820105820106 0.24751984126984128 0.6987433862433863 0.2517361111111111 0.6957671957671958 0.2586805555555556 0.6960978835978836 0.2619047619047619 0.7023809523809523 0.2604166666666667 0.7073412698412699 0.2621527777777778 0.7159391534391535 0.2619047619047619 0.7202380952380952 0.26066468253968256 0.7218915343915344 0.25892857142857145 0.7242063492063492 0.24975198412698413 0.7235449735449735 0.2408234126984127 0.720568783068783 0.23635912698412698 0.7152777777777778 0.23189484126984128 0.7156084656084656 0.21864360119047618 0.7182539682539683 0.2123015873015873 0.7271825396825397 0.20734126984126985 0.7371031746031746 0.20386904761904762 0.753968253968254 0.20014880952380953 0.7625661375661376 0.19717261904761904 0.7678571428571429 0.19246031746031747 0.7671957671957672 0.18551587301587302 0.7648809523809523 0.18129960317460317 0.7463624338624338 0.17311507936507936 0.7242063492063492 0.1708829365079365 0.7119708994708994 0.1728670634920635 0.7017781084656085 0.17178670634920634 0.6879550264550265 0.17178670634920634 0.6747685185185185 0.17609126984126985 0.6683201058201058 0.17633928571428573 0.6615658068783069 0.17743973214285716 0.6550925925925926 0.1775793650793651 0.640542328042328 0.17857142857142858 0.6335978835978836 0.1810515873015873
0 0.7833994708994709 0.17559523809523808 0.7847222222222222 0.18551587301587302 0.7933201058201058 0.19146825396825398 0.7966269841269841 0.1884920634920635 0.7976190476190477 0.18353174603174602 0.8072089947089947 0.18030753968253968 0.8134920634920635 0.18303571428571427 0.8177910052910053 0.1939484126984127 0.8495370370370371 0.19543650793650794 0.8660714285714286 0.19990079365079366 0.8835978835978836 0.20907738095238096 0.8892195767195767 0.21875 0.8888888888888888 0.22643849206349206 0.8869047619047619 0.2309027777777778 0.8872354497354498 0.23759920634920634 0.8915343915343915 0.2371031746031746 0.8974867724867724 0.23462301587301587 0.9054232804232805 0.22767857142857142 0.9130291005291006 0.19791666666666666 0.9176587301587301 0.18948412698412698 0.9242724867724867 0.1847718253968254 0.9289021164021164 0.17906746031746032 0.9298941798941799 0.1708829365079365 0.9265873015873016 0.16493055555555555 0.917989417989418 0.16046626984126985 0.9047619047619048 0.15773809523809523 0.8994708994708994 0.1579861111111111 0.8938492063492064 0.15600198412698413 0.8746693121693122 0.15500992063492064 0.8672344576719576 0.1529437003968254 0.8508597883597884 0.1545138888888889 0.8376322751322751 0.15401785714285715 0.8316299603174604 0.1551421130952381 0.8217592592592593 0.15600198412698413 0.8138227513227513 0.15674603174603174 0.8012566137566137 0.16121031746031747 0.7857142857142857 0.17137896825396826
0 0.7094136904761904 0.15041344246031746 0.7064374999999999 0.15388566468253967 0.7140433201058201 0.1665344742063492 0.7193343253968253 0.1675265376984127 0.7229718915343915 0.1665344742063492 0.7348766534391534 0.16876661706349205 0.7391755952380952 0.17075074404761906 0.7570327380952381 0.17372693452380952 0.7666226851851852 0.1814154265873016 0.7692681878306877 0.19183209325396824 0.7719136904761904 0.19381622023809522 0.7758819444444444 0.194312251984127 0.780511574074074 0.194312251984127 0.7884480820105819 0.19208010912698412 0.7828263888888888 0.1814154265873016 0.7851412037037037 0.1712467757936508 0.8036597222222222 0.15934201388888888 0.8145724206349205 0.15487772817460316 0.8218475529100528 0.15338963293650792 0.8238316798941798 0.1509094742063492 0.8208554894179894 0.14594915674603173 0.8145724206349205 0.14198090277777778 0.807958664021164 0.13974875992063493 0.7937390873015873 0.1380126488095238 0.7838184523809523 0.13826066468253967 0.7560406746031746 0.14024479166666667 0.7527337962962962 0.14123685515873016 0.7414904100529099 0.1409888392857143 0.7272708333333333 0.14322098214285714