1 0.7599408068783069 0.12109598214285715 0.7624421296296297 0.12188268849206349 0.7665575396825397 0.12176165674603175 0.7747070105820105 0.12151959325396824 0.7793872354497355 0.1200672123015873 0.7831795634920635 0.11758581349206348 0.7811623677248678 0.11304712301587301 0.7793065476190476 0.10826612103174603 0.7787417328042328 0.09949107142857143 0.7783382936507937 0.09852281746031746 0.7743842592592592 0.09834126984126984 0.7682519841269841 0.09882539682539683 0.7651858465608465 0.09943055555555555 0.7620386904761905 0.10094345238095238 0.7617159391534392 0.1017906746031746 0.7616352513227513 0.11020262896825396 0.7590532407407408 0.1198251488095238
1 0.6535909391534391 0.09997519841269842 0.6598042328042328 0.0997936507936508 0.6631931216931217 0.09882539682539683 0.6656137566137567 0.09767559523809523 0.6660175264550264 0.09658630952380952 0.6660175264550264 0.09513392857142856 0.6642420634920635 0.08835590277777777 0.663515873015873 0.08085168650793652 0.662547619047619 0.08024652777777777 0.6594007936507936 0.07982291666666667 0.6548015873015872 0.0801860119047619 0.651735119047619 0.08097271825396826 0.6487496693121693 0.08278819444444445 0.6493144841269841 0.09035292658730158 0.6478621031746031 0.09640476190476191 0.6477814153439154 0.09949107142857143 0.6514930555555556 0.10015674603174603
1 0.723630291005291 0.05125843253968254 0.7252440476190476 0.04587251984126984 0.7251633597883597 0.0396391369047619 0.7263736772486773 0.03794469246031746 0.7292784391534393 0.036976190476190475 0.7325062830687831 0.03673412698412698 0.7354917328042327 0.03679464285714286 0.7374282407407408 0.03703670634920635 0.7379930555555555 0.03776314484126984 0.738235119047619 0.04393576388888889 0.740171626984127 0.05071378968253969 0.7392840608465607 0.05210565476190476 0.7370248015873015 0.05331597222222222 0.7346848544973544 0.05392137896825397 0.7280681216931216 0.054102926587301585 0.7250019841269841 0.05392137896825397 0.7233075396825397 0.053013392857142856
1 0.8415992063492064 0.054223958333333336 0.8415185185185186 0.047324900793650794 0.8411957671957672 0.04665922619047619 0.8387751322751323 0.04599355158730159 0.8329656084656084 0.04629613095238095 0.8290922619047619 0.0470828373015873 0.8271557539682539 0.048172123015873015 0.8267523148148148 0.05398189484126984 0.8264295634920635 0.05628149801587302 0.8231213624338625 0.06312003968253968 0.8235248015873016 0.06463293650793651 0.8248158068783069 0.06529861111111111 0.8300605158730159 0.06572222222222222 0.8370000000000001 0.06535912698412699 0.8400661375661376 0.06451190476190477 0.8424871031746032 0.06275694444444445 0.8428098544973546 0.0612437996031746 0.8426484788359788 0.059004712301587305
2 0.7830122354497355 0.11766964285714286 0.7862956349206348 0.11684796626984126 0.7869824735449735 0.11004885912698412 0.7865704365079365 0.09985019841269842 0.7845099206349206 0.09881994047619048 0.7786028439153438 0.09974702380952381 0.779426917989418 0.10850347222222222
2 0.6670945767195767 0.08321155753968254 0.6663842592592593 0.09737673611111111 0.6676203703703704 0.09933407738095237 0.6711921296296296 0.09943725198412698 0.675313492063492 0.09789186507936508 0.6755882936507936 0.08377852182539683 0.6746266534391534 0.08151215277777778 0.6731154100529101 0.08130605158730159 0.6687195767195767 0.08202728174603174
2 0.8421048280423281 0.04864037698412698 0.8447453703703705 0.04804365079365079 0.8477675264550264 0.04855877976190476 0.8487291666666666 0.05000099206349207 0.8472182539682539 0.06442336309523809 0.8452949735449735 0.06545362103174603 0.8424100529100529 0.06514459325396825 0.8408991402116401 0.0642172619047619 0.8421352513227514 0.0629811507936508 0.8426848544973545 0.06143576388888889 0.84282208994709 0.05886036706349206 0.8415859788359789 0.05463665674603174
2 0.7426755952380952 0.054795634920634925 0.7448564814814814 0.05399875992063492 0.745864417989418 0.05280555555555556 0.7466068121693121 0.040674603174603176 0.7463948412698412 0.03971999007936508 0.7449626322751323 0.03944171626984127 0.7422576058201058 0.039362103174603175 0.7392876984126985 0.040078125 0.7389692460317461 0.04310069444444445 0.738916335978836 0.0461235119047619 0.738916335978836 0.048112351190476195 0.7401891534391534 0.050419146825396825 0.7397648809523809 0.05157242063492064 0.7388634259259259 0.05236805555555556 0.7388101851851852 0.053799851190476186 0.7405605158730159 0.05451587301587301
0 0.5572089947089947 0.251984126984127 0.5568783068783069 0.25595238095238093 0.558531746031746 0.25992063492063494 0.5740740740740741 0.27306547619047616 0.5777116402116402 0.27901785714285715 0.5793650793650794 0.29910714285714285 0.5846560846560847 0.3072916666666667 0.5876322751322751 0.3209325396825397 0.5952380952380952 0.3308531746031746 0.609457671957672 0.34052579365079366 0.6266534391534392 0.3454861111111111 0.646494708994709 0.34771825396825395 0.6759259259259259 0.34697420634920634 0.7132936507936508 0.3392857142857143 0.7271825396825397 0.33407738095238093 0.7407407407407407 0.32663690476190477 0.7470238095238095 0.32068452380952384 0.7523148148148148 0.3177083333333333 0.7576058201058201 0.31101190476190477 0.7619047619047619 0.3003472222222222 0.765542328042328 0.25632440476190477 0.7685185185185185 0.2517361111111111 0.7771164021164021 0.24503968253968253 0.783068783068783 0.2378472222222222 0.7840608465608465 0.23412698412698413 0.7804232804232805 0.22495039682539683 0.7734788359788359 0.2197420634920635 0.7691798941798942 0.21254960317460317 0.7619047619047619 0.2088293650793651 0.7529761904761905 0.20734126984126985 0.7391504629629629 0.20224503968253968 0.7400793650793651 0.19171626984126985 0.7357804232804233 0.18725198412698413 0.7308201058201058 0.18526785714285715 0.7288359788359788 0.18601190476190477 0.7166005291005291 0.18501984126984128 0.7033730158730159 0.18799603174603174 0.6964285714285714 0.19072420634920634 0.6868386243386243 0.20014880952380953 0.6577380952380952 0.2048611111111111 0.6481481481481481 0.20858134920634921 0.6302910052910053 0.21081349206349206 0.603505291005291 0.21924603174603174 0.5968915343915344 0.21999007936507936 0.5843253968253969 0.22371031746031747 0.5740740740740741 0.23015873015873015 0.560515873015873 0.24578373015873015
0 0.47784391534391535 0.2065972222222222 0.4771825396825397 0.21031746031746032 0.478505291005291 0.21354166666666666 0.48412698412698413 0.21825396825396826 0.48974867724867727 0.22073412698412698 0.4923941798941799 0.24107142857142858 0.5013227513227513 0.24925595238095238 0.5076058201058201 0.26587301587301587 0.5201719576719577 0.2785218253968254 0.5291005291005291 0.28348214285714285 0.5367063492063492 0.28348214285714285 0.5466269841269841 0.2854662698412698 0.5539021164021164 0.28596230158730157 0.5737433862433863 0.28422619047619047 0.5757275132275133 0.283234126984127 0.578042328042328 0.279265873015873 0.5757275132275133 0.2725694444444444 0.5634920634920635 0.26537698412698413 0.5565476190476191 0.2564484126984127 0.5565476190476191 0.25024801587301587 0.5621693121693122 0.24131944444444445 0.5730820105820106 0.22991071428571427 0.5846560846560847 0.22271825396825398 0.6398809523809523 0.2078373015873016 0.646494708994709 0.2048611111111111 0.6583994708994709 0.19370039682539683 0.6603835978835979 0.18998015873015872 0.6607142857142857 0.18526785714285715 0.6590608465608465 0.18055555555555555 0.6537698412698413 0.17633928571428573 0.6496180555555555 0.1678263888888889 0.6354642857142857 0.16699950396825397 0.6345449735449735 0.15817931547619046 0.6306848544973545 0.15321800595238094 0.6198396164021164 0.1511505456349206 0.6064209656084656 0.15128844246031747 0.5975978835978836 0.15473387896825394 0.5900611772486772 0.163140625 0.5846560846560847 0.1644345238095238 0.5532407407407407 0.16964285714285715 0.5046296296296297 0.18229166666666666 0.4904100529100529 0.19072420634920634
0 0.6802248677248677 0.14732142857142858 0.6818783068783069 0.16493055555555555 0.6861772486772487 0.1691468253968254 0.6994047619047619 0.18898809523809523 0.7036114417989418 0.18664905753968253 0.7083333333333334 0.1865079365079365 0.7183746693121692 0.18446651785714285 0.7261904761904762 0.18700396825396826 0.7341269841269841 0.18824404761904762 0.7410714285714286 0.2003968253968254 0.7443783068783069 0.20287698412698413 0.7490079365079365 0.20386904761904762 0.7516534391534392 0.20684523809523808 0.7619047619047619 0.20858134920634921 0.7671957671957672 0.21081349206349206 0.7843915343915344 0.2333829365079365 0.78505291005291 0.23660714285714285 0.7863756613756614 0.23759920634920634 0.7900132275132276 0.23759920634920634 0.796957671957672 0.2361111111111111 0.8091931216931217 0.23040674603174602 0.8177910052910053 0.22916666666666666 0.8349867724867724 0.22023809523809523 0.8369708994708994 0.21825396825396826 0.843584656084656 0.20758928571428573 0.8482142857142857 0.1857638888888889 0.8508597883597884 0.16393849206349206 0.8551587301587301 0.15575396825396826 0.8591269841269841 0.15500992063492064 0.8624338624338624 0.1505456349206349 0.8647486772486772 0.14484126984126985 0.8664021164021164 0.13343253968253968 0.8630952380952381 0.12549603174603174 0.8488756613756614 0.11805555555555555 0.8283730158730159 0.1130952380952381 0.8273320105820106 0.10901190476190477 0.8146481481481482 0.10823239087301587 0.8144401455026455 0.10604985119047619 0.8071623677248677 0.10480257936507938 0.7926071428571428 0.10558209325396825 0.7836660052910053 0.10636160714285715 0.7602513227513228 0.11706349206349206 0.7576058201058201 0.12003968253968254 0.7516534391534392 0.1185515873015873 0.7407407407407407 0.11929563492063493 0.7132936507936508 0.12624007936507936 0.6994047619047619 0.13194444444444445 0.6851851851851852 0.13988095238095238
0 0.583994708994709 0.12425595238095238 0.5843253968253969 0.13442460317460317 0.5866402116402116 0.140625 0.595568783068783 0.14657738095238096 0.5971342592592592 0.15519270833333332 0.6053095238095237 0.15128025793650793 0.6296617063492064 0.1511498015873016 0.6348799603174603 0.15662723214285712 0.6364454365079365 0.16666914682539682 0.6491431878306878 0.1688861607142857 0.6541005291005291 0.17509920634920634 0.658068783068783 0.17733134920634921 0.6603835978835979 0.1810515873015873 0.6613756613756614 0.1949404761904762 0.6650132275132276 0.19791666666666666 0.6792328042328042 0.19717261904761904 0.685515873015873 0.19618055555555555 0.6891534391534392 0.1939484126984127 0.6941137566137566 0.18898809523809523 0.6954365079365079 0.1857638888888889 0.6898148148148148 0.171875 0.6808862433862434 0.1636904761904762 0.6795634920634921 0.14756944444444445 0.6812169312169312 0.14434523809523808 0.6851851851851852 0.13913690476190477 0.6924603174603174 0.1371527777777778 0.6967592592592593 0.13268849206349206 0.7040343915343915 0.12896825396825398 0.7159391534391535 0.12450396825396826 0.7347883597883598 0.1195436507936508 0.7374338624338624 0.1130952380952381 0.7374338624338624 0.109375 0.7337962962962963 0.10218253968253968 0.7235449735449735 0.09623015873015874 0.7132936507936508 0.09573412698412699 0.7008019179894179 0.09438715277777779 0.689484126984127 0.09449404761904762 0.66044708994709 0.09634325396825397 0.6507936507936508 0.09672619047619048 0.6488095238095238 0.09895833333333333 0.641661044973545 0.09908209325396826 0.6333118386243386 0.10208159722222222 0.623015873015873 0.1056547619047619 0.6097883597883598 0.10788690476190477 0.595568783068783 0.11235119047619048 0.5873015873015873 0.1195436507936508
0 0.7552910052910053 0.09077380952380952 0.7546296296296297 0.09995039682539683 0.7559523809523809 0.10367063492063493 0.7585978835978836 0.10590277777777778 0.7619047619047619 0.10466269841269842 0.7648809523809523 0.1001984126984127 0.767526455026455 0.09895833333333333 0.7797619047619048 0.09846230158730158 0.7867063492063492 0.10069444444444445 0.7880291005291006 0.10441468253968254 0.8043482142857143 0.10416815476190476 0.8133931878306878 0.10547222222222223 0.8147847222222222 0.1084717261904762 0.8243515211640211 0.1084717261904762 0.8290482804232804 0.11329712301587302 0.8462685185185185 0.11720957341269841 0.8531746031746031 0.12028769841269842 0.8617724867724867 0.12450396825396826 0.8664021164021164 0.12996031746031747 0.8664021164021164 0.1433531746031746 0.8627645502645502 0.1505456349206349 0.8548280423280423 0.15625 0.8541666666666666 0.1579861111111111 0.8568121693121693 0.15922619047619047 0.8640873015873016 0.1579861111111111 0.878968253968254 0.15203373015873015 0.8875661375661376 0.1453373015873016 0.8938492063492064 0.13368055555555555 0.8991402116402116 0.09821428571428571 0.9117063492063492 0.08283730158730158 0.9123677248677249 0.07514880952380952 0.9110449735449735 0.0716765873015873 0.9057539682539683 0.06547619047619048 0.9004629629629629 0.0625 0.8753306878306878 0.061507936507936505 0.8725340608465609 0.055523809523809524 0.8493994708994709 0.05643675595238095 0.8480079365079366 0.04769890873015873 0.843584656084656 0.04985119047619048 0.841931216931217 0.046875 0.8346560846560847 0.046130952380952384 0.828042328042328 0.048859126984126984 0.8270502645502645 0.05704365079365079 0.8230820105820106 0.06547619047619048 0.8068783068783069 0.0662202380952381 0.8029100529100529 0.06770833333333333 0.7999338624338624 0.06721230158730158 0.7986111111111112 0.0689484126984127 0.7954695767195767 0.06969246031746032 0.7890211640211641 0.06919642857142858 0.7827380952380952 0.07068452380952381 0.7671957671957672 0.07713293650793651 0.7638888888888888 0.08110119047619048 0.7569444444444444 0.08506944444444445
0 0.6683201058201058 0.07366071428571429 0.6683201058201058 0.07837301587301587 0.6726190476190477 0.0818452380952381 0.6761941137566138 0.08934920634920634 0.6818783068783069 0.08903769841269842 0.6858465608465608 0.08754960317460317 0.7048594576719577 0.08694915674603175 0.7099867724867724 0.09424603174603174 0.7235449735449735 0.09573412698412699 0.7275132275132276 0.09895833333333333 0.7318121693121693 0.1001984126984127 0.7357804232804233 0.10367063492063493 0.7387566137566137 0.11210317460317461 0.7387566137566137 0.11607142857142858 0.7453703703703703 0.11731150793650794 0.7585978835978836 0.11433531746031746 0.7572751322751323 0.1056547619047619 0.753968253968254 0.0992063492063492 0.7549603174603174 0.08854166666666667 0.7566137566137566 0.08556547619047619 0.7744708994708994 0.07366071428571429 0.7827380952380952 0.06969246031746032 0.7913359788359788 0.0679563492063492 0.7979497354497355 0.06498015873015874 0.7992724867724867 0.060515873015873016 0.7962962962962963 0.056299603174603176 0.7863756613756614 0.051587301587301584 0.7732490079365079 0.04942038690476191 0.7701931216931216 0.04592931547619048 0.7581157407407407 0.046147321428571426 0.7467662037037037 0.04800198412698413 0.7469117063492063 0.039819940476190474 0.7384722222222222 0.03960168650793651 0.7359983465608466 0.03611061507936508 0.7301587301587301 0.03720238095238095 0.7258597883597884 0.03968253968253968 0.7245370370370371 0.051835317460317464 0.72255291005291 0.05530753968253968 0.718584656084656 0.05704365079365079 0.707010582010582 0.05927579365079365 0.7013888888888888 0.06274801587301587 0.6911375661375662 0.06324404761904762 0.6716269841269841 0.07093253968253968