1 0.7781084656084656 0.6227678571428571 0.7768151455026455 0.6282906746031746 0.7799887566137567 0.6340714285714286 0.7830115740740742 0.6375853174603175 0.7898125 0.6439327876984127 0.8009259259259259 0.6493055555555556 0.8091570767195767 0.6510739087301588 0.815202380952381 0.651187251984127 0.8203409391534391 0.6496001984126984 0.8214285714285714 0.6473214285714286 0.8247354497354498 0.6436011904761905 0.831524470899471 0.6341847718253968 0.8462301587301587 0.6235119047619048 0.8484513888888889 0.6206964285714286 0.8484513888888889 0.6169558531746031 0.8452380952380952 0.6121031746031746 0.8376322751322751 0.605406746031746 0.8278974867724868 0.6014270833333334 0.8200386904761905 0.6001803075396825 0.8167989417989417 0.6019345238095238 0.808854828042328 0.6069811507936508 0.8034140211640212 0.6112884424603175 0.7919973544973545 0.6150793650793651 0.7824074074074074 0.6183035714285714 0.7792331349206348 0.6199030257936509
1 0.5773217592592592 0.3199828869047619 0.5774728835978836 0.32394990079365077 0.5810998677248678 0.3274637896825397 0.5907724867724868 0.33256448412698414 0.5996891534391534 0.3348315972222222 0.6069434523809524 0.3341512896825397 0.6091269841269841 0.3298611111111111 0.6123842592592592 0.32077628968253963 0.6208475529100529 0.308421378968254 0.6193783068783069 0.3070436507936508 0.6170634920634921 0.30357142857142855 0.6104497354497355 0.29985119047619047 0.6034672619047619 0.2990133928571429 0.5974222883597884 0.3001468253968254 0.5903191137566137 0.3098948412698413
1 0.2889629629629629 0.1733097718253968 0.2906746031746032 0.17584325396825398 0.2916666666666667 0.17807539682539683 0.2951593915343915 0.18045089285714286 0.30090244708994707 0.18317113095238097 0.3087612433862434 0.18521155753968255 0.3164689153439153 0.18611830357142856 0.32326984126984126 0.18407787698412698 0.32281646825396826 0.1772770337301587 0.3229675925925926 0.17058953373015873 0.32568816137566137 0.16458209325396825 0.32886177248677245 0.15936805555555555 0.3278039021164021 0.1565342261904762 0.3234209656084656 0.15256696428571428 0.3151087962962963 0.14928000992063492 0.30936574074074075 0.14848660714285714 0.3045297619047619 0.14973338293650795 0.30324074074074076 0.15302579365079366 0.2996934523809524 0.16163492063492063 0.29364814814814816 0.1676423611111111
2 0.8445760582010582 0.7340793650793651 0.872901455026455 0.7220979662698412 0.880130291005291 0.7170386904761904 0.8786845238095238 0.7101721230158731 0.8709738756613756 0.7047514880952381 0.8627814153439153 0.7033058035714286 0.827119708994709 0.7141475694444445 0.8227824074074074 0.7217366071428571 0.8266375661375661 0.7300486111111111 0.8357939814814814 0.735108134920635
2 0.614478835978836 0.37660714285714286 0.632004298941799 0.35973387896825393 0.6324861111111111 0.3546746031746032 0.6242936507936508 0.3510607638888889 0.6170648148148148 0.35178348214285715 0.6006798941798942 0.36768452380952377 0.599234126984127 0.3716599702380952 0.6074265873015873 0.37671924603174606
2 0.320760582010582 0.22073511904761905 0.3303253968253968 0.1989156746031746 0.32887962962962963 0.1949402281746032 0.32165079365079363 0.19204910714285714 0.3139401455026455 0.1927720734126984 0.3023743386243386 0.2126483134920635 0.30622949735449734 0.21879191468253967 0.3120125661375661 0.22168303571428571
0 0.5241402116402116 0.6899801587301587 0.5224867724867724 0.6994047619047619 0.5234788359788359 0.7237103174603174 0.52744708994709 0.7418154761904762 0.5343915343915344 0.7512400793650794 0.5347222222222222 0.7552083333333334 0.5423280423280423 0.7690972222222222 0.560515873015873 0.792906746031746 0.591931216931217 0.8159722222222222 0.6207010582010583 0.832093253968254 0.6349206349206349 0.8385416666666666 0.6511243386243386 0.8432539682539683 0.6610449735449735 0.8452380952380952 0.6818783068783069 0.8472222222222222 0.7099867724867724 0.8472222222222222 0.7232142857142857 0.8454861111111112 0.734457671957672 0.8420138888888888 0.7404100529100529 0.8385416666666666 0.7619047619047619 0.8601190476190477 0.7609126984126984 0.8630952380952381 0.7648809523809523 0.8663194444444444 0.7662037037037037 0.8692956349206349 0.7648809523809523 0.8722718253968254 0.7652116402116402 0.878968253968254 0.7681878306878307 0.8836805555555556 0.7933201058201058 0.8990575396825397 0.8015873015873016 0.902281746031746 0.8134920634920635 0.9092261904761905 0.8227513227513228 0.9131944444444444 0.845568783068783 0.9188988095238095 0.8617724867724867 0.9206349206349206 0.8779761904761905 0.919890873015873 0.9047619047619048 0.9151785714285714 0.9338624338624338 0.9017857142857143 0.9460978835978836 0.894593253968254 0.9487433862433863 0.8874007936507936 0.9484126984126984 0.8804563492063492 0.9460978835978836 0.8725198412698413 0.9437830687830688 0.8705357142857143 0.939484126984127 0.8588789682539683 0.9365079365079365 0.8568948412698413 0.9285714285714286 0.8454861111111112 0.9259259259259259 0.8365575396825397 0.9031084656084656 0.8027447916666667 0.9031084656084656 0.8000992063492064 0.91005291005291 0.7973710317460317 0.9189814814814815 0.7904265873015873 0.9322089947089947 0.7740575396825397 0.9381613756613757 0.7581845238095238 0.9408068783068783 0.7420634920634921 0.939484126984127 0.7264384920634921 0.9338624338624338 0.7056051587301587 0.9206349206349206 0.6755952380952381 0.9133597883597884 0.6629464285714286 0.8918650793650794 0.6356646825396826 0.878968253968254 0.6225198412698413 0.8601190476190477 0.6063988095238095 0.8303571428571429 0.5850694444444444 0.7962962962962963 0.5662202380952381 0.7827380952380952 0.5617559523809523 0.7585978835978836 0.5513392857142857 0.7513227513227513 0.5503472222222222 0.7407407407407407 0.546875 0.7367724867724867 0.5443948412698413 0.7331349206349206 0.5376984126984127 0.7314814814814815 0.5297619047619048 0.7238756613756614 0.5186011904761905 0.7212301587301587 0.5168650793650794 0.7116402116402116 0.501984126984127 0.7013888888888888 0.49404761904761907 0.6703042328042328 0.48759920634920634 0.6623677248677249 0.48660714285714285 0.6531084656084656 0.48735119047619047 0.6478174603174603 0.48908730158730157 0.6415343915343915 0.4930555555555556 0.6306216931216931 0.5014880952380952 0.6259920634920635 0.5079365079365079 0.6193783068783069 0.511656746031746 0.6127645502645502 0.5225694444444444 0.6121031746031746 0.5302579365079365 0.607473544973545 0.5461309523809523 0.6084656084656085 0.5523313492063492 0.5958994708994709 0.5669642857142857 0.5796957671957672 0.582093253968254 0.5720899470899471 0.591765873015873 0.5658068783068783 0.6051587301587301 0.5621693121693122 0.6312003968253969 0.5545634920634921 0.6460813492063492 0.5479497354497355 0.6493055555555556 0.5376984126984127 0.6612103174603174 0.5300925925925926 0.6743551587301587
0 0.41865079365079366 0.4035218253968254 0.4183201058201058 0.41517857142857145 0.42228835978835977 0.4243551587301587 0.4236111111111111 0.4322916666666667 0.43386243386243384 0.44419642857142855 0.46164021164021163 0.4660218253968254 0.4871031746031746 0.4781746031746032 0.49834656084656087 0.4818948412698413 0.5333994708994709 0.4878472222222222 0.5542328042328042 0.4885912698412698 0.5816798941798942 0.48313492063492064 0.5859788359788359 0.4809027777777778 0.5932539682539683 0.47445436507936506 0.6044973544973545 0.47197420634920634 0.6259920634920635 0.47544642857142855 0.6372354497354498 0.47619047619047616 0.6435185185185185 0.4759424603174603 0.6507936507936508 0.4739583333333333 0.658068783068783 0.46056547619047616 0.6650132275132276 0.4548611111111111 0.667989417989418 0.4496527777777778 0.667989417989418 0.44568452380952384 0.6633597883597884 0.43601190476190477 0.6630291005291006 0.43154761904761907 0.6762566137566137 0.42162698412698413 0.6891534391534392 0.4087301587301587 0.6934523809523809 0.40128968253968256 0.6947751322751323 0.39037698412698413 0.6931216931216931 0.38318452380952384 0.6861772486772487 0.3695436507936508 0.6722883597883598 0.35119047619047616 0.6504629629629629 0.33283730158730157 0.6207010582010583 0.3159722222222222 0.6190476190476191 0.3118385416666667 0.6193783068783069 0.3070436507936508 0.6144179894179894 0.30183531746031744 0.6091269841269841 0.2993551587301587 0.6015211640211641 0.2986111111111111 0.5978835978835979 0.2996031746031746 0.5941359126984127 0.3024139384920635 0.5701058201058201 0.2958829365079365 0.5661375661375662 0.2931547619047619 0.5618386243386243 0.28348214285714285 0.5535714285714286 0.27331349206349204 0.5224867724867724 0.2601686507936508 0.5145502645502645 0.2591765873015873 0.5059523809523809 0.2621527777777778 0.49173280423280424 0.28422619047619047 0.4738756613756614 0.28794642857142855 0.4603174603174603 0.2924107142857143 0.4503968253968254 0.30009920634920634 0.44642857142857145 0.30505952380952384 0.4375 0.32018849206349204 0.435515873015873 0.3271329365079365 0.4365079365079365 0.3395337301587302 0.4408068783068783 0.3509424603174603 0.44113756613756616 0.3559027777777778 0.4298941798941799 0.37648809523809523
0 0.15013227513227514 0.1827876984126984 0.14947089947089948 0.19642857142857142 0.1541005291005291 0.20610119047619047 0.16170634920634921 0.2140376984126984 0.16468253968253968 0.22073412698412698 0.16071428571428573 0.2333829365079365 0.15806878306878308 0.25669642857142855 0.15542328042328044 0.26785714285714285 0.15542328042328044 0.27628968253968256 0.16104497354497355 0.2899305555555556 0.1712962962962963 0.30431547619047616 0.18915343915343916 0.3167162698412698 0.20238095238095238 0.3216765873015873 0.20436507936507936 0.32415674603174605 0.2222222222222222 0.3325892857142857 0.22784391534391535 0.3333333333333333 0.2443783068783069 0.3400297619047619 0.2824074074074074 0.345734126984127 0.3098544973544973 0.34672619047619047 0.32142857142857145 0.3454861111111111 0.3419312169312169 0.3395337301587302 0.35085978835978837 0.3318452380952381 0.359457671957672 0.3216765873015873 0.3644179894179894 0.3100198412698413 0.3673941798941799 0.3070436507936508 0.37566137566137564 0.29191468253968256 0.3819444444444444 0.28348214285714285 0.40244708994708994 0.2743055555555556 0.4087301587301587 0.26959325396825395 0.419973544973545 0.24851190476190477 0.421957671957672 0.23660714285714285 0.41534391534391535 0.22371031746031747 0.41203703703703703 0.2214781746031746 0.40906084656084657 0.2160218253968254 0.4011243386243386 0.20858134920634921 0.3978174603174603 0.20734126984126985 0.37996031746031744 0.19419642857142858 0.3740079365079365 0.19146825396825398 0.35912698412698413 0.1810515873015873 0.3488756613756614 0.1775793650793651 0.33465608465608465 0.1701388888888889 0.330026455026455 0.1691468253968254 0.3263888888888889 0.16567460317460317 0.3263888888888889 0.15773809523809523 0.3247354497354497 0.1552579365079365 0.31977513227513227 0.1527777777777778 0.31746031746031744 0.14905753968253968 0.30886243386243384 0.14905753968253968 0.30345734126984125 0.1479188988095238 0.29801190476190476 0.1406956845238095 0.280837962962963 0.13315823412698413 0.2510975529100529 0.12938963293650793 0.24188227513227514 0.13786904761904764 0.24146329365079364 0.14666269841269844 0.21329365079365079 0.1463293650793651 0.18816137566137567 0.14955357142857142 0.17195767195767195 0.1535218253968254 0.16071428571428573 0.15997023809523808 0.1541005291005291 0.17063492063492064
0 0.3558201058201058 0.16790674603174602 0.35548941798941797 0.171875 0.3587962962962963 0.17981150793650794 0.36772486772486773 0.18625992063492064 0.38326719576719576 0.1949404761904762 0.3941798941798942 0.20386904761904762 0.4027777777777778 0.2088293650793651 0.4169973544973545 0.22395833333333334 0.421957671957672 0.23561507936507936 0.42162698412698413 0.24603174603174602 0.40674603174603174 0.2720734126984127 0.4007936507936508 0.2787698412698413 0.3955026455026455 0.2795138888888889 0.39616402116402116 0.2839781746031746 0.39914021164021163 0.2874503968253968 0.41865079365079366 0.2961309523809524 0.44212962962962965 0.3020833333333333 0.4460978835978836 0.3020833333333333 0.4599867724867725 0.29117063492063494 0.4685846560846561 0.28794642857142855 0.48412698412698413 0.2849702380952381 0.4880952380952381 0.283234126984127 0.49206349206349204 0.28000992063492064 0.49437830687830686 0.2740575396825397 0.5016534391534392 0.26711309523809523 0.5386904761904762 0.24553571428571427 0.5486111111111112 0.2418154761904762 0.5522486772486772 0.2378472222222222 0.5539021164021164 0.22817460317460317 0.5522486772486772 0.2197420634920635 0.5343915343915344 0.20238095238095238 0.5085978835978836 0.1847718253968254 0.48908730158730157 0.17609126984126985 0.4669312169312169 0.1684027777777778 0.45535714285714285 0.16319444444444445 0.4503968253968254 0.15104166666666666 0.43882275132275134 0.14434523809523808 0.42857142857142855 0.14186507936507936 0.4183201058201058 0.14211309523809523 0.4064153439153439 0.15327380952380953 0.38591269841269843 0.15376984126984128 0.3776455026455027 0.15600198412698413 0.37334656084656087 0.15500992063492064 0.37003968253968256 0.15575396825396826
0 0.16534391534391535 0.07043650793650794 0.16600529100529102 0.08134920634920635 0.1746031746031746 0.09151785714285714 0.17526455026455026 0.09449404761904762 0.16765873015873015 0.1433531746031746 0.16865079365079366 0.14955357142857142 0.1712962962962963 0.15252976190476192 0.2037037037037037 0.1463293650793651 0.23743386243386244 0.14608134920634921 0.2447089947089947 0.14484126984126985 0.2457010582010582 0.1433531746031746 0.24371693121693122 0.14012896825396826 0.2490079365079365 0.13095238095238096 0.25066137566137564 0.1297123015873016 0.2562830687830688 0.12946428571428573 0.26884920634920634 0.13194444444444445 0.2781084656084656 0.13516865079365079 0.2794312169312169 0.13665674603174602 0.2824074074074074 0.13690476190476192 0.2843915343915344 0.13864087301587302 0.3002645502645503 0.1433531746031746 0.30687830687830686 0.14756944444444445 0.3191137566137566 0.15004960317460317 0.3263888888888889 0.15550595238095238 0.3290343915343915 0.16319444444444445 0.33134920634920634 0.16592261904761904 0.3349867724867725 0.16592261904761904 0.33994708994708994 0.16294642857142858 0.3429232804232804 0.15873015873015872 0.3478835978835979 0.1453373015873016 0.359457671957672 0.14211309523809523 0.3673941798941799 0.13640873015873015 0.3680555555555556 0.12996031746031747 0.36673280423280424 0.12574404761904762 0.351521164021164 0.10714285714285714 0.3287037037037037 0.09126984126984126 0.28835978835978837 0.07465277777777778 0.28406084656084657 0.06398809523809523 0.2794312169312169 0.060515873015873016 0.27116402116402116 0.05853174603174603 0.26884920634920634 0.05679563492063492 0.25826719576719576 0.053323412698412696 0.2509920634920635 0.05233134920634921 0.24537037037037038 0.05357142857142857 0.24404761904761904 0.054811507936507936 0.2401134259259259 0.061318700396825396 0.2153998015873016 0.055979910714285715 0.18287037037037038 0.056051587301587304 0.17261904761904762 0.06101190476190476 0.16666666666666666 0.06721230158730158
0 0.328042328042328 0.08110119047619048 0.32837301587301587 0.08506944444444445 0.3293343253968254 0.08958358134920635 0.333994708994709 0.0920138888888889 0.3416005291005291 0.10044642857142858 0.3462301587301587 0.1029265873015873 0.3551587301587302 0.11086309523809523 0.36673280423280424 0.12425595238095238 0.3683862433862434 0.12872023809523808 0.3687169312169312 0.13442460317460317 0.36673280423280424 0.13913690476190477 0.35912698412698413 0.14459325396825398 0.35185185185185186 0.1463293650793651 0.34523809523809523 0.15600198412698413 0.3435846560846561 0.16170634920634921 0.3488756613756614 0.1671626984126984 0.3525132275132275 0.16790674603174602 0.35548941798941797 0.16666666666666666 0.357473544973545 0.16393849206349206 0.3687169312169312 0.15575396825396826 0.37896825396825395 0.15500992063492064 0.38955026455026454 0.15252976190476192 0.3948412698412698 0.1527777777777778 0.40674603174603174 0.1498015873015873 0.4080687830687831 0.14781746031746032 0.40773809523809523 0.14508928571428573 0.41104497354497355 0.14360119047619047 0.4130291005291005 0.14087301587301587 0.4212962962962963 0.13913690476190477 0.43386243386243384 0.14112103174603174 0.439484126984127 0.14384920634920634 0.44642857142857145 0.14508928571428573 0.44907407407407407 0.14831349206349206 0.4556878306878307 0.15228174603174602 0.4546957671957672 0.1545138888888889 0.45634920634920634 0.15873015873015872 0.4603174603174603 0.16121031746031747 0.4646164021164021 0.15476190476190477 0.4669312169312169 0.14756944444444445 0.46924603174603174 0.14558531746031747 0.4718915343915344 0.1433531746031746 0.4877645502645503 0.1378968253968254 0.49107142857142855 0.13516865079365079 0.4923941798941799 0.13020833333333334 0.49107142857142855 0.12103174603174603 0.47453703703703703 0.10689484126984126 0.4480820105820106 0.09176587301587301 0.4193928571428571 0.07984796626984127 0.4172986111111111 0.07231051587301587 0.4093399470899471 0.0666577380952381 0.38672056878306876 0.059120535714285716 0.3770863095238095 0.06728571428571428 0.3707010582010582 0.06671626984126984 0.3449074074074074 0.06572420634920635 0.33366402116402116 0.07118055555555555
0 0.3002645502645503 0.011904761904761904 0.29993386243386244 0.015625 0.3019179894179894 0.019345238095238096 0.31382275132275134 0.03249007936507937 0.32175925925925924 0.03819444444444445 0.32341269841269843 0.042245287698412695 0.3230820105820106 0.04836309523809524 0.3194444444444444 0.05357142857142857 0.31746031746031744 0.05505952380952381 0.30886243386243384 0.057291666666666664 0.3058862433862434 0.06770833333333333 0.30324074074074076 0.07142857142857142 0.30324074074074076 0.07762896825396826 0.30753968253968256 0.08134920634920635 0.32771164021164023 0.08878968253968254 0.3316798941798942 0.08854166666666667 0.3326719576719577 0.07465277777777778 0.3373015873015873 0.06944444444444445 0.3419312169312169 0.06671626984126984 0.359457671957672 0.06473214285714286 0.36574074074074076 0.061755952380952384 0.3921957671957672 0.05803571428571429 0.40145502645502645 0.06076388888888889 0.40773809523809523 0.06498015873015874 0.42063492063492064 0.06696428571428571 0.42857142857142855 0.0642361111111111 0.43386243386243384 0.060515873015873016 0.43452380952380953 0.053075396825396824 0.43353174603174605 0.05009920634920635 0.4193121693121693 0.03869047619047619 0.4044312169312169 0.030753968253968252 0.3915343915343915 0.025297619047619048 0.38657407407407407 0.024305555555555556 0.36904761904761907 0.01636904761904762 0.36574074074074076 0.013640873015873016 0.36144179894179895 0.012152777777777778 0.359457671957672 0.008432539682539682 0.35383597883597884 0.008680555555555556 0.3521825396825397 0.006696428571428571 0.3478835978835979 0.007192460317460317 0.3458994708994709 0.005704365079365079 0.32076719576719576 0.005456349206349206 0.31316137566137564 0.004464285714285714 0.30654761904761907 0.005456349206349206
0 0.2526455026455027 0 0.15707671957671956 0 0.15773809523809523 0.005456349206349206 0.1650132275132275 0.014550347222222223 0.16071428571428573 0.05505952380952381 0.16104497354497355 0.060515873015873016 0.16468253968253968 0.06547619047619048 0.16832010582010581 0.06473214285714286 0.17394179894179895 0.0597718253968254 0.19655026455026456 0.05472371031746032 0.24095138888888887 0.05974851190476191 0.24723445767195765 0.05189732142857143 0.261895171957672 0.053781498015873015 0.2794312169312169 0.060515873015873016 0.28406084656084657 0.06324404761904762 0.2896825396825397 0.0744047619047619 0.29662698412698413 0.07713293650793651 0.2996031746031746 0.07663690476190477 0.30787037037037035 0.057787698412698416 0.3115079365079365 0.05530753968253968 0.3191137566137566 0.05357142857142857 0.3220899470899471 0.05084325396825397 0.32341269841269843 0.046875 0.32242063492063494 0.04117063492063492 0.3167989417989418 0.03521825396825397 0.3002645502645503 0.021825396825396824