1 0.1424831349206349 0.5714500661375661 0.14583482142857143 0.5709441137566138 0.1491235119047619 0.5688359788359789 0.1511470734126984 0.5663905423280423 0.15146329365079367 0.5645357142857143 0.14849107142857143 0.5577053571428572 0.14709970238095238 0.5508753306878307 0.14589806547619047 0.5494417989417989 0.14368452380952382 0.5487671957671958 0.14083878968253968 0.5490201719576719 0.13773983134920634 0.5507066798941799 0.13641195436507939 0.5528148148148148 0.13761334325396823 0.5594761904761905 0.1368546626984127 0.5685830026455027 0.13818253968253968 0.5703538359788359 0.14026959325396826 0.5711127645502646
1 0.2589737103174603 0.5133521825396825 0.26162996031746033 0.5127619047619048 0.26422296626984126 0.5112440476190476 0.26567733134920635 0.5088829365079366 0.2634007936507936 0.5017999338624338 0.2626418650793651 0.4951385582010582 0.26162996031746033 0.4936207010582011 0.2596061507936508 0.4929460978835979 0.25726636904761907 0.49319907407407404 0.254546875 0.49429530423280427 0.2534717261904762 0.49615046296296295 0.2541041666666667 0.503317791005291 0.2530290178571428 0.5103164682539683 0.2547366071428571 0.5123402777777778
1 0.32655431547619046 0.5649884259259259 0.32928199404761904 0.5655079365079365 0.33193179563492065 0.5652999338624339 0.33465972222222223 0.5639490740740741 0.33684201388888885 0.5612473544973545 0.33699776785714286 0.5593769841269841 0.33442584325396824 0.5528300264550264 0.3338802083333333 0.5452443783068783 0.3326334325396826 0.5439973544973545 0.3299833829365079 0.5437896825396825 0.32663219246031744 0.5443091931216931 0.3244499007936508 0.5459718915343915 0.32468377976190477 0.5539732142857142 0.323281001984127 0.5615591931216931 0.3239823908730159 0.5636372354497354
1 0.40986855158730157 0.5056524470899472 0.4115830853174603 0.50773082010582 0.41524603174603175 0.5088740079365079 0.4181297123015873 0.5082503306878308 0.42054588293650796 0.506899470899471 0.4215590277777778 0.504717261904762 0.41968849206349207 0.49796296296296294 0.41914285714285715 0.49110449735449735 0.41735044642857144 0.48985747354497355 0.41540203373015877 0.4895456349206349 0.4129858630952381 0.4896494708994709 0.41142733134920634 0.49141600529100526 0.4112713293650794 0.4990019841269841
1 0.5586059027777778 0.499916335978836 0.5595181051587301 0.5014027777777778 0.5608859126984127 0.502618716931217 0.562811259920635 0.5036319444444445 0.564939484126984 0.5040373677248677 0.5673715277777778 0.5033617724867725 0.5693474702380952 0.501470238095238 0.569702132936508 0.5006597222222222 0.5684861111111111 0.4942417328042328 0.5687901785714286 0.48748611111111106 0.5678779761904762 0.48640509259259257 0.566155505952381 0.4854593253968254 0.5641287202380952 0.4852566137566137 0.5622033730158731 0.48572949735449733 0.5608353174603175 0.4872833994708995 0.5606832837301587 0.493093253968254
1 0.7028246527777778 0.4966795634920635 0.7040577876984127 0.4985806878306879 0.7054449404761904 0.4998650793650794 0.7068707837301588 0.5006871693121693 0.7093370535714286 0.5013551587301587 0.7124967757936508 0.5008928571428571 0.714423363095238 0.4990429894179894 0.7138454861111111 0.4924153439153439 0.7144620535714286 0.48553042328042323 0.7142306547619047 0.4844513888888889 0.7123425099206349 0.4835267857142857 0.7100305059523809 0.4828075396825397 0.7083735119047618 0.48275595238095237 0.7067552083333334 0.4833210978835979 0.706061507936508 0.48470833333333335 0.7054449404761904 0.4901547619047619
1 0.8118963293650793 0.541093253968254 0.8150376984126984 0.5347675264550265 0.8165121527777778 0.5280145502645502 0.8176981646825396 0.5268607804232804 0.8192368551587301 0.5266041666666667 0.8212884424603174 0.526817791005291 0.8226989087301587 0.5272453703703704 0.824141369047619 0.5284847883597883 0.8252953869047619 0.5301944444444444 0.8257760416666666 0.53151917989418 0.8252631448412698 0.533827380952381 0.8242695932539682 0.5381011904761905 0.824750496031746 0.5457946428571429 0.8232757936507936 0.5469487433862433 0.8214486607142858 0.547504298941799 0.8195575396825397 0.5477179232804232 0.8174097222222222 0.547504298941799 0.8148772321428571 0.5459656084656085 0.8132105654761904 0.5442559523809524 0.8120565476190477 0.5427172619047619
2 0.1716374007936508 0.573399470899471 0.17471875 0.5752962962962963 0.1795406746031746 0.5728680555555555 0.17836185515873015 0.5611541005291005 0.17782614087301588 0.5584401455026455 0.176218998015873 0.5572972883597884 0.17364732142857142 0.5574401455026455 0.17182564484126986 0.5585830026455026
2 0.28256498015873016 0.5172873677248677 0.2831527777777778 0.5106597222222222 0.2839027777777778 0.504374007936508 0.28583134920634923 0.5029457671957671 0.2886173115079365 0.5045168650793651 0.28904588293650796 0.5079454365079366 0.28904588293650796 0.5179451058201059 0.28754588293650796 0.5186590608465609 0.2854027777777778 0.5189447751322751
2 0.35676587301587304 0.5553716931216931 0.3555870535714286 0.5679424603174603 0.3565513392857143 0.5696567460317461 0.3580515873015873 0.5697996031746032 0.3608375496031746 0.5702281746031745 0.36223040674603174 0.5687996031746032 0.3626589781746032 0.5558002645502645 0.36180183531746035 0.5543716931216931 0.35976612103174604 0.5533716931216931 0.35794444444444445 0.5538002645502645
2 0.4373105158730159 0.5108035714285715 0.43891790674603176 0.4993756613756614 0.4400964781746032 0.49780423280423275 0.44266815476190474 0.4980899470899471 0.44384672619047616 0.4999470899470899 0.4429895833333333 0.5122321428571429 0.44170386904761905 0.5130892857142858 0.43988219246031746 0.513375 0.43806051587301587 0.5125178571428571
2 0.5842259424603174 0.5048703703703704 0.5870706845238095 0.49407969576719574 0.5889992559523809 0.49293716931216935 0.591249503968254 0.493651455026455 0.5922140376984126 0.4965082671957672 0.589749503968254 0.5076507936507937 0.5876063988095238 0.5083647486772487 0.5849275793650793 0.5075079365079365
2 0.72875 0.5018839285714285 0.7320803571428571 0.4917721560846561 0.734437748015873 0.49062929894179896 0.7371165674603175 0.49234358465608463 0.7373308531746032 0.4950578703703704 0.7342234623015873 0.5056286375661375 0.7324017857142857 0.5062000661375662 0.729937251984127 0.5052000661375661
2 0.838969990079365 0.5468366402116402 0.8429694940476191 0.5364176587301587 0.8450052083333334 0.5362748015873016 0.848219742063492 0.5369890873015873 0.8484342757936508 0.5398462301587301 0.8456483134920635 0.5515598544973545 0.843719494047619 0.5515598544973545 0.839326388888889 0.5499884259259259
0 0.06299603174603174 0.5879629629629629 0.06274801587301587 0.6021825396825397 0.06398809523809523 0.609457671957672 0.06746031746031746 0.6134259259259259 0.06994047619047619 0.6134259259259259 0.07465277777777778 0.6170634920634921 0.07738095238095238 0.6173941798941799 0.08655753968253968 0.611441798941799 0.09052579365079365 0.6190476190476191 0.09126984126984126 0.623015873015873 0.09722222222222222 0.6259920634920635 0.10119047619047619 0.6299603174603174 0.10317460317460317 0.6402116402116402 0.10639880952380952 0.6474867724867724 0.11086309523809523 0.6640211640211641 0.11507936507936507 0.6709656084656085 0.125 0.6792328042328042 0.140625 0.685515873015873 0.1589781746031746 0.6815476190476191 0.16468253968253968 0.6815476190476191 0.1810515873015873 0.6709656084656085 0.18501984126984128 0.6656746031746031 0.1956845238095238 0.6587301587301587 0.19543650793650794 0.6550925925925926 0.19990079365079366 0.6408730158730159 0.19890873015873015 0.6299603174603174 0.2003968253968254 0.6259920634920635 0.19618055555555555 0.6220238095238095 0.19518849206349206 0.6167328042328042 0.19816468253968253 0.6150793650793651 0.20337301587301587 0.6157407407407407 0.21428571428571427 0.6127645502645502 0.22395833333333334 0.6021825396825397 0.22817460317460317 0.5925925925925926 0.22941468253968253 0.5813492063492064 0.22817460317460317 0.5744047619047619 0.22371031746031747 0.5694444444444444 0.21750992063492064 0.5671296296296297 0.20947420634920635 0.5681216931216931 0.2048611111111111 0.5667989417989417 0.1974206349206349 0.5588624338624338 0.18229166666666666 0.5525793650793651 0.17162698412698413 0.548941798941799 0.1535218253968254 0.5486111111111112 0.15104166666666666 0.5496031746031746 0.14037698412698413 0.5476190476190477 0.13219246031746032 0.5539021164021164 0.12996031746031747 0.5532407407407407 0.12351190476190477 0.558531746031746 0.11929563492063493 0.5598544973544973 0.10367063492063493 0.5720899470899471 0.0954861111111111 0.5747354497354498 0.09151785714285714 0.5744047619047619 0.09151785714285714 0.5753968253968254 0.0845734126984127 0.5734126984126984 0.07390873015873016 0.578042328042328 0.06770833333333333 0.5783730158730159
0 0.1892361111111111 0.5248015873015873 0.1892361111111111 0.5343915343915344 0.19246031746031747 0.5433201058201058 0.20014880952380953 0.5502645502645502 0.20337301587301587 0.5512566137566137 0.20610119047619047 0.5499338624338624 0.22991071428571427 0.5767195767195767 0.23065476190476192 0.5952380952380952 0.2316468253968254 0.5985449735449735 0.23735119047619047 0.6041666666666666 0.24479166666666666 0.6061507936507936 0.25148809523809523 0.6097883597883598 0.2619047619047619 0.6091269841269841 0.2611607142857143 0.6061507936507936 0.25818452380952384 0.6041666666666666 0.25148809523809523 0.5922619047619048 0.25148809523809523 0.578042328042328 0.25471230158730157 0.566468253968254 0.2611607142857143 0.5628306878306878 0.2690972222222222 0.5628306878306878 0.2720734126984127 0.5598544973544973 0.2795138888888889 0.5595238095238095 0.2931547619047619 0.5548941798941799 0.3020833333333333 0.5456349206349206 0.30927579365079366 0.5406746031746031 0.31125992063492064 0.5406746031746031 0.31398809523809523 0.5446428571428571 0.31820436507936506 0.542989417989418 0.32142857142857145 0.5436507936507936 0.328125 0.5406746031746031 0.330109126984127 0.5324074074074074 0.3298611111111111 0.5224867724867724 0.328125 0.5181878306878307 0.3134920634920635 0.517526455026455 0.3115079365079365 0.5188492063492064 0.30481150793650796 0.5085978835978836 0.2934027777777778 0.5006613756613757 0.2874503968253968 0.49933862433862436 0.2829861111111111 0.4966931216931217 0.26438492063492064 0.49537037037037035 0.25967261904761907 0.4933862433862434 0.25496031746031744 0.49404761904761907 0.21205357142857142 0.5115740740740741 0.19766865079365079 0.5119047619047619 0.19246031746031747 0.5158730158730159
0 0.25223214285714285 0.5777116402116402 0.25223214285714285 0.5916005291005291 0.2537202380952381 0.595568783068783 0.2621527777777778 0.6068121693121693 0.27306547619047616 0.603505291005291 0.2740575396825397 0.6064814814814815 0.2802579365079365 0.6101190476190477 0.28794642857142855 0.6180555555555556 0.29017857142857145 0.625 0.29117063492063494 0.6369047619047619 0.294890873015873 0.654431216931217 0.30456349206349204 0.6656746031746031 0.31473214285714285 0.6712962962962963 0.3196924603174603 0.6722883597883598 0.32862103174603174 0.6722883597883598 0.3454861111111111 0.6689814814814815 0.3611111111111111 0.66005291005291 0.3685515873015873 0.6514550264550265 0.37524801587301587 0.640542328042328 0.3774801587301587 0.6240079365079365 0.37624007936507936 0.6177248677248677 0.376984126984127 0.6130952380952381 0.37996031746031744 0.611441798941799 0.38913690476190477 0.6130952380952381 0.39732142857142855 0.6084656084656085 0.404265873015873 0.5952380952380952 0.4069940476190476 0.5863095238095238 0.40625 0.5740740740740741 0.4045138888888889 0.5697751322751323 0.39384920634920634 0.5661375661375662 0.38401116071428576 0.5674603174603174 0.37971230158730157 0.5654761904761905 0.3774801587301587 0.5598544973544973 0.3712797619047619 0.5525793650793651 0.3524305555555556 0.5446428571428571 0.3472222222222222 0.5436507936507936 0.3273809523809524 0.542989417989418 0.3097718253968254 0.5486111111111112 0.29092261904761907 0.5582010582010583 0.25992063492063494 0.5651455026455027 0.25496031746031744 0.5691137566137566
0 0.34846230158730157 0.5241402116402116 0.34846230158730157 0.5333994708994709 0.35143849206349204 0.5390211640211641 0.35912698412698413 0.5426587301587301 0.3628472222222222 0.5413359788359788 0.4072420634920635 0.5965608465608465 0.4099702380952381 0.6025132275132276 0.41716269841269843 0.6038359788359788 0.4310515873015873 0.5998677248677249 0.44642857142857145 0.5896164021164021 0.4521329365079365 0.5770502645502645 0.45287698412698413 0.558531746031746 0.45188492063492064 0.5525793650793651 0.45287698412698413 0.548941798941799 0.45436507936507936 0.5472883597883598 0.45783730158730157 0.5466269841269841 0.4623015873015873 0.5479497354497355 0.4704861111111111 0.546957671957672 0.4781746031746032 0.5396825396825397 0.48040674603174605 0.5360449735449735 0.4818948412698413 0.5300925925925926 0.48115079365079366 0.515542328042328 0.4801587301587302 0.5125661375661376 0.4774305555555556 0.5099206349206349 0.455109126984127 0.5076058201058201 0.44246031746031744 0.4973544973544973 0.41517857142857145 0.49007936507936506 0.4072420634920635 0.4933862433862434 0.3975694444444444 0.49537037037037035 0.3871527777777778 0.5003306878306878 0.3792162698412698 0.5062830687830688 0.3722718253968254 0.5148809523809523 0.3665674603174603 0.5099206349206349 0.36259920634920634 0.5102513227513228 0.3566468253968254 0.5145502645502645 0.35193452380952384 0.5148809523809523
0 0.4982638888888889 0.5165343915343915 0.4982638888888889 0.5244708994708994 0.503968253968254 0.5367063492063492 0.5119047619047619 0.5433201058201058 0.5183531746031746 0.5453042328042328 0.5225694444444444 0.5443121693121693 0.5257936507936508 0.5456349206349206 0.5267857142857143 0.548941798941799 0.5262896825396826 0.5717592592592593 0.5275297619047619 0.576058201058201 0.5307539682539683 0.5810185185185185 0.5431547619047619 0.5912698412698413 0.5590277777777778 0.5949074074074074 0.5699404761904762 0.5949074074074074 0.5744047619047619 0.593584656084656 0.5828373015873016 0.58994708994709 0.5890376984126984 0.5843253968253969 0.591765873015873 0.5810185185185185 0.5939980158730159 0.5753968253968254 0.5974702380952381 0.5552248677248677 0.5974702380952381 0.5496031746031746 0.6001984126984127 0.5433201058201058 0.6091269841269841 0.5403439153439153 0.6163194444444444 0.541005291005291 0.6185515873015873 0.5396825396825397 0.6220238095238095 0.5357142857142857 0.626984126984127 0.5264550264550265 0.6267361111111112 0.5138888888888888 0.623015873015873 0.5069444444444444 0.6180555555555556 0.5049603174603174 0.6106150793650794 0.5046296296296297 0.6041666666666666 0.5085978835978836 0.5902777777777778 0.4937169312169312 0.5684523809523809 0.4880952380952381 0.5642361111111112 0.48478835978835977 0.5562996031746031 0.48908730158730157 0.5528273809523809 0.4877645502645503 0.5359623015873016 0.49272486772486773 0.519593253968254 0.5056216931216931 0.5158730158730159 0.5042989417989417 0.5029761904761905 0.5052910052910053 0.5002480158730159 0.5079365079365079
0 0.6418650793650794 0.5119047619047619 0.6413690476190477 0.5191798941798942 0.6421130952380952 0.5221560846560847 0.6475694444444444 0.5317460317460317 0.6515376984126984 0.5353835978835979 0.6552579365079365 0.5367063492063492 0.6646825396825397 0.5479497354497355 0.6644345238095238 0.5611772486772487 0.6654265873015873 0.566468253968254 0.6716269841269841 0.5787037037037037 0.6783234126984127 0.5826719576719577 0.6822916666666666 0.5873015873015873 0.6897321428571429 0.5889550264550265 0.6981646825396826 0.5932539682539683 0.7061011904761905 0.5942460317460317 0.7247023809523809 0.5902777777777778 0.7318948412698413 0.5836640211640212 0.736359126984127 0.5747354497354498 0.7408234126984127 0.5578703703703703 0.7420634920634921 0.5456349206349206 0.746031746031746 0.5413359788359788 0.7621527777777778 0.5373677248677249 0.7688492063492064 0.5307539682539683 0.7700892857142857 0.5287698412698413 0.7725694444444444 0.513558201058201 0.7710813492063492 0.5085978835978836 0.7666170634920635 0.5042989417989417 0.7482638888888888 0.5016534391534392 0.7445436507936508 0.5029761904761905 0.7380952380952381 0.49834656084656087 0.7356150793650794 0.49107142857142855 0.7321428571428571 0.4914021164021164 0.7127976190476191 0.4834656084656085 0.7105654761904762 0.48148148148148145 0.6793154761904762 0.48743386243386244 0.6641865079365079 0.4973544973544973 0.6525297619047619 0.5026455026455027 0.644593253968254 0.5036375661375662 0.6431051587301587 0.5056216931216931
0 0.7445436507936508 0.558531746031746 0.7445436507936508 0.5667989417989417 0.746031746031746 0.5710978835978836 0.7497519841269841 0.5750661375661376 0.7552083333333334 0.5853174603174603 0.7566964285714286 0.5856481481481481 0.7584325396825397 0.5889550264550265 0.7610781249999999 0.5889550264550265 0.7651289682539683 0.5932539682539683 0.7658730158730159 0.5998677248677249 0.7651289682539683 0.6021825396825397 0.7673611111111112 0.6160714285714286 0.7752976190476191 0.6306216931216931 0.7847222222222222 0.6388888888888888 0.7934027777777778 0.644510582010582 0.8070436507936508 0.6484788359788359 0.8152281746031746 0.6488095238095238 0.8251488095238095 0.6484788359788359 0.8335813492063492 0.6458333333333334 0.8435019841269841 0.6382275132275133 0.8464781746031746 0.6319444444444444 0.8539186507936508 0.6058201058201058 0.8732638888888888 0.580026455026455 0.8764880952380952 0.5803571428571429 0.8802083333333334 0.578042328042328 0.8836805555555556 0.5694444444444444 0.8851686507936508 0.5615079365079365 0.8834325396825397 0.5539021164021164 0.8797123015873016 0.5496031746031746 0.8766530257936508 0.5463888888888889 0.8641081349206349 0.5451653439153439 0.8524811507936508 0.5459808201058202 0.8280029761904761 0.5337460317460317 0.8211805555555556 0.5287698412698413 0.8174603174603174 0.5287698412698413 0.8110119047619048 0.533068783068783 0.8090277777777778 0.5304232804232805 0.8040674603174603 0.5291005291005291 0.7896825396825397 0.5297619047619048 0.7827380952380952 0.5317460317460317 0.7745535714285714 0.5363756613756614 0.7678571428571429 0.5433201058201058 0.7663690476190477 0.5472883597883598 0.7633928571428571 0.5492724867724867 0.7477678571428571 0.5532407407407407
0 0.9350198412698413 0.5618386243386243 0.9357638888888888 0.5707671957671958 0.9407242063492064 0.576058201058201 0.9444444444444444 0.5843253968253969 0.9432043650793651 0.5916005291005291 0.9444444444444444 0.6021825396825397 0.9499007936507936 0.6111111111111112 0.9583333333333334 0.6203703703703703 0.9734623015873016 0.6299603174603174 0.9885912698412699 0.6355820105820106 0.9997519841269841 0.6359126984126984 0.9997519841269841 0.5360449735449735 0.9846230158730159 0.5291005291005291 0.9675099206349206 0.5287698412698413 0.9593253968253969 0.531084656084656 0.9469246031746031 0.5383597883597884 0.9437003968253969 0.5433201058201058 0.9439484126984127 0.5529100529100529 0.9399801587301587 0.5572089947089947 0.9360119047619048 0.558531746031746
0 0.8174603174603174 0.5099206349206349 0.8157242063492064 0.5125661375661376 0.8174603174603174 0.5224867724867724 0.8194444444444444 0.5261243386243386 0.8246527777777778 0.5287698412698413 0.828125 0.5327380952380952 0.8417718253968254 0.5390479497354497 0.8439136904761905 0.5357853835978835 0.8481974206349205 0.5370085978835979 0.8491153273809523 0.5419027777777777 0.8524811507936508 0.5472043650793651 0.8763469742063492 0.5463888888888889 0.8852202380952381 0.5533217592592592 0.8873621031746032 0.5618862433862434 0.8849144345238095 0.5749368386243386 0.8807043650793651 0.5816798941798942 0.8816964285714286 0.5846560846560847 0.8836805555555556 0.5859788359788359 0.8943452380952381 0.580026455026455 0.9017857142857143 0.5740740740740741 0.9060019841269841 0.5648148148148148 0.9087301587301587 0.5529100529100529 0.9141865079365079 0.5390211640211641 0.9206349206349206 0.5343915343915344 0.9288194444444444 0.5205026455026455 0.9322916666666666 0.5168650793650794 0.9340277777777778 0.5082671957671958 0.9325396825396826 0.5042989417989417 0.9253472222222222 0.49834656084656087 0.9216269841269841 0.49834656084656087 0.9134424603174603 0.5056216931216931 0.9007936507936508 0.4976851851851852 0.8829365079365079 0.49074074074074076 0.8675595238095238 0.48743386243386244 0.8541666666666666 0.4871031746031746 0.8407738095238095 0.4904100529100529 0.8318452380952381 0.4976851851851852 0.8298611111111112 0.503968253968254 0.8298611111111112 0.5079365079365079 0.8315972222222222 0.5125661375661376 0.826140873015873 0.515542328042328 0.8214285714285714 0.5138888888888888 0.8199404761904762 0.5112433862433863
0 0.722718253968254 0.8657407407407407 0.722718253968254 0.8736772486772487 0.7244543650793651 0.8822751322751323 0.7237103174603174 0.8974867724867724 0.7224702380952381 0.9007936507936508 0.7229662698412699 0.9050925925925926 0.7261904761904762 0.9113756613756614 0.7346230158730159 0.9222883597883598 0.7450396825396826 0.9298941798941799 0.7544642857142857 0.9338624338624338 0.7690972222222222 0.9341931216931217 0.7795138888888888 0.9282407407407407 0.7849702380952381 0.9216269841269841 0.7874503968253969 0.9133597883597884 0.7991071428571429 0.8908730158730159 0.800843253968254 0.8835978835978836 0.8010912698412699 0.8720238095238095 0.7991071428571429 0.8627645502645502 0.7953869047619048 0.8548280423280423 0.7899305555555556 0.8528439153439153 0.7651289682539683 0.8544973544973545 0.7289186507936508 0.8591269841269841 0.7269345238095238 0.8597883597883598
0 0.6436011904761905 0.8756613756613757 0.6433531746031746 0.8799603174603174 0.6448412698412699 0.8862433862433863 0.6440972222222222 0.9007936507936508 0.6500496031746031 0.917989417989418 0.6609623015873016 0.9325396825396826 0.6731150793650794 0.9398148148148148 0.6783234126984127 0.941468253968254 0.6860119047619048 0.9417989417989417 0.6934523809523809 0.9401455026455027 0.7003968253968254 0.9368386243386243 0.707093253968254 0.9305555555555556 0.7113095238095238 0.9216269841269841 0.714781746031746 0.908068783068783 0.7217261904761905 0.8981481481481481 0.7232142857142857 0.8918650793650794 0.7204861111111112 0.8650793650793651 0.7194940476190477 0.8630952380952381 0.7152777777777778 0.861441798941799 0.7063492063492064 0.8607804232804233 0.6612103174603174 0.8650793650793651 0.6470734126984127 0.8687169312169312 0.6453373015873016 0.8703703703703703
0 0.558531746031746 0.8763227513227513 0.558531746031746 0.8872354497354498 0.5617559523809523 0.8958333333333334 0.5649801587301587 0.8998015873015873 0.5659722222222222 0.9054232804232805 0.5632440476190477 0.9143518518518519 0.5634920634920635 0.9212962962962963 0.5766369047619048 0.9391534391534392 0.5920138888888888 0.9497354497354498 0.6001984126984127 0.951058201058201 0.6098710317460317 0.9503968253968254 0.6225198412698413 0.9460978835978836 0.6282242063492064 0.9421296296296297 0.6336805555555556 0.9173280423280423 0.6411210317460317 0.9021164021164021 0.6423611111111112 0.8971560846560847 0.642609126984127 0.8716931216931217 0.6411210317460317 0.8680555555555556 0.6083829365079365 0.8683862433862434 0.6051587301587301 0.8703703703703703 0.6034226190476191 0.8693783068783069 0.5873015873015873 0.8697089947089947 0.5632440476190477 0.8726851851851852
0 0.4742063492063492 0.8912037037037037 0.4739583333333333 0.8974867724867724 0.47966269841269843 0.9176587301587301 0.47966269841269843 0.9265873015873016 0.47767857142857145 0.9375 0.47842261904761907 0.9457671957671958 0.4799107142857143 0.9490740740740741 0.5069444444444444 0.9639550264550265 0.5141369047619048 0.9656084656084656 0.5252976190476191 0.9642857142857143 0.5329861111111112 0.9606481481481481 0.5436507936507936 0.9487433862433863 0.5577876984126984 0.908068783068783 0.5595238095238095 0.8974867724867724 0.5572916666666666 0.8796296296296297 0.5562996031746031 0.8766534391534392 0.5538194444444444 0.8746693121693122 0.5186011904761905 0.8756613756613757 0.4809027777777778 0.8809523809523809 0.47544642857142855 0.8835978835978836
0 0.3732638888888889 0.8974867724867724 0.3725198412698413 0.9047619047619048 0.373015873015873 0.9110449735449735 0.375 0.9156746031746031 0.37475198412698413 0.9216269841269841 0.3794642857142857 0.9292328042328042 0.3869047619047619 0.9503968253968254 0.39632936507936506 0.9616402116402116 0.4045138888888889 0.9656084656084656 0.4184027777777778 0.9666005291005291 0.4270833333333333 0.9639550264550265 0.44990079365079366 0.9500661375661376 0.4513888888888889 0.9365079365079365 0.451140873015873 0.9176587301587301 0.4521329365079365 0.9077380952380952 0.45089285714285715 0.8835978835978836 0.4496527777777778 0.8816137566137566 0.4079861111111111 0.8835978835978836 0.3792162698412698 0.8872354497354498 0.37648809523809523 0.8878968253968254 0.37450396825396826 0.8902116402116402
0 0.2767857142857143 0.921957671957672 0.2750496031746032 0.9295634920634921 0.27728174603174605 0.9375 0.28422619047619047 0.9474206349206349 0.28918650793650796 0.9642857142857143 0.2961309523809524 0.9728835978835979 0.3020833333333333 0.9771825396825397 0.310515873015873 0.9794973544973545 0.31746031746031744 0.9798280423280423 0.32762896825396826 0.9775132275132276 0.3345734126984127 0.9738756613756614 0.34250992063492064 0.9672619047619048 0.34871031746031744 0.9593253968253969 0.35466269841269843 0.9457671957671958 0.35813492063492064 0.9312169312169312 0.3705357142857143 0.9057539682539683 0.3732638888888889 0.8902116402116402 0.3705357142857143 0.888558201058201 0.35887896825396826 0.8888888888888888 0.28621031746031744 0.8951719576719577 0.2837301587301587 0.8974867724867724 0.279265873015873 0.9166666666666666
0 0.18253968253968253 0.9249338624338624 0.18353174603174602 0.9384920634920635 0.18204365079365079 0.9500661375661376 0.18501984126984128 0.9560185185185185 0.1847718253968254 0.9599867724867724 0.18774801587301587 0.9656084656084656 0.2003968253968254 0.9718915343915344 0.20634920634920634 0.9811507936507936 0.21329365079365079 0.9857804232804233 0.22172619047619047 0.9887566137566137 0.2333829365079365 0.9884259259259259 0.25148809523809523 0.9798280423280423 0.26612103174603174 0.9629629629629629 0.27356150793650796 0.9454365079365079 0.2748015873015873 0.9398148148148148 0.27356150793650796 0.9302248677248677 0.27455357142857145 0.9242724867724867 0.2805059523809524 0.908068783068783 0.28249007936507936 0.8974867724867724 0.28000992063492064 0.8955026455026455 0.24185094246031746 0.8981481481481481 0.22395833333333334 0.8971560846560847 0.20982142857142858 0.8991402116402116 0.2058531746031746 0.9021164021164021 0.203125 0.9004629629629629 0.19246031746031747 0.9017857142857143 0.18874007936507936 0.9054232804232805
0 0.08159722222222222 0.9136904761904762 0.0818452380952381 0.9255952380952381 0.08060515873015874 0.9322089947089947 0.08209325396825397 0.9388227513227513 0.08705357142857142 0.9500661375661376 0.09722222222222222 0.9596560846560847 0.09995039682539683 0.9656084656084656 0.10069444444444445 0.9768518518518519 0.10590277777777778 0.9841269841269841 0.1232638888888889 0.9880952380952381 0.1331845238095238 0.986441798941799 0.14732142857142858 0.9808201058201058 0.15252976190476192 0.9775132275132276 0.16567460317460317 0.9636243386243386 0.17336309523809523 0.9500661375661376 0.1746031746031746 0.9457671957671958 0.17609126984126985 0.9358465608465608 0.1746031746031746 0.9196428571428571 0.17708333333333334 0.9050925925925926 0.1746031746031746 0.9031084656084656 0.12202380952380952 0.904431216931217 0.10813492063492064 0.9067460317460317 0.0845734126984127 0.9077380952380952 0.08234126984126984 0.9103835978835979