1 0.19994921875 0.48399166666666665 0.20533437499999999 0.4844763888888889 0.20868359375 0.48837638888888885 0.2113390625 0.48775972222222225 0.21503437500000003 0.4832444444444444 0.21641953125 0.47729305555555557 0.21722812500000002 0.47216111111111114 0.21699687499999998 0.4645666666666667 0.21538046875 0.46107777777777775 0.21318671875 0.4571777777777778 0.2112234375 0.455125 0.20822109375000003 0.4543041666666667 0.2064890625 0.455125 0.20406484374999997 0.4586152777777777 0.20267890624999998 0.4614888888888889 0.20002343749999998 0.4616930555555555 0.198753125 0.462925 0.1975984375 0.4657986111111111 0.19644375 0.47010833333333335 0.196559375 0.47441944444444445 0.19713671875 0.4785236111111111
1 0.30348046875 0.22789583333333335 0.3075015625 0.22423472222222224 0.31038828125 0.21787222222222222 0.31050390625 0.21089305555555554 0.30969531250000004 0.20760972222222224 0.30600078124999996 0.20678888888888888 0.30334531249999996 0.19898888888888888 0.29999609375 0.19467916666666668 0.2961859375 0.19467916666666668 0.29318359374999997 0.19693611111111112 0.29087421875 0.20268333333333333 0.29052812499999997 0.20945694444444443 0.2917984375 0.2154097222222222 0.29318359374999997 0.22218194444444445 0.2948 0.2262875 0.29814921875 0.22854583333333334 0.30138203125 0.22834027777777777
1 0.433571875 0.44197222222222227 0.4373609375 0.44148888888888893 0.43921328125 0.43709861111111115 0.44127109375 0.4325263888888889 0.44240312499999995 0.42649027777777776 0.4431234375 0.4221 0.4431234375 0.4180763888888889 0.44147734375000003 0.41423611111111114 0.43921328125 0.41075972222222223 0.43705234375 0.4091138888888889 0.43417109375 0.4083819444444445 0.431084375 0.4089305555555556 0.4290265625 0.4103944444444444 0.42624765625 0.41332083333333336 0.42449843749999994 0.4180763888888889 0.42449843749999994 0.4237472222222222 0.42439609375 0.42905138888888883 0.42501328125000004 0.43362361111111114 0.4267625 0.43746527777777783 0.42923203125000003 0.4409402777777777
1 0.55300234375 0.15579305555555556 0.5518703125 0.15037777777777778 0.5505328125 0.14690277777777777 0.54868046875 0.1450736111111111 0.5463140625 0.14415833333333333 0.5431242187499999 0.1450736111111111 0.54147734375 0.14726805555555555 0.5395226562500001 0.1500111111111111 0.5373617187499999 0.15458472222222222 0.53664140625 0.15732777777777776 0.53715546875 0.16226666666666667 0.53880234375 0.16811944444444446 0.541271875 0.17177777777777778 0.54507890625 0.17415555555555556 0.54878359375 0.1734236111111111 0.55135546875 0.1694 0.5541343750000001 0.1633638888888889
1 0.68918671875 0.38582361111111113 0.689825 0.3807291666666667 0.6900304687500001 0.37579166666666663 0.6881781250000001 0.37066944444444444 0.6854 0.36755972222222216 0.68293046875 0.36628055555555555 0.6802546875 0.36719444444444443 0.6774765625 0.36719444444444443 0.67521328125 0.3682916666666667 0.673875 0.37323055555555557 0.672640625 0.3787180555555556 0.6731546875000001 0.3854847222222222 0.6751101562499999 0.38950972222222224 0.678403125 0.39426527777777776 0.6816953125 0.3949972222222223 0.68498828125 0.39316805555555556
1 0.7881265625 0.14452361111111112 0.790175 0.141225 0.79110078125 0.13811527777777777 0.7908953125 0.13409166666666666 0.78966015625 0.1302513888888889 0.7880140625000001 0.12640972222222221 0.7856468750000001 0.12476388888888888 0.78266328125 0.12567777777777778 0.7786500000000001 0.13189722222222222 0.7737109375 0.13409166666666666 0.77155 0.1372013888888889 0.7709328125 0.14159166666666667 0.771653125 0.14707777777777778 0.7730937499999999 0.15183333333333332 0.7754601562500001 0.15695555555555554 0.77844453125 0.15878472222222223 0.782971875 0.15713888888888888
1 0.89259921875 0.3667472222222222 0.8988140625 0.3699361111111111 0.90152890625 0.36493194444444443 0.90243359375 0.35510277777777777 0.900825 0.3500986111111111 0.8939882812500001 0.34652361111111113 0.88795625 0.3427708333333333 0.8847390624999999 0.34420138888888885 0.8821249999999999 0.34741805555555555 0.8813203125 0.3520638888888889 0.8816218750000001 0.3579611111111112 0.8821249999999999 0.36564583333333334
1 0.956640625 0.1351125 0.9581898437499999 0.13190833333333335 0.95788828125 0.12511805555555555 0.9567828125 0.12172222222222222 0.9550734375 0.11814861111111111 0.9521578125 0.11689722222222222 0.95034765625 0.12333055555555555 0.948940625 0.12887083333333335 0.94733203125 0.13315972222222222 0.9414 0.13977222222222221 0.9423046875000001 0.14424027777777776 0.9446171874999999 0.14745694444444443 0.9482367187499999 0.14870833333333333 0.9524593749999999 0.14870833333333333 0.954871875 0.14835
2 0.2578125 0.21944444444444444 0.25796328125 0.2312972222222222 0.2644859375 0.2332972222222222 0.26965859375 0.23449583333333332 0.2734828125 0.2241013888888889 0.26484375 0.21666666666666667
2 0.17049140625 0.48614722222222223 0.17680703125 0.4865611111111111 0.18085546875 0.4853611111111111 0.18535390624999998 0.48336250000000003 0.187378125 0.47736527777777776 0.18580390625 0.47136805555555555 0.1826546875 0.4685694444444444 0.17725703125 0.4705680555555556 0.17298359375 0.47136805555555555 0.169384375 0.4741666666666666
2 0.3884578125 0.4377847222222222 0.39430546875 0.43938333333333335 0.39970390624999996 0.43858333333333327 0.401953125 0.4325861111111111 0.40105312499999995 0.42539027777777777 0.39970390624999996 0.42099166666666665 0.39453046875000003 0.42059305555555554 0.3880078125 0.42299166666666665 0.38628125 0.4283402777777777 0.38695625 0.43433750000000004
2 0.50330703125 0.1773347222222222 0.508228125 0.1789527777777778 0.5102523437500001 0.17495416666666666 0.51115234375 0.16935694444444443 0.51002734375 0.16535833333333333 0.50530390625 0.1589625 0.5021554687500001 0.15816249999999998 0.49990625 0.1593611111111111 0.49923124999999996 0.16455972222222223 0.49923124999999996 0.17055694444444444
2 0.635690625 0.3867291666666667 0.6411546875 0.38857361111111116 0.64430390625 0.38217638888888883 0.64385390625 0.3749791666666667 0.64070546875 0.3709819444444445 0.63710625 0.3725805555555555 0.6344078125 0.3753791666666667 0.6337328125 0.3829763888888889
2 0.74191953125 0.15348611111111113 0.74709296875 0.1530861111111111 0.7497921875 0.14509027777777778 0.7500171875 0.13789305555555556 0.7468679687499999 0.13509444444444443 0.74326953125 0.13549444444444445 0.7401203125 0.14389027777777777 0.7394453125 0.1486888888888889
2 0.8517109375 0.35681666666666667 0.8543539062500001 0.35562361111111107 0.856603125 0.35762222222222223 0.8615507812500001 0.3588222222222222 0.8617757812500001 0.34322916666666664 0.8597515625 0.3384319444444444 0.8550281249999999 0.3392319444444445 0.85277890625 0.3436291666666667 0.8509796875 0.3488277777777778
2 0.9192640624999999 0.14434166666666667 0.9236289062499999 0.14652500000000002 0.9272281250000001 0.1437263888888889 0.92992734375 0.13413055555555556 0.92970234375 0.12933194444444446 0.9265531250000001 0.12813333333333332 0.92385390625 0.12933194444444446 0.9195804687500001 0.13572916666666665
0 0.04646484375 0.30170416666666666 0.05 0.3485972222222222 0.07734375 0.35831944444444447 0.09453125 0.3930416666666667 0.10625 0.3999861111111111 0.1328125 0.3930416666666667 0.165625 0.3485972222222222 0.1863578125 0.2886472222222222 0.19582578125 0.2746208333333333 0.19424765625 0.2297388888888889 0.1800453125 0.22412916666666666 0.16268671875000001 0.20870138888888887 0.15546875 0.20137500000000003 0.1359375 0.18193055555555557 0.12578125 0.1791527777777778 0.1078125 0.18609722222222225 0.08671875 0.21248611111111113 0.07578125 0.2402638888888889 0.06796875 0.28470833333333334
0 0.021875 0.44305555555555554 0.0125 0.4930555555555556 0 0.5027777777777778 0 0.5458333333333333 0.01875 0.5555555555555556 0.028125 0.5875 0.04453125 0.6111111111111112 0.05625 0.6138888888888889 0.0796875 0.6027777777777777 0.10234375 0.5638888888888889 0.10982109375 0.5312875 0.11796875 0.5208333333333334 0.11640625 0.4791666666666667 0.10903203125000001 0.4681722222222222 0.0921875 0.43333333333333335 0.059375 0.40694444444444444 0.03828125 0.41388888888888886
0 0.1359375 0.4666666666666667 0.1328125 0.49722222222222223 0.13671875 0.5097222222222222 0.14296875 0.5138888888888888 0.153125 0.5097222222222222 0.16328125 0.5180555555555556 0.17109375 0.5430555555555555 0.184375 0.5666666666666667 0.20078125 0.5819444444444445 0.2171875 0.5875 0.23203125 0.5847222222222223 0.25625 0.5652777777777778 0.26953125 0.5402777777777777 0.28046875 0.4930555555555556 0.3078125 0.475 0.31171875 0.4486111111111111 0.30703125 0.42083333333333334 0.303125 0.4166666666666667 0.28340859375 0.41627916666666664 0.27265625 0.4027777777777778 0.25234375 0.3638888888888889 0.2328125 0.3486111111111111 0.2125 0.3472222222222222 0.19453125 0.35555555555555557 0.18125 0.37083333333333335 0.16875 0.3958333333333333 0.15859375 0.4388888888888889
0 0.21328125 0.2222222222222222 0.2125 0.25277777777777777 0.2171875 0.2708333333333333 0.24921875 0.28194444444444444 0.26171875 0.3125 0.28515625 0.33611111111111114 0.31171875 0.3402777777777778 0.3359375 0.3277777777777778 0.35078125 0.3111111111111111 0.36640625 0.2777777777777778 0.3734375 0.25 0.38671875 0.22916666666666666 0.403125 0.22361111111111112 0.409375 0.21388888888888888 0.4109375 0.19027777777777777 0.40625 0.16527777777777777 0.39765625 0.15833333333333333 0.38125 0.16111111111111112 0.36875 0.15138888888888888 0.353125 0.11805555555555555 0.33828125 0.10277777777777777 0.303125 0.09861111111111111 0.2859375 0.10694444444444444 0.2703125 0.12361111111111112 0.25234375 0.1597222222222222 0.24375 0.19722222222222222
0 0.33311796875 0.40926527777777777 0.33046875 0.44722222222222224 0.334375 0.4625 0.35531250000000003 0.4652777777777778 0.3703125 0.4777777777777778 0.3859375 0.5152777777777777 0.41015625 0.5430555555555555 0.43174765624999994 0.5579361111111111 0.46883203125 0.5453125 0.48828125 0.5152777777777777 0.5027609375 0.49341944444444447 0.511440625 0.4485375 0.54375 0.43194444444444446 0.546875 0.3972222222222222 0.5390625 0.37916666666666665 0.503125 0.36944444444444446 0.48828125 0.33055555555555555 0.4640625 0.3013888888888889 0.42578125 0.29444444444444445 0.3984375 0.3125 0.3828125 0.33611111111111114 0.3671875 0.3861111111111111 0.3646796875 0.40085000000000004
0 0.43828125 0.1638888888888889 0.43828125 0.1986111111111111 0.4453125 0.21666666666666667 0.4796875 0.22083333333333333 0.49140625 0.2513888888888889 0.50859375 0.275 0.52578125 0.2875 0.55390625 0.2916666666666667 0.5765625 0.28055555555555556 0.59296875 0.2625 0.60546875 0.2361111111111111 0.6125 0.20833333333333334 0.64765625 0.17777777777777778 0.64921875 0.15 0.64296875 0.12361111111111112 0.609375 0.11388888888888889 0.6015625 0.09027777777777778 0.5859375 0.06388888888888888 0.5609375 0.04722222222222222 0.5359375 0.044444444444444446 0.521875 0.04861111111111111 0.5 0.06805555555555555 0.48359375 0.09027777777777778 0.47578125 0.13194444444444445
0 0.571875 0.3625 0.5703125 0.39305555555555555 0.57421875 0.4041666666666667 0.5935937499999999 0.40694444444444444 0.6078125 0.42083333333333334 0.62109375 0.4625 0.63359375 0.48333333333333334 0.665625 0.5055555555555555 0.6921875 0.5027777777777778 0.7078125 0.49166666666666664 0.728125 0.4625 0.740625 0.41944444444444445 0.76875 0.40694444444444444 0.77265625 0.3958333333333333 0.77265625 0.37222222222222223 0.76796875 0.3541666666666667 0.73828125 0.3333333333333333 0.72734375 0.3 0.7109375 0.2722222222222222 0.68125 0.25277777777777777 0.659375 0.25416666666666665 0.63515625 0.2722222222222222 0.61796875 0.3013888888888889 0.6078125 0.3347222222222222 0.59375 0.35138888888888886 0.578125 0.35138888888888886
0 0.67734375 0.1375 0.67734375 0.1638888888888889 0.684375 0.1875 0.70234375 0.18888888888888888 0.71640625 0.1986111111111111 0.7453125 0.24583333333333332 0.771875 0.2625 0.79765625 0.25833333333333336 0.81484375 0.24166666666666667 0.82578125 0.21944444444444444 0.83125 0.1875 0.8515625 0.16666666666666666 0.85859375 0.1527777777777778 0.85234375 0.1125 0.825 0.10138888888888889 0.8109375 0.06527777777777778 0.7984375 0.04583333333333333 0.784375 0.034722222222222224 0.76484375 0.030555555555555555 0.74609375 0.03333333333333333 0.73046875 0.04722222222222222 0.71796875 0.06666666666666667 0.71171875 0.09444444444444444 0.6984375 0.11944444444444445
0 0.79453125 0.3416666666666667 0.7953125 0.375 0.7984375 0.38333333333333336 0.82265625 0.4027777777777778 0.8515625 0.45416666666666666 0.875 0.46805555555555556 0.890625 0.4666666666666667 0.909375 0.45 0.921875 0.425 0.92734375 0.39444444444444443 0.95078125 0.3638888888888889 0.94921875 0.3263888888888889 0.92421875 0.30416666666666664 0.90625 0.25833333333333336 0.88203125 0.2375 0.859375 0.2388888888888889 0.84140625 0.25416666666666665 0.8296875 0.2777777777777778 0.82265625 0.30416666666666664
0 0.87265625 0.09861111111111111 0.86796875 0.11805555555555555 0.871875 0.1597222222222222 0.91015625 0.22777777777777777 0.93828125 0.24722222222222223 0.95390625 0.25 0.96796875 0.24027777777777778 0.978125 0.21944444444444444 0.9890625 0.17916666666666667 0.99921875 0.1736111111111111 0.99921875 0.13194444444444445 0.97734375 0.1125 0.96484375 0.0763888888888889 0.93984375 0.04027777777777778 0.9078125 0.04861111111111111 0.89453125 0.07361111111111111