1 0.38700703125 0.37588194444444445 0.39042421875 0.3761361111111111 0.3935828125 0.37490833333333334 0.39634609374999996 0.3694694444444444 0.39674140625 0.3664861111111111 0.3976296875 0.3508722222222222 0.40128125 0.3389416666666667 0.40187343750000004 0.3333263888888889 0.400590625 0.3257819444444444 0.39861640625 0.3228 0.395359375 0.32051944444444447 0.3914109375 0.3182375 0.38746328124999996 0.3171847222222222 0.38391015624999997 0.31806249999999997 0.38085 0.32034305555555553 0.37769140625 0.3240277777777778 0.37631015625 0.32981805555555554 0.3757171875 0.33402916666666665 0.3783828125 0.3463097222222222 0.37848125 0.3673638888888889 0.3795671875 0.3706972222222222 0.38302187499999996 0.37368055555555557
1 0.51351875 0.5816625000000001 0.51832578125 0.5813541666666666 0.52145078125 0.5774833333333333 0.52268125 0.5737805555555556 0.52258671875 0.5559402777777778 0.52608984375 0.5424763888888889 0.5252375 0.5372597222222222 0.5207875 0.5335569444444445 0.5170953125 0.5315375 0.5110359375 0.5322111111111111 0.50686953125 0.5340611111111111 0.505165625 0.5394472222222222 0.50639609375 0.5561083333333333 0.5065859374999999 0.5769777777777777 0.508384375 0.5796708333333334
1 0.34331796875 0.6555472222222223 0.34692578125 0.6550902777777778 0.35061875 0.6530708333333334 0.3514703125 0.6377555555555556 0.3545953125 0.6253013888888889 0.3545953125 0.6205888888888889 0.35260703125 0.6155402777777778 0.349009375 0.6128472222222222 0.3440859375 0.611163888888889 0.33878359375 0.6121736111111111 0.33736328125 0.6163819444444445 0.33717421875000003 0.6251333333333333 0.33726875 0.6338847222222223 0.3365109375 0.6481902777777778 0.33831015625 0.6515555555555556
1 0.45779218750000006 0.766838888888889 0.45778125000000003 0.7551694444444444 0.459390625 0.7443972222222223 0.45721328124999994 0.7405263888888889 0.45437265625 0.7385069444444444 0.4484078125 0.7381708333333332 0.44499921875000004 0.7391805555555556 0.44357968750000004 0.743725 0.443484375 0.7475958333333333 0.44537812499999996 0.7561791666666666 0.44556796875 0.7674541666666667 0.4469875 0.7696430555555556 0.450775 0.7706527777777777 0.455225 0.7699791666666667
1 0.32696484375 0.8033194444444445 0.3299484375 0.7934347222222222 0.32975859375 0.7902375 0.32814921875 0.7882180555555556 0.3242671875 0.7872083333333333 0.32000703124999996 0.7872083333333333 0.31621953125 0.7885541666666667 0.3163140625 0.7984847222222222 0.3163140625 0.8013458333333334 0.31603046875 0.8092555555555555 0.31640859374999997 0.8112750000000001 0.3194390625 0.8127888888888889 0.32332031250000004 0.8129583333333333 0.32559296875 0.811948611111111
1 0.40716953125 0.8886847222222222 0.4102640625 0.8895708333333333 0.41622890625000003 0.8887291666666667 0.41689218749999996 0.8764444444444444 0.41859609375 0.8676930555555556 0.41859609375 0.865 0.41698671875000004 0.8619708333333334 0.413578125 0.8609611111111112 0.40884375000000006 0.8607916666666666 0.40619296875 0.8614652777777778 0.40600390624999994 0.8661777777777778 0.4062875 0.8724055555555554 0.40713984375 0.8767805555555556 0.40742421875 0.8840180555555557
2 0.38788828125 0.37608888888888886 0.38782421875 0.38886666666666664 0.38716015625 0.3994944444444445 0.3857359375 0.40927916666666664 0.38146562500000003 0.40944722222222224 0.37728984374999996 0.4070861111111111 0.376340625 0.40320555555555554 0.3770046875 0.3843111111111111 0.377859375 0.3665972222222222 0.3788078125 0.3687902777777778 0.38146562500000003 0.3726708333333333 0.3847875 0.3745263888888889
2 0.50229296875 0.5730625 0.50229296875 0.5830708333333333 0.50193359375 0.5898861111111111 0.5014546875 0.5967 0.49774062499999994 0.5988291666666666 0.49366796874999996 0.5947833333333333 0.49390703125 0.5811555555555555 0.49390703125 0.5705069444444444 0.49690234375 0.5679513888888889 0.5003765625 0.5694430555555556
2 0.34359843749999996 0.6558555555555555 0.34384140625000004 0.6633305555555555 0.3432421875 0.6669513888888888 0.340965625 0.6671638888888889 0.33761171874999996 0.6660986111111111 0.337371875 0.6569430555555555 0.33761171874999996 0.6492763888888888 0.33916875 0.6524708333333333 0.341325 0.6543875
2 0.44481875000000004 0.7594194444444445 0.44525078125000006 0.7714541666666667 0.44489140625 0.7776305555555556 0.44153671875 0.7778430555555556 0.44009921875 0.7774166666666666 0.4403390625 0.7682611111111112 0.43962031250000005 0.7612333333333333 0.4399796875 0.756973611111111 0.4428546875 0.7584652777777778
2 0.40593828125 0.8679041666666666 0.40442656250000003 0.8691138888888889 0.403828125 0.8723083333333334 0.4037078125 0.8759277777777777 0.40346875000000004 0.8789097222222223 0.4037078125 0.8840208333333334 0.403828125 0.8887055555555556 0.40646328125000003 0.8882791666666667 0.4070625 0.8884930555555556 0.40766171875 0.8848722222222222 0.40718203124999997 0.8786972222222222 0.40694296874999997 0.87465
0 0.50546875 0.12361111111111112 0.5078125 0.18055555555555555 0.52265625 0.21944444444444444 0.53671875 0.24027777777777778 0.5671875 0.2652777777777778 0.6015625 0.27361111111111114 0.63671875 0.26666666666666666 0.6828125 0.2361111111111111 0.696875 0.2125 0.70546875 0.18472222222222223 0.71328125 0.1375 0.709375 0.09444444444444444 0.7 0.06805555555555555 0.66484375 0.006944444444444444 0.64453125 0 0.52890625 0.002777777777777778 0.52421875 0.020833333333333332 0.52109375 0.06527777777777778 0.5109375 0.09305555555555556
0 0.296875 0.2513888888888889 0.2953125 0.2791666666666667 0.29921875 0.3111111111111111 0.31875 0.35694444444444445 0.3484375 0.3875 0.357378125 0.39655 0.35504140624999997 0.4373986111111111 0.36283125 0.4498611111111111 0.38814765625000003 0.4547069444444445 0.393990625 0.4457069444444444 0.40100078124999994 0.4055513888888889 0.41953125 0.4013888888888889 0.44921875 0.3875 0.478125 0.35 0.4890625 0.30833333333333335 0.490625 0.2569444444444444 0.47265625 0.18888888888888888 0.47421875 0.15694444444444444 0.4703125 0.14027777777777778 0.45 0.09583333333333334 0.415625 0.07361111111111111 0.39921875 0.07083333333333333 0.38046875 0.0763888888888889 0.35859375 0.08888888888888889 0.34765625 0.10138888888888889 0.3328125 0.13055555555555556 0.3203125 0.18333333333333332 0.30390625 0.21388888888888888
0 0.43203125 0.46805555555555556 0.43125 0.5041666666666667 0.43984375 0.5388888888888889 0.45859375 0.5652777777777778 0.4609828125 0.6118680555555556 0.488246875 0.6229444444444444 0.4937 0.6139444444444445 0.4937 0.5883277777777778 0.527975 0.5876361111111111 0.55446015625 0.5800208333333333 0.58203125 0.5486111111111112 0.59609375 0.5138888888888888 0.59296875 0.45555555555555555 0.58515625 0.4375 0.57890625 0.4083333333333333 0.5796875 0.38472222222222224 0.56875 0.3472222222222222 0.53828125 0.31527777777777777 0.509375 0.30416666666666664 0.49453125 0.30416666666666664 0.48359375 0.3402777777777778 0.46796875 0.36944444444444446 0.45078125 0.3875 0.4484375 0.41388888888888886
0 0.2765625 0.5416666666666666 0.275 0.5777777777777777 0.278125 0.5944444444444444 0.2984375 0.6291666666666667 0.32131015625 0.6493861111111111 0.3220890625 0.6708472222222223 0.324815625 0.6777708333333333 0.3392265625 0.6840027777777778 0.34974296875 0.6840027777777778 0.35285859375 0.6597708333333334 0.38125 0.6527777777777778 0.3992078125 0.6417694444444445 0.4140625 0.6236111111111111 0.4203125 0.6027777777777777 0.4229671875 0.5676888888888889 0.41361875000000003 0.5372263888888889 0.41128203125 0.4659152777777778 0.39687109375 0.43683750000000005 0.38869140625 0.4562236111111111 0.36298515625 0.4506847222222222 0.35519531249999997 0.4423763888888889 0.35519531249999997 0.40775972222222223 0.33611015625 0.4070666666666667 0.31640625 0.41805555555555557 0.3015625 0.44027777777777777 0.28828125 0.5138888888888888
0 0.38828125 0.6777777777777778 0.38984375 0.7236111111111111 0.41015625 0.7541666666666667 0.41946171874999993 0.7601597222222223 0.4186828125 0.7823138888888889 0.43504140625 0.7940847222222222 0.44789453124999995 0.7726222222222222 0.48046875 0.7638888888888888 0.50625 0.7430555555555556 0.51640625 0.7208333333333333 0.515625 0.6861111111111111 0.50703125 0.6625 0.50631796875 0.6113069444444444 0.50242265625 0.5974597222222222 0.49502265625 0.596075 0.49346484375 0.6168458333333333 0.49034843749999996 0.6251541666666667 0.4603578125 0.6119986111111111 0.45802109375000005 0.5683819444444445 0.446875 0.5569444444444445 0.42421875 0.5666666666666667 0.4203125 0.6111111111111112 0.415625 0.6277777777777778 0.40078125 0.6472222222222223
0 0.26796875 0.7222222222222222 0.2671875 0.7472222222222222 0.27109375 0.7666666666666667 0.28125 0.7833333333333333 0.29921875 0.7972222222222223 0.30545390625 0.8022694444444445 0.3105171875 0.8188847222222222 0.32570703125 0.8258083333333334 0.33116015625 0.8181930555555557 0.33155 0.8098847222222222 0.3546875 0.8055555555555556 0.37578125 0.7902777777777777 0.38125 0.7763888888888889 0.38125 0.7375 0.37578125 0.7152777777777778 0.3734375 0.6694444444444444 0.36875 0.6583333333333333 0.3533609375 0.6596472222222223 0.34907656249999997 0.6866486111111111 0.3222015625 0.6755708333333333 0.32052734374999997 0.6462180555555556 0.3 0.6305555555555555 0.29296875 0.6305555555555555 0.2875 0.6375 0.27890625 0.6708333333333333 0.2796875 0.7041666666666667
0 0.36171875 0.8138888888888889 0.3609375 0.8375 0.36484375 0.8486111111111111 0.37734375 0.8638888888888889 0.39921875 0.875 0.40827890624999996 0.8791180555555556 0.41875 0.8777777777777778 0.44296875 0.8736111111111111 0.45625 0.8638888888888889 0.464365625 0.8486555555555556 0.46514453125 0.8216541666666667 0.45852343749999996 0.8098847222222222 0.45774453125000003 0.7690375 0.44761796875000004 0.7724986111111111 0.4371015625 0.7925763888888888 0.41840625 0.7856527777777778 0.41918515625 0.758651388888889 0.40243671875000003 0.7448055555555555 0.38841484375 0.7247277777777777 0.38062578125 0.7268041666666666 0.3802359375 0.7766527777777779 0.3734375 0.7958333333333333
0 0.28046875 0.7930555555555555 0.26875 0.8402777777777778 0.271875 0.8583333333333333 0.28046875 0.8736111111111111 0.30155859375 0.8888111111111111 0.30584296875 0.9026583333333333 0.3222015625 0.9054277777777778 0.326096875 0.8950430555555556 0.34765625 0.8875 0.3588140625 0.8756569444444444 0.35390625 0.8097222222222222 0.3359375 0.8097222222222222 0.327265625 0.8271930555555554 0.30973828124999997 0.8216541666666667 0.3015625 0.7986111111111112 0.2875 0.7875
0 0.35078125 0.8875 0.346875 0.9138888888888889 0.35390625 0.9291666666666667 0.3685515625 0.9379680555555555 0.36971953125 0.951813888888889 0.38646796875 0.9545833333333332 0.3899734375 0.946275 0.4140625 0.9402777777777778 0.42931171875 0.9324291666666668 0.4242484375 0.8825805555555555 0.3828125 0.8694444444444445 0.365625 0.8486111111111111 0.36171875 0.8486111111111111
0 0.06821328125000001 0.8426680555555556 0.059959375 0.8548097222222222 0.059675 0.8664444444444445 0.0650828125 0.8760569444444444 0.07105937500000001 0.8715041666666666 0.075896875 0.8699861111111111 0.079596875 0.8831388888888889 0.09098046875 0.8942680555555557 0.10492578125 0.9043861111111111 0.12370937500000001 0.9104569444444445 0.13423984375 0.908938888888889 0.14021640625 0.8993277777777777 0.14818437499999998 0.9008444444444443 0.15501484375000002 0.9114680555555554 0.15643828125 0.9008444444444443 0.14676171875 0.8735277777777779 0.13623203125 0.8730208333333334 0.13850859375 0.8421624999999999 0.13025546875 0.8209152777777777 0.11545625 0.8037152777777777 0.0953125 0.7986111111111112 0.08671875 0.8055555555555556 0.0828125 0.8111111111111111 0.08046875 0.8319444444444445 0.0793125 0.8431736111111111
0 0.0046875 0.7513888888888889 0 0.7541666666666667 0 0.8458333333333333 0.0138546875 0.8613861111111111 0.0329234375 0.8649277777777779 0.039468750000000004 0.8563277777777778 0.04487578125 0.8634097222222222 0.050567968750000004 0.8623972222222223 0.050567968750000004 0.8537972222222223 0.044307031250000004 0.8335625 0.03690703125 0.8264805555555556 0.03515625 0.8166666666666667 0.0375 0.7958333333333333 0.034375 0.7791666666666667 0.01499375 0.7591972222222222
0 0.12200156250000001 0.9129861111111112 0.12200156250000001 0.9251277777777778 0.135378125 0.9251277777777778 0.146875 0.9416666666666667 0.1703125 0.9555555555555556 0.190625 0.9583333333333334 0.20078125 0.95 0.20703125 0.95 0.21171875 0.9597222222222223 0.215625 0.9555555555555556 0.209375 0.9347222222222222 0.20083515625 0.9296805555555555 0.199696875 0.9190569444444444 0.19765625 0.9041666666666667 0.196875 0.8888888888888888 0.19296875 0.8763888888888889 0.1698140625 0.8623972222222223 0.15625 0.8611111111111112 0.146875 0.8708333333333333 0.1479 0.8790916666666667 0.15700703124999998 0.9028680555555556 0.15473046875000002 0.9094444444444444 0.14676171875 0.9018569444444444 0.14106953125 0.8998333333333334 0.1336703125 0.9094444444444444
0 0.0371921875 0.8568333333333332 0.03491484375 0.8639152777777778 0.027800000000000002 0.8639152777777778 0.02617734375 0.8751972222222223 0.031584375 0.8822791666666666 0.03813046875 0.8802555555555556 0.0455296875 0.8923972222222222 0.06232109375 0.90555 0.0796875 0.9152777777777777 0.09140625 0.9152777777777777 0.0973265625 0.9126319444444445 0.1010265625 0.9116208333333333 0.11013359375000001 0.9212319444444445 0.11155625 0.9131388888888889 0.10757187500000001 0.9009972222222221 0.09561875 0.8999861111111112 0.07825859375000001 0.8817736111111111 0.075128125 0.8701388888888889 0.06573671875 0.8767152777777778 0.059760156249999995 0.8655847222222223 0.06175234375000001 0.8519263888888888 0.06801328125 0.843326388888889 0.078125 0.8458333333333333 0.0796875 0.8388888888888889 0.0796875 0.8277777777777777 0.071875 0.8166666666666667 0.053125 0.8180555555555555 0.0453125 0.8347222222222223 0.05028359375 0.8522805555555556 0.0511375 0.8639152777777778
0 0.16015625 0.5375 0.15859375 0.5583333333333333 0.16328125 0.5777777777777777 0.1765625 0.5875 0.203125 0.5944444444444444 0.2078125 0.5805555555555556 0.21015625 0.5541666666666667 0.21338437500000002 0.5382972222222222 0.21423828125000002 0.5200861111111111 0.21395390625 0.4968152777777778 0.2078125 0.4875 0.196875 0.48055555555555557 0.178125 0.48333333333333334
0 0.0953125 0.5180555555555556 0.096875 0.5472222222222223 0.10390625 0.5611111111111111 0.14140625 0.575 0.14921875 0.5694444444444444 0.1515625 0.5597222222222222 0.15234375 0.4861111111111111 0.14140625 0.46805555555555556 0.12890625 0.46111111111111114 0.11328125 0.4652777777777778 0.10390625 0.5
0 0.0359375 0.4930555555555556 0.03515625 0.5111111111111111 0.0390625 0.5305555555555556 0.0453125 0.5402777777777777 0.0828125 0.5527777777777778 0.08873125 0.5504388888888888 0.089015625 0.5296972222222223 0.093 0.5135097222222222 0.0864546875 0.5018736111111111 0.093 0.47860277777777777 0.08616953125 0.45735555555555557 0.072225 0.4416736111111111 0.0546875 0.44166666666666665
0 0.00625 0.43333333333333335 0 0.4375 0 0.5222222222222223 0.03359375 0.5347222222222222 0.0359375 0.5319444444444444 0.0328125 0.5152777777777777 0.03515625 0.4777777777777778 0.0328125 0.4527777777777778 0.028125 0.44583333333333336 0.01786640625 0.4356027777777778