1 0.46211015624999996 0.6141833333333333 0.46992265624999996 0.6099861111111111 0.48135546875 0.6099861111111111 0.48391171875000005 0.6053152777777778 0.48483515625000007 0.6005194444444445 0.48490625 0.5872652777777778 0.48391171875000005 0.5828472222222222 0.48149765625 0.5791861111111112 0.46978046874999996 0.5781763888888889 0.46317578125000003 0.5721166666666666 0.459128125 0.5741375000000001 0.45607499999999995 0.5770402777777778 0.45394453125 0.5817111111111111 0.4515296875 0.5900416666666667 0.45195625 0.5974888888888888 0.45429921875 0.6055680555555556 0.45713984375 0.6107430555555555
1 0.5636203125 0.34190694444444447 0.57386484375 0.34126805555555556 0.5755125 0.33795694444444446 0.57637265625 0.33388194444444447 0.57630078125 0.3238222222222222 0.5747960937500001 0.31821805555555555 0.5735781249999999 0.31605416666666664 0.562975 0.3163083333333333 0.5542351562500001 0.3121055555555556 0.5520140625 0.31350694444444444 0.5499367187499999 0.3193638888888889 0.5490765625 0.32598611111111114 0.5492203124999999 0.3340097222222222 0.550653125 0.33910277777777775 0.55265859375 0.34317916666666665 0.5542351562500001 0.3444513888888889
1 0.63026875 0.6003625 0.6393875 0.6004902777777777 0.6403140625 0.5980833333333333 0.64109765625 0.5958041666666667 0.64145390625 0.5911180555555556 0.64145390625 0.5846597222222222 0.64088359375 0.5812402777777778 0.63917421875 0.5774416666666666 0.6305539062500001 0.5776944444444444 0.624640625 0.5732625 0.62086484375 0.5757958333333333 0.6187984375 0.5808611111111112 0.6178015625 0.5879527777777778 0.6180859375 0.5954236111111111 0.6202234375 0.6003625 0.62350078125 0.6020097222222223
1 0.67475078125 0.38932500000000003 0.68168984375 0.3883083333333333 0.68874296875 0.3881819444444444 0.690809375 0.387675 0.69280390625 0.38526944444444444 0.69351640625 0.37995 0.69351640625 0.3751375 0.6926617187499999 0.37159166666666665 0.6892421875 0.36893333333333334 0.6809062499999999 0.3690597222222222 0.6751359375 0.3676666666666667 0.6733546875 0.36969305555555554 0.67214375 0.3738722222222222 0.6712171875 0.3781777777777778 0.6717164062500001 0.38362222222222225 0.67292734375 0.387675
1 0.7194546875000001 0.5981861111111111 0.72501171875 0.5942611111111111 0.73063984375 0.5941333333333334 0.73206484375 0.5926138888888889 0.73363203125 0.5886888888888889 0.73363203125 0.5826097222222222 0.7326343750000001 0.5789375 0.73014140625 0.576911111111111 0.7247265625 0.5762777777777778 0.7186 0.5736194444444445 0.717175 0.5780513888888889 0.71639140625 0.5822305555555556 0.7162484375 0.5867888888888889 0.7164625 0.5921083333333333
1 0.75007109375 0.42429999999999995 0.755428125 0.42149444444444445 0.762196875 0.42136666666666667 0.76312265625 0.41807500000000003 0.76312265625 0.41186944444444445 0.76276640625 0.4076902777777777 0.7598453125 0.40351111111111115 0.7547875000000001 0.40452499999999997 0.749871875 0.40262499999999996 0.748090625 0.40604444444444443 0.747378125 0.4104763888888889 0.74744921875 0.4146555555555556 0.74780546875 0.4206069444444444
2 0.48482421875000004 0.5998986111111111 0.49156796875 0.5999388888888889 0.49288125000000005 0.5973694444444444 0.50115625 0.5971361111111111 0.50365234375 0.5955013888888889 0.50365234375 0.5868625 0.50352109375 0.5833611111111111 0.50063125 0.5807930555555555 0.4910421875 0.5800916666666667 0.48946562499999996 0.5786916666666667 0.480665625 0.5786916666666667 0.48197890625 0.581726388888889 0.48368671875 0.5835944444444444 0.48434296874999994 0.5875638888888889
2 0.57536875 0.35409722222222223 0.585471875 0.3539333333333333 0.5883164062499999 0.35339166666666666 0.5887226562500001 0.34905833333333336 0.58791015625 0.3438208333333333 0.5839484374999999 0.34129305555555556 0.5753125 0.3407513888888889 0.5739921875 0.34562777777777776
2 0.640890625 0.5934805555555556 0.65050546875 0.5931208333333333 0.6506624999999999 0.5874041666666666 0.64995625 0.5819652777777777 0.64854453125 0.5804319444444445 0.64085703125 0.5812680555555555 0.6415625 0.5858708333333333 0.64164140625 0.5901930555555556
2 0.6815390625 0.3888069444444444 0.6826875 0.39372500000000005 0.6875515625 0.39414305555555557 0.6921015625 0.3933069444444444 0.695553125 0.39233055555555557 0.69421953125 0.3863347222222222 0.6929640625 0.38605555555555554 0.6906890625 0.38828611111111105
0 0.20859375 0.2111111111111111 0.20859375 0.2875 0.21328125 0.29583333333333334 0.22421875 0.3541666666666667 0.24375 0.4041666666666667 0.265625 0.4263888888888889 0.28125 0.42777777777777776 0.31953125 0.4513888888888889 0.34453125 0.4486111111111111 0.3609375 0.4361111111111111 0.3734375 0.41805555555555557 0.38515625 0.39305555555555555 0.4 0.3416666666666667 0.42274921875000004 0.3453569444444445 0.434325 0.3362972222222222 0.43802890625 0.2959361111111111 0.43386171874999996 0.27040277777777777 0.4232125 0.2629902777777778 0.403303125 0.26463749999999997 0.38828125 0.2013888888888889 0.371875 0.15555555555555556 0.359375 0.13055555555555556 0.33125 0.1125 0.3140625 0.10833333333333334 0.29296875 0.11666666666666667 0.27265625 0.14027777777777778 0.25703125 0.17083333333333334 0.22890625 0.1986111111111111 0.2140625 0.1986111111111111
0 0.0265625 0.5805555555555556 0.02578125 0.6388888888888888 0.028125 0.6569444444444444 0.034375 0.6680555555555555 0.06484375 0.6736111111111112 0.11171875 0.7694444444444445 0.13515625 0.7958333333333333 0.15546875 0.8055555555555556 0.18671875 0.8027777777777778 0.21484375 0.7791666666666667 0.23125 0.7527777777777778 0.246875 0.7138888888888889 0.25703125 0.6527777777777778 0.27109375 0.6388888888888888 0.290625 0.6388888888888888 0.2984375 0.6333333333333333 0.30546875 0.6083333333333333 0.30390625 0.5708333333333333 0.296875 0.55 0.2859375 0.5430555555555555 0.2609375 0.5416666666666666 0.2515625 0.525 0.23359375 0.4652777777777778 0.2203125 0.4388888888888889 0.19609375 0.4111111111111111 0.16875 0.4 0.1390625 0.40694444444444444 0.10859375 0.4388888888888889 0.0796875 0.49166666666666664 0.0640625 0.55 0.03828125 0.5625
0 0.4375 0.2833333333333333 0.43046875 0.35555555555555557 0.43359375 0.3819444444444444 0.4515625 0.42916666666666664 0.4734375 0.4513888888888889 0.503125 0.45694444444444443 0.5234375 0.4736111111111111 0.55 0.46944444444444444 0.5671875 0.4486111111111111 0.5765625 0.41805555555555557 0.577134375 0.40558472222222225 0.59105 0.4001888888888889 0.60167578125 0.3997388888888889 0.60471171875 0.3884958333333333 0.60218203125 0.3462208333333333 0.59585703125 0.33542777777777777 0.583459375 0.32958055555555554 0.571875 0.25972222222222224 0.56328125 0.23472222222222222 0.54609375 0.20555555555555555 0.534375 0.1986111111111111 0.5046875 0.20277777777777778 0.490625 0.22361111111111112 0.45390625 0.24722222222222223
0 0.32109375 0.55 0.32109375 0.6111111111111112 0.33984375 0.6777777777777778 0.3546875 0.7 0.3796875 0.7138888888888889 0.40390625 0.7416666666666667 0.42265625 0.7513888888888889 0.453125 0.7486111111111111 0.478125 0.7166666666666667 0.48828125 0.6916666666666667 0.4977203125 0.6574263888888888 0.5017679687500001 0.6221722222222222 0.52443359375 0.6156972222222222 0.52848125 0.6005888888888888 0.529290625 0.5710902777777778 0.52443359375 0.5495069444444444 0.5167437500000001 0.5466291666666666 0.49974375000000004 0.5437513888888889 0.4921875 0.5055555555555555 0.47890625 0.4652777777777778 0.4640625 0.44305555555555554 0.44765625 0.4305555555555556 0.41171875 0.43472222222222223 0.39140625 0.4583333333333333 0.35390625 0.4777777777777778 0.33359375 0.5097222222222222
0 0.515625 0.5361111111111111 0.5171875 0.5472222222222223 0.52578125 0.5513888888888889 0.5296875 0.6013888888888889 0.525 0.6125 0.51484375 0.6180555555555556 0.51328125 0.6277777777777778 0.51953125 0.6541666666666667 0.52890625 0.6736111111111112 0.54375 0.6861111111111111 0.559375 0.6875 0.58046875 0.7083333333333334 0.59140625 0.7111111111111111 0.6109375 0.7083333333333334 0.6234375 0.6930555555555555 0.6375 0.65 0.64383515625 0.6164166666666666 0.6547632812499999 0.6135388888888889 0.660025 0.6063444444444445 0.6596203125 0.5739680555555555 0.6575968750000001 0.5631763888888889 0.64262109375 0.5567013888888889 0.6359375 0.5152777777777777 0.62109375 0.4736111111111111 0.60859375 0.4638888888888889 0.58671875 0.4638888888888889 0.5609375 0.4875 0.54296875 0.4888888888888889 0.5296875 0.5
0 0.584375 0.3194444444444444 0.584375 0.33055555555555555 0.5875 0.3333333333333333 0.59243203125 0.3322291666666667 0.5989078125 0.3379847222222222 0.6029554687500001 0.3502152777777778 0.60376484375 0.3653236111111111 0.60546875 0.38472222222222224 0.60234375 0.39444444444444443 0.58125 0.3958333333333333 0.57745625 0.4149666666666667 0.58984375 0.45694444444444443 0.646875 0.49166666666666664 0.6640625 0.49166666666666664 0.67265625 0.4847222222222222 0.68984375 0.42777777777777776 0.7017140625 0.4279166666666667 0.70576171875 0.42216111111111115 0.7053570312499999 0.38403055555555554 0.6891671875000001 0.36676250000000005 0.68671875 0.34305555555555556 0.68188125 0.3149611111111111 0.671875 0.2902777777777778 0.6578125 0.2722222222222222 0.6390625 0.275 0.62734375 0.2902777777777778 0.5953125 0.30277777777777776
0 0.63984375 0.5208333333333334 0.64375 0.5583333333333333 0.6596203125 0.5610180555555555 0.6608343750000001 0.5818819444444444 0.6608343750000001 0.6113805555555556 0.64585859375 0.6171361111111111 0.6390625 0.65 0.6609375 0.6736111111111112 0.6734375 0.6694444444444444 0.69453125 0.6833333333333333 0.7125 0.6763888888888889 0.72578125 0.6430555555555556 0.72721328125 0.6092222222222222 0.740165625 0.6077833333333333 0.7429984375 0.5998694444444445 0.7405703124999999 0.5638958333333334 0.7312609375 0.5624569444444444 0.72578125 0.5277777777777778 0.715625 0.49444444444444446 0.70625 0.4847222222222222 0.684375 0.4861111111111111 0.64765625 0.5069444444444444
0 0.68828125 0.3472222222222222 0.68828125 0.36666666666666664 0.7061124999999999 0.38642638888888886 0.7061124999999999 0.43225555555555556 0.689690625 0.4328388888888889 0.68046875 0.47638888888888886 0.68515625 0.48333333333333334 0.71015625 0.4861111111111111 0.7265625 0.5055555555555555 0.73828125 0.5055555555555555 0.74765625 0.49722222222222223 0.75472109375 0.4754569444444445 0.757184375 0.4503527777777778 0.76802265625 0.44480694444444446 0.76654453125 0.40773472222222223 0.7576765625 0.4056916666666667 0.75625 0.39166666666666666 0.74921875 0.35 0.74140625 0.3333333333333333 0.73359375 0.3277777777777778 0.70078125 0.34305555555555556 0.6890625 0.3416666666666667
0 0.7234375 0.5083333333333333 0.73106953125 0.5615180555555556 0.74092265625 0.5635611111111112 0.74240078125 0.6058874999999999 0.72794921875 0.6114333333333334 0.72614296875 0.6415 0.74913359375 0.6487972222222222 0.75390625 0.6527777777777778 0.765625 0.65 0.7734375 0.6333333333333333 0.77705078125 0.6134777777777778 0.777871875 0.5874972222222222 0.78230546875 0.5880819444444444 0.78591796875 0.5802 0.78575390625 0.5542208333333333 0.7837835937500001 0.5501333333333334 0.7777070312500001 0.5475069444444445 0.77109375 0.5041666666666667 0.765625 0.4986111111111111 0.75703125 0.4986111111111111 0.73984375 0.5069444444444444
0 0.75530234375 0.37585416666666666 0.75767421875 0.4056277777777778 0.7671609375 0.40826250000000003 0.7681984374999999 0.4456763888888889 0.7572296875 0.4512097222222222 0.75625 0.4708333333333333 0.7527828125 0.4828277777777778 0.74655703125 0.4978458333333334 0.7708664062499999 0.4983736111111111 0.7796875 0.5027777777777778 0.7875 0.5041666666666667 0.79453125 0.4930555555555556 0.79651015625 0.48704305555555555 0.7976953124999999 0.4617486111111111 0.8030320312500001 0.4606944444444444 0.8048109374999999 0.4541083333333334 0.80510703125 0.4338194444444445 0.80392109375 0.42775972222222225 0.79843671875 0.42328055555555555 0.79296875 0.38472222222222224 0.784375 0.36666666666666664 0.778125 0.36666666666666664 0.77205234375 0.3750625
0 0.7876796875000001 0.8027777777777778 0.7876796875000001 0.8333333333333334 0.7939296875 0.8527777777777777 0.7975492187500001 0.8555069444444445 0.8074203125 0.8405125 0.81226640625 0.8405125 0.81136875 0.8481694444444444 0.8067023437499999 0.8612500000000001 0.8115484374999999 0.8622069444444445 0.81244609375 0.8778388888888888 0.81531796875 0.8800722222222223 0.8158562500000001 0.8893249999999999 0.8172921875 0.8976194444444444 0.8210609375000001 0.9004916666666667 0.82626640625 0.8985763888888889 0.826984375 0.8918777777777779 0.82447109375 0.8803916666666666 0.82501015625 0.8682680555555555 0.83021484375 0.8542305555555556 0.8345546875000001 0.8291666666666667 0.83739375 0.8028652777777777 0.8353359375 0.7638888888888888 0.828240625 0.7476722222222222 0.8330867187500001 0.7339527777777778 0.8338046875 0.723425 0.83021484375 0.7221486111111111 0.81908671875 0.738738888888889 0.8173671875 0.7583333333333333 0.7993984375000001 0.7625 0.7931484375 0.7694444444444445
0 0.7609375 0.925 0.76015625 0.95 0.76328125 0.975 0.78715546875 0.9875444444444444 0.7891296875 0.9986111111111111 0.8011546875000001 0.9986111111111111 0.8068984374999999 0.9811638888888888 0.8140625 0.9402777777777778 0.81640625 0.8972222222222223 0.81484375 0.8833333333333333 0.81171875 0.875 0.80632421875 0.869013888888889 0.80650390625 0.8604 0.8108117187499999 0.8498722222222223 0.8115296875 0.8409388888888889 0.8068625 0.8406194444444444 0.7946578125 0.8626333333333334 0.79393984375 0.8766708333333333 0.77421875 0.8819444444444444 0.76875 0.8902777777777777
0 0.58046875 0.8083333333333333 0.5796875 0.8236111111111111 0.5828125 0.8402777777777778 0.60703125 0.8625 0.615625 0.8680555555555556 0.62578125 0.8694444444444445 0.63046875 0.8666666666666667 0.6375 0.8541666666666666 0.63984375 0.7958333333333333 0.63671875 0.7861111111111111 0.6296875 0.7847222222222222 0.61875 0.7888888888888889
0 0.58046875 0.9125 0.578125 0.9458333333333333 0.5796875 0.9555555555555556 0.584375 0.9652777777777778 0.6125 0.9888888888888889 0.6234375 0.9875 0.634375 0.9708333333333333 0.63671875 0.9347222222222222 0.6359375 0.8847222222222222 0.61953125 0.8819444444444444 0.61328125 0.8861111111111111 0.5921875 0.8861111111111111 0.584375 0.9